ST	atpD	gapA	guaA	mutM	nuoD	ppsA	recA	clonal_complex
1	1	1	1	1	1	1	1	
2	1	1	12	3	28	7	1	
3	28	8	30	33	18	15	16	
4	1	4	7	7	28	19	6	
5	5	22	9	4	27	5	7	
6	5	4	29	4	25	21	19	
7	14	32	19	12	12	12	13	
8	3	4	18	3	7	20	1	
9	22	24	20	9	4	14	2	
10	6	18	27	18	21	9	20	
11	25	16	16	29	3	8	11	
12	15	33	31	13	13	13	14	
13	12	27	37	23	30	29	22	
14	17	23	23	16	26	5	6	
15	10	29	21	21	32	32	10	
16	32	6	38	10	10	10	29	
17	18	5	34	8	5	25	4	
18	20	25	11	17	4	2	2	
19	33	31	17	32	35	35	12	
20	16	9	32	20	20	9	18	
21	31	12	26	34	34	34	28	
22	7	7	6	11	11	11	30	
23	8	20	14	25	14	17	3	
24	9	21	28	26	15	18	3	
25	1	1	3	6	8	7	8	
26	1	1	4	1	6	4	1	
27	3	1	1	3	6	4	1	
28	4	3	2	5	9	6	9	
29	2	2	5	2	2	3	5	
30	19	5	8	8	5	26	4	
31	3	4	24	7	7	22	7	
32	11	30	15	22	33	31	10	
33	24	17	40	31	16	28	24	
34	30	10	10	14	23	23	26	
35	6	19	39	19	19	33	21	
36	27	13	36	27	22	16	17	
37	13	28	25	24	31	30	23	
38	29	11	22	15	24	24	27	
39	21	26	33	9	29	2	15	
40	26	14	13	28	3	8	11	
41	23	15	35	30	17	27	25	
42	34	34	41	35	36	36	31	
43	1	1	42	3	28	37	6	
44	1	35	43	36	7	38	6	
45	35	36	44	37	37	39	32	
46	36	37	45	4	38	42	30	
47	37	38	46	4	39	47	33	
48	38	39	47	4	40	43	34	
49	39	40	48	4	41	44	35	
50	40	41	49	38	42	41	36	
51	41	42	50	4	43	45	37	
52	42	43	51	4	44	46	38	
53	43	13	52	27	45	40	17	
54	44	44	53	9	46	48	39	
55	45	45	54	39	47	49	40	
56	46	46	55	40	48	50	41	
57	59	59	69	4	49	62	51	
58	47	47	56	4	50	51	42	
59	60	60	70	4	51	63	52	
60	61	61	72	43	52	64	53	
61	62	62	73	44	53	65	54	
62	48	58	57	41	54	52	43	
63	63	63	71	4	54	66	55	
64	49	48	58	4	34	53	44	
65	50	48	59	4	34	54	44	
66	51	49	60	4	55	55	47	
67	52	50	61	34	56	54	44	
68	53	51	62	4	10	56	45	
69	40	52	63	42	42	39	36	
70	54	53	64	4	57	57	46	
71	55	54	65	4	58	58	48	
72	56	55	66	4	59	59	49	
73	57	56	67	4	60	60	35	
74	58	57	68	4	11	61	50	
75	64	64	74	1	61	67	56	
76	2	65	75	45	62	68	5	
77	2	66	76	45	63	69	57	
78	1	4	18	46	8	70	58	
79	26	67	77	47	3	71	59	
80	65	18	78	18	64	72	20	
81	66	68	79	48	65	73	60	
82	9	20	80	49	66	74	61	
83	67	69	81	50	67	75	22	
84	3	1	82	3	25	4	62	
85	28	70	83	33	18	15	16	
86	68	1	84	51	7	76	6	
87	69	26	85	52	4	2	15	
88	70	1	86	53	6	77	19	
89	14	71	87	54	68	78	63	
90	16	72	88	55	69	79	64	
91	3	73	89	3	25	80	7	
92	1	1	82	3	1	1	1	
93	1	1	1	6	8	7	1	
94	71	74	90	56	2	3	5	
95	11	75	91	21	33	81	65	
96	3	4	43	3	7	20	1	
97	1	4	12	46	28	38	6	
98	13	69	15	23	30	29	22	
99	28	70	15	33	18	15	16	
100	1	1	1	3	6	7	1	
101	1	69	29	23	30	29	22	
102	1	4	1	46	25	19	7	
103	2	65	75	45	63	69	5	
104	5	4	91	4	25	21	7	
105	2	66	75	45	63	69	5	
106	8	20	57	45	14	17	3	
107	1	4	12	7	25	38	1	
108	1	1	14	46	7	7	6	
109	13	5	14	5	33	32	65	
110	26	1	2	46	25	80	6	
111	3	4	11	46	6	38	58	
112	13	27	14	23	30	29	22	
113	2	65	3	45	63	69	5	
114	3	4	18	1	7	20	1	
115	3	1	84	57	25	82	6	
116	3	1	84	58	25	82	6	
117	1	4	43	3	70	83	7	
118	2	2	93	59	63	69	5	
119	4	76	92	5	70	84	9	
120	3	4	18	3	7	20	66	
121	72	77	94	60	71	85	67	
122	73	78	95	61	72	86	68	
123	2	2	96	59	73	87	69	
124	74	79	97	62	74	88	70	
125	21	26	98	63	75	2	15	
126	6	18	99	18	76	89	20	
127	14	91	100	64	77	90	71	
128	16	80	101	65	20	91	72	
129	75	81	102	37	78	39	36	
130	19	82	103	66	5	92	4	
131	5	83	104	51	79	80	73	
132	76	84	105	67	80	93	74	
133	77	85	106	68	81	94	75	
134	11	75	107	61	82	31	22	
135	78	86	108	70	83	95	76	
136	79	87	109	71	84	96	77	
137	1	1	4	1	1	1	1	
138	4	22	82	5	70	6	1	
139	3	4	110	46	6	38	58	
140	4	22	111	5	70	6	9	
141	80	88	112	72	20	97	78	
142	80	89	43	73	72	98	79	
143	13	90	113	74	6	99	80	
144	1	4	12	3	25	38	1	
145	82	92	114	69	66	100	81	
146	83	22	115	75	26	5	58	
147	3	35	116	76	85	101	73	
148	1	1	117	3	79	83	82	
149	84	92	118	20	86	102	83	
150	85	85	119	77	4	103	75	
151	3	35	120	46	85	101	6	
152	86	93	121	78	87	104	84	
153	28	8	1	33	18	15	16	
154	18	5	28	8	5	26	4	
155	3	1	84	7	25	76	6	
156	8	28	14	25	14	17	3	
157	3	1	84	7	63	76	6	
158	3	73	87	3	7	38	8	
159	68	1	12	51	7	76	1	
160	8	20	24	25	14	17	3	
161	68	1	12	1	7	76	1	
162	1	1	4	3	6	4	1	
163	13	69	24	23	30	29	22	
164	1	4	18	46	25	19	58	
165	14	71	87	12	12	12	13	
166	1	4	1	3	9	38	7	
167	28	70	15	33	4	15	16	
168	8	20	14	25	14	18	3	
169	3	4	7	7	7	22	7	
170	4	22	82	5	9	6	1	
171	26	16	16	28	3	8	11	
172	5	94	122	79	70	105	85	
173	2	65	123	80	88	106	86	
174	70	1	82	53	6	77	19	
175	3	1	4	3	25	4	62	
176	4	76	105	5	70	84	9	
177	11	30	15	21	33	31	10	
178	1	1	18	6	1	4	6	
179	1	96	105	4	28	108	62	
180	22	26	20	9	4	14	2	
181	1	96	125	82	6	109	7	
182	89	95	124	81	90	107	87	
183	90	97	129	84	91	112	88	
184	91	98	126	83	92	110	89	
185	5	22	9	75	27	80	7	
186	13	99	127	83	89	111	80	
187	1	4	18	3	28	80	72	
188	92	4	128	57	25	20	90	
189	99	77	130	86	72	117	98	
190	3	73	132	57	79	77	99	
191	83	1	132	92	72	76	1	
192	13	69	131	91	30	121	22	
193	5	4	136	4	25	20	19	
194	30	10	10	14	23	20	26	
195	88	9	137	87	95	115	92	
196	3	104	138	46	7	38	6	
197	96	80	140	88	96	91	72	
198	83	35	139	57	79	19	7	
199	92	4	141	4	99	20	19	
200	84	107	142	93	69	120	100	
201	83	104	1	3	108	19	7	
202	5	4	143	7	25	116	103	
203	16	114	144	98	20	129	108	
204	85	85	145	100	4	130	75	
205	104	118	146	99	107	132	107	
206	1	4	153	51	109	134	109	
207	26	116	154	103	3	134	110	
208	4	76	155	5	70	84	9	
209	1	104	156	4	25	133	7	
210	26	115	157	101	110	135	111	
211	1	117	158	3	110	108	6	
212	4	22	159	5	70	6	9	
213	5	4	29	4	25	116	19	
214	17	4	23	16	26	5	6	
215	14	108	152	95	103	125	71	
216	14	102	160	96	77	126	104	
217	14	109	161	89	105	12	104	
218	105	112	162	104	102	127	105	
219	2	2	163	2	2	3	5	
220	98	105	135	90	98	114	96	
221	5	4	165	4	25	116	19	
222	3	96	166	4	25	136	6	
223	94	101	147	85	94	114	3	
224	93	100	93	59	63	69	94	
225	100	110	133	102	111	123	102	
226	13	99	149	83	89	111	93	
227	97	102	134	89	97	118	95	
228	2	2	150	80	100	119	97	
229	2	106	151	45	63	69	5	
230	50	103	167	34	34	54	91	
231	5	4	169	4	25	116	7	
232	95	77	148	86	71	117	67	
233	94	20	170	25	14	17	3	
234	1	117	158	3	104	124	106	
235	93	100	93	59	63	137	94	
236	13	120	177	110	112	140	22	
237	13	27	178	107	112	29	22	
238	106	121	179	108	14	17	116	
239	93	122	180	45	63	69	5	
240	107	123	181	109	66	141	3	
241	94	21	182	111	14	142	113	
242	107	20	183	113	14	17	3	
243	108	66	184	45	63	69	57	
244	101	111	171	94	101	122	101	
245	102	113	176	97	106	128	117	
246	1	117	158	3	104	108	6	
247	1	4	172	3	112	38	66	
248	1	119	173	4	26	138	112	
249	93	65	186	59	63	69	5	
250	3	73	174	105	28	108	99	
251	14	108	175	106	113	139	13	
252	13	124	187	112	6	144	118	
253	5	76	168	5	93	113	85	
254	10	125	185	21	33	32	114	
255	13	69	188	116	30	143	115	
256	72	126	189	114	114	146	119	
257	95	77	190	115	71	85	120	
258	3	4	191	3	28	145	7	
259	26	14	140	103	3	8	11	
260	95	77	192	86	33	147	121	
261	8	127	193	117	14	148	122	
262	3	96	194	118	25	38	6	
263	94	128	195	119	14	149	122	
264	21	4	97	4	25	134	6	
265	1	1	82	3	1	1	62	
266	109	129	196	120	115	150	123	
267	40	36	198	123	42	39	32	
268	40	36	200	124	118	41	32	
269	111	131	201	122	117	152	124	
270	110	130	199	121	116	151	126	
278	113	8	206	33	18	15	16	
279	114	122	180	45	63	69	5	
280	26	116	154	103	3	159	110	
281	3	73	212	105	124	158	99	
282	2	134	213	127	63	69	5	
283	73	132	204	61	72	86	68	
284	13	69	205	50	121	143	22	
285	89	8	203	126	120	153	127	
286	16	9	32	99	122	154	18	
287	18	82	230	66	5	162	4	
288	2	66	10	45	62	68	5	
289	13	133	209	23	30	29	22	
290	16	80	210	55	20	129	72	
291	94	20	170	25	66	17	3	
292	83	4	7	46	108	83	72	
293	2	134	214	45	73	69	128	
294	28	70	218	33	126	153	16	
295	4	138	219	79	70	6	9	
296	81	136	215	79	72	85	135	
297	4	76	221	5	9	20	9	
298	115	28	216	50	127	143	22	
299	6	139	222	18	76	160	20	
300	2	66	223	45	62	68	5	
301	13	28	149	50	121	143	22	
302	2	137	217	80	63	68	5	
303	20	25	231	9	75	2	15	
304	93	65	232	130	63	168	130	
305	5	83	234	51	79	80	73	
306	119	21	235	131	130	17	3	
307	120	8	236	126	4	163	131	
308	12	27	237	23	129	143	132	
309	122	143	239	129	14	141	134	
310	3	73	1	1	25	83	99	
311	1	1	240	3	6	4	1	
312	121	26	241	133	4	170	139	
313	14	102	245	132	113	169	138	
314	26	146	242	134	3	171	110	
315	2	100	246	45	132	68	5	
316	2	106	151	45	63	69	141	
317	1	96	248	36	133	82	6	
318	123	1	4	3	6	4	140	
319	13	90	249	83	6	172	142	
320	13	28	25	116	125	143	22	
321	93	2	225	45	73	68	128	
322	93	2	226	128	63	69	5	
323	13	28	227	24	128	143	22	
324	116	140	228	126	4	167	131	
325	13	133	209	23	30	161	22	
326	94	20	229	25	66	17	22	
327	13	77	202	23	119	155	22	
328	13	133	209	23	30	161	3	
329	2	141	233	80	63	68	5	
330	94	128	195	119	66	142	122	
331	13	133	208	107	30	29	22	
332	117	27	238	23	30	121	22	
333	83	1	207	3	123	156	1	
334	88	9	82	87	86	9	83	
335	26	16	16	29	3	8	11	
336	1	104	251	46	28	83	133	
337	88	9	137	87	86	9	83	
338	118	142	211	104	135	157	129	
339	14	147	253	96	12	174	143	
340	106	148	254	109	66	175	144	
341	124	149	255	137	29	176	145	
342	19	150	257	66	5	178	4	
343	126	8	258	138	4	179	131	
344	89	151	259	139	136	180	74	
345	127	152	260	140	137	79	146	
346	14	32	261	89	138	181	13	
347	88	9	262	87	86	9	83	
348	76	153	263	141	139	167	74	
349	118	111	252	136	135	173	147	
350	40	144	243	142	131	39	32	
351	27	13	244	27	22	16	17	
352	93	2	250	135	63	68	5	
353	5	4	82	4	25	20	19	
354	1	4	7	46	28	80	58	
355	128	70	264	33	4	15	148	
356	13	69	265	91	112	121	22	
357	1	4	266	143	140	20	109	
358	26	154	268	144	111	182	102	
359	6	19	267	19	19	33	20	
360	26	154	268	102	111	182	102	
361	112	155	269	21	33	81	65	
362	94	143	270	145	14	183	113	
363	83	35	7	46	88	83	133	
365	1	4	110	46	6	38	58	
366	16	80	272	147	141	120	72	
367	103	89	164	73	72	131	79	
368	131	55	283	152	143	187	151	
369	132	55	284	153	144	188	152	
370	133	158	285	154	145	189	153	
371	5	162	289	158	25	116	103	
372	134	159	286	155	146	190	154	
373	135	160	287	156	147	191	155	
374	136	161	288	157	148	192	156	
375	129	156	271	146	142	184	149	
376	95	28	316	60	71	198	162	
377	116	167	317	165	4	199	148	
378	28	8	318	33	18	200	158	
379	143	168	319	70	72	201	163	
380	2	65	297	45	63	69	5	
381	81	89	320	73	72	98	79	
382	72	77	321	166	71	202	67	
383	144	151	322	167	18	200	87	
384	4	1	315	5	9	76	9	
385	145	28	323	168	152	143	164	
386	13	35	25	24	30	143	22	
387	72	169	324	169	114	203	165	
388	13	28	25	24	30	143	22	
389	3	20	292	4	25	76	8	
390	81	170	325	73	72	204	135	
391	1	1	326	3	6	4	1	
392	3	104	292	105	25	76	99	
393	13	28	327	170	31	143	22	
394	13	120	328	171	121	140	22	
395	2	4	297	45	63	69	5	
396	146	28	329	171	121	143	22	
397	81	89	330	171	72	205	79	
398	81	89	330	172	72	205	79	
399	103	171	331	73	72	85	166	
400	3	104	332	105	153	108	99	
401	83	104	117	36	25	108	159	
402	147	172	333	173	154	206	22	
403	13	65	25	24	30	143	22	
404	2	28	214	56	63	68	5	
405	28	74	214	23	18	15	16	
406	13	28	335	24	30	143	22	
407	13	27	334	174	155	29	22	
408	1	4	336	3	25	38	1	
409	2	65	151	45	63	69	5	
410	4	22	159	5	9	6	9	
411	1	1	292	51	25	7	7	
412	113	8	295	33	18	15	16	
413	5	4	337	4	25	20	9	
414	13	136	330	45	33	104	1	
415	13	28	338	23	30	143	1	
416	2	65	225	2	2	69	5	
417	2	2	93	2	63	69	5	
418	3	175	340	3	7	19	70	
419	1	4	297	4	6	38	19	
420	3	4	296	4	25	22	1	
421	13	28	342	50	30	143	22	
422	2	2	298	2	2	3	5	
423	16	72	343	87	20	9	18	
424	11	75	344	70	33	81	99	
425	3	73	339	4	124	38	70	
426	3	4	326	7	124	88	70	
427	137	77	220	23	33	104	99	
428	13	98	204	70	89	111	99	
429	1	1	207	176	25	38	1	
430	21	8	341	176	4	15	16	
431	2	3	291	5	9	20	9	
432	3	1	214	1	6	37	1	
433	13	69	209	23	30	29	22	
434	3	4	292	4	25	76	70	
435	4	3	291	5	9	20	9	
436	2	65	186	2	63	69	5	
437	3	35	120	46	6	1	6	
438	13	77	94	70	33	32	99	
439	4	3	214	5	9	76	9	
440	5	4	345	7	25	116	19	
441	13	98	293	70	33	32	99	
442	2	2	225	45	63	68	5	
443	13	77	220	70	33	32	99	
444	28	173	290	33	4	15	16	
445	2	65	186	45	63	69	5	
446	1	1	294	36	25	38	6	
447	2	66	214	45	63	69	5	
448	5	4	296	7	25	21	19	
449	13	98	297	70	33	32	99	
450	21	8	151	33	18	15	16	
451	21	8	209	33	4	15	16	
452	21	173	214	33	18	15	16	
453	13	69	204	70	33	32	99	
454	19	5	214	8	5	26	4	
455	16	9	82	87	20	9	19	
456	2	66	299	45	63	69	5	
457	4	3	290	5	9	6	9	
458	28	8	300	23	4	15	16	
459	21	72	214	78	4	143	84	
460	26	34	290	175	4	207	80	
461	21	8	313	33	4	15	16	
462	1	1	117	6	28	38	1	
463	26	14	298	7	3	8	11	
464	3	1	294	46	25	38	70	
465	3	73	294	87	124	38	70	
466	21	8	110	176	4	15	16	
467	19	136	301	175	84	186	84	
468	3	73	132	7	124	77	70	
469	2	66	14	45	62	68	5	
470	13	174	298	70	33	104	99	
471	137	136	314	70	33	32	99	
472	69	17	85	52	4	2	15	
473	107	21	347	179	157	210	168	
474	148	176	346	178	156	209	167	
475	78	136	193	70	72	177	79	
476	78	136	108	70	72	177	135	
477	91	124	15	112	72	172	80	
478	3	4	326	7	124	77	8	
479	4	1	82	5	9	4	62	
480	73	69	14	5	72	85	162	
481	43	2	5	27	139	40	17	
482	8	1	82	3	124	4	62	
483	2	2	5	2	2	3	17	
484	1	24	304	45	7	38	73	
485	85	85	289	62	81	103	104	
486	151	181	355	183	159	208	171	
487	2	178	76	45	63	69	57	
488	10	27	353	23	30	212	98	
489	100	177	348	180	111	182	169	
490	149	179	349	181	3	8	170	
491	149	179	349	85	3	8	170	
492	116	8	350	33	158	211	158	
493	5	76	351	79	70	17	9	
494	13	28	352	182	128	143	22	
495	150	180	354	33	4	200	158	
496	94	20	229	25	14	17	3	
497	4	20	14	25	14	17	3	
498	130	157	273	148	139	186	74	
499	6	18	274	148	142	185	150	
500	1	4	18	3	28	80	133	
501	172	165	364	176	4	200	201	
502	1	4	7	7	28	19	93	
503	4	3	2	5	161	6	9	
504	26	204	371	102	162	123	102	
505	19	5	367	66	5	26	4	
506	174	8	370	209	18	200	16	
507	24	17	40	57	16	28	24	
508	9	21	28	7	15	18	3	
509	3	73	372	57	7	108	99	
510	1	1	365	3	6	156	1	
511	2	192	359	45	73	69	5	
512	13	99	374	83	92	111	93	
513	173	203	373	206	18	241	201	
514	15	102	366	89	160	242	210	
515	100	177	348	180	111	243	169	
516	6	205	368	207	20	244	18	
517	106	21	369	208	14	74	211	
518	26	207	377	181	3	245	11	
519	72	77	208	86	71	117	17	
520	13	27	168	50	67	230	22	
521	5	4	4	7	99	20	208	
522	1	143	140	143	140	133	207	
523	1	4	379	143	140	133	207	
524	10	29	21	2	32	32	10	
525	26	204	371	139	162	123	102	
526	77	85	106	210	81	94	75	
527	18	206	375	66	5	25	4	
528	89	95	376	211	18	200	87	
529	2	208	378	45	63	119	5	
530	13	2	178	107	112	29	22	
531	3	1	1	3	1	1	1	
532	83	35	7	3	7	19	6	
533	138	163	302	159	149	193	157	
534	138	164	302	159	149	193	157	
535	139	164	303	160	72	85	79	
536	142	166	99	164	20	208	161	
537	140	165	304	33	18	15	158	
538	141	65	305	45	63	197	5	
539	1	1	307	6	1	38	6	
540	1	1	306	36	108	194	6	
541	1	1	306	36	108	38	6	
542	1	1	12	161	28	7	1	
543	1	104	307	4	25	133	7	
544	1	4	12	57	25	195	159	
545	23	15	308	177	17	196	160	
546	4	76	309	5	9	6	9	
547	5	4	289	162	25	116	102	
548	50	48	312	163	151	53	44	
549	97	147	310	89	12	125	13	
550	83	96	248	36	133	82	6	
551	17	22	311	1	150	108	1	
552	13	214	397	216	121	143	22	
553	16	212	394	213	69	240	64	
554	2	66	76	214	63	69	57	
555	49	213	396	215	181	246	212	
556	2	209	395	45	63	3	5	
557	106	20	382	212	164	114	3	
558	50	12	412	220	151	54	44	
559	40	36	413	37	185	39	216	
560	180	224	414	221	35	253	12	
561	1	1	277	46	7	19	6	
562	5	4	282	7	25	247	208	
563	1	96	307	6	6	37	6	
564	13	172	399	50	121	121	22	
565	14	102	400	89	68	242	214	
566	74	217	403	218	87	88	215	
567	12	27	352	151	30	29	22	
568	28	8	218	33	126	200	16	
569	13	28	226	151	121	140	22	
570	177	215	415	100	183	130	75	
571	13	27	410	107	30	29	22	
572	89	167	317	223	4	200	158	
573	74	79	405	218	87	249	217	
574	3	219	406	105	186	108	99	
575	181	97	398	222	182	256	213	
576	179	218	404	224	12	250	13	
577	103	171	402	217	72	251	166	
578	13	223	411	83	184	257	194	
579	2	210	383	45	62	248	5	
580	178	216	401	45	63	248	128	
581	130	226	117	225	139	186	74	
582	94	220	407	119	14	252	134	
583	2	221	277	59	2	69	5	
584	2	222	408	45	63	168	5	
585	23	15	416	226	17	258	25	
586	182	88	417	72	20	97	219	
587	13	124	409	112	6	144	80	
588	76	227	418	67	80	186	220	
589	12	228	419	23	168	259	22	
590	26	229	268	102	111	182	102	
591	20	25	420	17	4	2	2	
592	181	97	398	222	182	254	213	
593	183	230	421	230	187	262	221	
594	179	218	404	219	12	250	13	
595	13	223	411	83	184	255	194	
596	16	211	394	213	69	240	64	
597	176	225	384	228	97	260	218	
598	84	80	380	229	163	261	209	
599	175	171	381	227	72	85	166	
600	20	26	11	17	4	2	2	
601	2	66	76	45	63	69	5	
602	14	231	477	231	188	263	222	
603	184	232	488	232	3	8	223	
605	103	136	483	73	72	131	79	
606	1	4	110	43	6	38	58	
608	83	96	277	3	7	83	6	
609	81	136	484	73	72	236	6	
611	170	200	485	203	180	237	204	
613	83	96	277	46	7	83	6	
615	13	182	469	21	33	216	194	
618	3	104	275	149	70	83	6	
619	1	4	275	3	25	219	174	
621	13	28	25	184	125	143	22	
623	4	76	276	5	70	76	9	
626	4	184	426	79	165	221	85	
627	139	180	385	70	72	222	176	
628	5	4	386	4	25	20	103	
631	4	76	428	5	70	113	9	
632	78	180	387	70	83	95	79	
634	3	35	367	46	109	19	177	
635	1	4	275	3	25	219	99	
639	14	32	430	54	68	78	104	
643	103	186	433	73	167	165	79	
644	9	187	434	187	66	114	178	
645	13	172	389	205	121	143	22	
646	2	188	390	188	63	119	179	
647	4	94	278	5	93	113	9	
648	13	27	358	23	30	29	22	
651	158	201	436	70	72	85	79	
655	73	69	358	61	72	215	67	
656	159	4	82	189	28	4	62	
657	4	184	291	5	93	113	9	
658	4	76	279	5	70	84	9	
659	13	27	358	23	168	29	22	
660	3	73	174	105	124	108	99	
663	4	76	279	5	170	84	9	
664	72	77	440	60	71	225	196	
665	4	76	279	5	128	84	9	
666	4	193	441	190	70	6	180	
667	13	28	280	151	121	140	22	
668	5	184	442	5	70	6	181	
669	72	77	208	115	71	117	202	
671	161	28	444	192	128	226	182	
672	162	177	445	193	111	123	183	
673	67	69	446	194	121	143	184	
674	4	76	276	5	70	227	185	
675	9	202	28	26	15	18	3	
677	4	76	276	5	70	5	85	
678	5	4	448	195	25	20	187	
679	163	96	449	196	163	228	188	
680	13	195	450	197	171	143	22	
681	164	76	451	5	70	227	189	
684	73	69	358	61	72	215	191	
685	13	69	281	116	30	143	115	
686	5	4	282	4	25	116	103	
687	1	1	454	57	25	76	192	
688	13	69	360	116	30	143	115	
689	73	69	358	61	72	85	67	
690	81	89	455	73	72	131	79	
692	81	89	456	73	72	98	79	
697	67	77	462	23	112	143	22	
698	13	69	463	200	121	143	22	
700	4	22	361	5	70	6	9	
703	13	99	149	83	89	111	198	
704	14	196	464	73	173	125	104	
705	13	27	168	50	174	230	22	
706	67	77	458	23	112	143	22	
708	5	4	448	4	25	20	187	
709	2	65	362	45	63	69	5	
710	1	1	454	57	25	76	66	
711	95	28	316	60	71	85	67	
713	165	198	460	201	175	231	199	
714	3	1	294	46	25	108	99	
716	13	199	360	24	128	143	22	
718	168	22	475	5	176	232	9	
720	169	3	474	79	70	17	9	
721	97	102	473	89	177	125	104	
731	4	94	466	5	70	6	9	
732	13	28	461	24	128	143	22	
734	139	89	468	73	72	95	79	
736	72	77	479	60	71	117	202	
737	3	73	212	57	70	82	6	
738	4	3	480	5	70	6	85	
742	26	14	489	28	3	8	11	
743	93	100	93	59	63	264	94	
744	108	65	490	233	189	265	224	
745	72	77	208	115	71	117	193	
747	185	233	491	234	182	266	225	
748	171	70	423	81	4	218	148	
749	152	136	424	70	72	85	135	
750	153	140	425	185	120	163	131	
752	154	70	427	186	120	223	148	
753	154	70	427	46	120	223	148	
754	152	136	424	145	72	85	135	
756	143	168	388	70	72	201	163	
757	81	180	432	73	72	177	135	
758	78	189	357	70	72	201	172	
759	87	190	435	70	72	165	173	
760	1	1	437	3	7	213	177	
761	89	68	438	81	90	163	16	
762	89	8	439	186	169	163	195	
763	81	136	447	73	72	177	186	
764	10	27	452	110	30	212	22	
766	81	89	455	73	72	131	135	
767	103	145	295	198	72	222	79	
768	95	77	457	199	172	29	162	
769	95	28	458	60	71	202	162	
770	3	73	326	6	25	38	7	
773	78	136	130	70	72	201	135	
774	143	138	363	70	72	201	163	
775	4	76	221	5	9	166	9	
777	139	89	471	73	72	177	136	
780	13	182	469	21	33	216	200	
781	139	89	468	73	72	177	136	
782	163	183	422	204	163	217	206	
783	89	95	393	139	18	200	87	
784	1	1	467	79	179	234	133	
785	166	70	478	202	120	163	201	
786	67	69	459	110	154	143	133	
787	12	136	424	70	72	85	135	
788	143	168	363	70	72	201	163	
789	13	28	476	170	154	143	175	
790	103	136	487	73	72	239	135	
791	4	76	276	150	70	76	9	
792	94	148	195	119	14	220	122	
793	155	185	429	145	14	224	3	
794	156	165	317	139	166	107	74	
795	13	28	356	170	31	143	175	
796	157	165	431	126	4	15	16	
797	3	1	7	7	7	19	7	
798	72	77	391	86	71	202	67	
799	137	191	392	73	72	177	79	
800	160	194	443	191	65	214	197	
801	120	8	453	126	4	163	190	
802	13	28	461	182	128	229	22	
803	67	69	459	194	154	143	184	
804	155	185	299	145	14	224	3	
805	95	77	321	166	71	117	202	
806	72	197	465	105	71	202	193	
807	120	8	317	126	18	167	131	
808	13	199	360	182	128	143	22	
809	83	4	7	46	28	83	133	
810	67	136	472	73	72	233	79	
811	67	69	463	194	178	143	133	
812	67	69	459	194	121	143	184	
813	120	8	470	185	4	163	148	
814	167	149	481	185	4	235	203	
815	106	20	482	212	164	114	3	
816	13	172	450	197	171	143	22	
817	95	77	486	166	71	238	205	
818	13	28	260	182	14	143	22	
819	116	165	124	176	4	163	201	
820	154	104	7	235	7	108	1	
821	4	76	441	5	9	6	9	
822	5	22	9	236	27	5	7	
823	186	96	492	3	7	83	226	
824	3	234	292	105	25	76	99	
825	13	235	493	21	33	216	200	
826	81	236	494	70	190	201	135	
827	187	237	495	237	86	219	227	
828	3	35	120	46	85	101	228	
829	3	73	166	105	186	108	99	
830	3	1	1	3	6	1	4	
831	93	100	93	59	63	4	94	
832	94	220	407	119	14	142	134	
833	4	21	276	150	70	76	9	
835	26	16	496	238	3	267	229	
836	1	238	497	5	70	6	9	
837	78	145	498	239	72	177	135	
838	93	65	499	45	63	69	230	
839	5	76	500	5	70	268	9	
840	13	69	501	182	171	143	22	
841	5	76	502	79	70	221	9	
842	188	239	503	240	191	269	231	
843	13	90	442	83	6	110	80	
844	83	4	7	46	108	83	133	
845	3	175	340	3	7	19	99	
846	10	27	329	107	30	29	22	
847	68	1	84	51	25	82	6	
848	93	122	508	244	63	69	5	
849	189	242	509	70	72	85	234	
850	94	20	229	25	14	220	3	
851	154	1	194	6	25	19	133	
852	13	241	512	243	121	121	184	
853	5	4	506	7	99	272	90	
854	95	77	504	60	71	271	232	
855	5	240	505	79	70	177	85	
856	154	122	507	245	192	273	235	
857	108	122	76	45	63	69	57	
858	5	76	510	5	70	268	9	
859	5	94	513	242	70	105	9	
860	190	122	511	241	193	270	236	
861	81	89	484	246	72	177	135	
862	23	15	514	247	17	196	160	
863	1	4	517	36	7	38	6	
864	3	104	518	105	25	108	99	
865	143	180	519	70	72	177	135	
866	67	245	229	250	121	276	22	
867	197	226	536	148	139	186	248	
868	14	109	544	262	105	242	71	
869	129	258	271	146	142	184	149	
870	26	115	545	263	203	71	249	
871	184	115	546	134	204	8	250	
872	198	146	547	103	204	159	110	
873	79	246	520	251	195	227	238	
874	139	186	521	73	72	131	79	
875	83	1	522	92	25	76	1	
876	192	8	523	67	4	200	16	
877	193	247	524	252	196	278	239	
878	10	27	525	23	30	279	22	
879	23	15	526	253	17	280	160	
880	88	9	82	87	69	120	83	
881	1	4	527	46	28	80	192	
882	3	73	528	3	124	80	7	
883	4	248	529	254	197	281	177	
884	194	249	530	255	198	282	240	
885	113	8	531	138	4	200	16	
886	1	1	4	36	79	38	1	
887	82	250	434	187	66	283	241	
888	3	73	339	105	28	19	194	
889	26	14	532	256	3	245	242	
890	3	73	212	105	124	108	99	
891	4	193	4	190	70	6	1	
892	97	102	533	96	199	284	104	
893	3	1	84	57	25	82	243	
894	1	4	534	7	70	38	177	
895	2	221	535	80	63	68	244	
896	3	73	536	3	124	80	7	
897	9	251	537	257	200	285	3	
898	4	252	466	5	70	6	85	
899	19	253	538	8	5	25	4	
900	10	27	539	107	30	212	245	
901	195	254	540	258	201	286	246	
902	120	8	541	259	4	167	131	
903	84	255	343	87	20	9	83	
904	196	256	542	260	202	287	247	
905	2	65	543	261	73	288	128	
906	3	257	84	57	25	82	6	
907	1	1	12	6	25	4	226	
908	3	104	332	105	25	108	99	
909	199	8	350	211	18	200	201	
910	110	259	549	264	206	289	251	
911	150	173	551	265	4	200	148	
912	77	85	548	100	81	94	75	
913	200	260	550	33	205	200	158	
914	83	4	326	46	108	83	133	
915	16	212	557	213	69	240	64	
916	16	212	367	213	69	240	64	
917	16	263	554	268	208	291	255	
918	3	1	558	3	25	4	62	
919	30	10	10	14	23	23	15	
920	202	262	555	267	207	23	253	
921	30	10	176	14	23	23	26	
922	201	261	553	266	210	290	252	
923	72	77	560	60	71	202	121	
924	76	226	561	225	139	186	74	
925	101	264	563	271	211	294	157	
926	13	28	564	116	212	143	22	
927	13	28	562	270	171	143	257	
928	1	1	326	3	25	295	1	
929	125	265	565	6	8	296	7	
930	2	122	556	269	213	292	128	
931	203	266	566	273	216	297	259	
932	89	70	568	272	215	223	201	
933	6	18	570	18	21	9	20	
934	72	77	321	166	71	85	67	
935	1	1	307	6	1	4	6	
936	13	269	572	276	218	298	261	
937	85	85	573	77	183	301	75	
938	147	27	574	277	155	29	22	
939	205	171	571	275	72	300	166	
940	193	267	567	278	214	302	258	
941	14	270	87	89	219	284	262	
942	204	268	569	274	217	299	260	
943	77	1	84	57	25	94	6	
944	89	8	278	81	4	200	70	
945	130	271	561	279	4	186	74	
946	206	272	576	4	25	116	208	
947	8	20	147	280	14	74	263	
948	1	4	336	51	25	38	1	
949	2	273	577	45	88	303	264	
950	72	197	578	60	71	304	121	
951	44	274	579	9	220	305	39	
952	2	122	556	269	213	306	128	
953	207	275	580	45	221	168	128	
954	5	94	122	79	70	105	9	
955	16	276	581	201	222	231	199	
956	5	4	582	281	99	272	7	
957	208	277	584	282	86	308	20	
958	120	8	541	283	4	167	131	
961	13	28	81	116	31	30	22	
962	154	4	590	57	163	19	174	
963	13	28	592	289	227	310	245	
964	202	281	593	267	228	23	273	
965	28	70	218	33	126	200	16	
966	112	75	585	61	82	31	65	
967	215	205	596	20	229	311	274	
968	4	76	587	5	70	309	9	
969	211	76	279	5	70	84	9	
970	13	28	586	197	171	143	22	
971	212	1	306	36	133	19	6	
972	213	22	594	5	70	6	267	
973	5	240	328	79	70	17	85	
974	1	4	82	3	28	4	62	
975	5	76	598	5	70	221	268	
976	3	1	336	3	7	317	1	
977	159	4	82	3	28	4	62	
978	4	76	466	5	70	221	271	
979	163	104	605	204	226	217	206	
980	72	279	324	284	114	312	165	
981	13	27	452	286	121	314	22	
982	13	28	595	197	128	143	22	
983	95	77	600	86	71	85	196	
984	67	69	459	194	154	318	184	
985	13	28	602	197	171	143	22	
986	13	28	25	288	125	143	22	
987	209	20	588	178	14	220	266	
988	9	21	591	26	15	18	3	
989	107	251	482	285	200	313	113	
990	214	20	599	109	224	220	269	
991	9	101	601	178	94	18	270	
992	210	278	589	83	72	177	135	
993	5	76	2	5	70	268	9	
994	14	102	597	89	12	125	214	
995	216	89	456	290	72	131	135	
996	1	1	307	6	28	4	6	
997	217	111	606	104	135	122	147	
998	13	69	168	50	230	230	22	
999	3	1	604	1	6	37	1	
1000	82	123	407	119	225	252	134	
1001	14	280	603	287	173	242	272	
1002	218	82	607	8	5	315	4	
1003	1	1	4	328	6	4	1	
1004	16	80	101	310	20	91	72	
1005	23	15	632	226	17	258	25	
1006	82	310	669	291	15	328	144	
1007	13	28	690	197	128	143	22	
1008	210	186	658	73	246	233	136	
1009	93	292	617	45	63	168	5	
1010	75	36	664	329	78	333	36	
1011	5	4	289	162	25	116	103	
1012	225	285	618	308	245	186	74	
1013	89	167	610	322	4	163	137	
1014	81	136	330	73	239	177	135	
1015	93	221	686	59	252	69	5	
1016	236	288	703	325	233	350	284	
1017	156	8	624	126	4	163	201	
1018	227	293	676	45	63	119	301	
1019	23	15	526	30	17	258	160	
1020	71	308	692	45	63	197	5	
1021	242	297	639	327	232	340	237	
1022	9	20	697	208	14	74	3	
1023	4	193	441	190	70	6	9	
1024	89	289	691	314	4	107	87	
1025	210	136	164	73	251	131	79	
1026	223	4	282	4	25	116	103	
1027	84	255	685	319	69	321	72	
1028	230	167	627	126	4	163	201	
1029	224	224	652	32	35	253	12	
1030	229	282	620	297	242	346	292	
1031	20	305	688	9	75	345	290	
1032	141	65	654	45	189	106	5	
1033	1	4	659	76	28	19	159	
1034	93	65	617	317	189	248	128	
1035	219	88	657	72	254	244	280	
1036	146	28	628	173	121	206	295	
1037	226	167	621	335	18	200	137	
1038	14	284	675	321	97	349	71	
1039	3	4	82	7	1	22	62	
1040	84	315	680	87	20	343	72	
1041	82	309	670	315	66	342	299	
1042	215	286	619	336	20	327	276	
1043	231	311	701	324	20	320	288	
1044	182	88	689	72	20	97	219	
1045	208	312	661	282	240	336	18	
1046	76	301	651	313	139	338	74	
1047	210	236	637	70	72	222	79	
1048	50	48	647	163	247	53	44	
1049	72	77	611	166	71	202	67	
1050	14	102	687	330	12	125	283	
1051	83	1	82	3	28	22	62	
1052	28	299	431	33	18	15	16	
1053	78	174	387	70	72	201	79	
1054	192	167	612	303	4	348	294	
1055	5	1	663	304	108	221	19	
1056	116	8	649	322	4	163	201	
1057	238	319	662	294	256	154	282	
1058	92	318	141	4	99	20	19	
1059	233	145	614	311	72	85	275	
1060	4	316	155	5	70	84	9	
1061	139	89	638	337	72	177	186	
1062	206	4	633	4	25	116	208	
1063	120	8	693	185	4	163	131	
1064	105	317	695	333	255	154	287	
1065	237	18	634	18	250	337	281	
1066	16	277	613	301	241	347	293	
1067	95	77	220	60	71	85	202	
1068	14	91	656	54	249	352	104	
1069	231	311	700	318	20	320	161	
1070	93	307	679	45	63	168	128	
1071	1	321	671	143	140	133	207	
1072	235	140	665	322	4	163	158	
1073	231	291	660	296	248	334	161	
1074	1	1	696	293	25	324	99	
1075	4	76	681	5	70	84	267	
1076	93	100	93	59	63	325	94	
1077	241	317	655	104	135	341	291	
1078	2	313	76	312	63	69	57	
1079	116	165	643	126	4	200	201	
1080	83	96	7	46	7	83	6	
1081	4	3	625	5	9	166	9	
1082	6	18	222	18	76	160	20	
1083	116	8	673	299	18	15	16	
1084	5	4	128	7	25	116	208	
1085	223	272	576	4	99	116	19	
1086	5	304	678	298	235	319	285	
1087	8	123	14	307	14	335	298	
1088	5	171	702	227	72	251	166	
1089	5	4	296	7	25	116	19	
1090	3	73	12	105	28	108	99	
1091	89	290	677	139	253	15	16	
1092	50	48	622	34	237	323	277	
1093	3	104	332	46	25	108	99	
1094	21	26	683	295	4	2	15	
1095	5	76	682	5	70	6	85	
1096	2	293	577	45	88	106	264	
1097	222	283	648	320	231	339	289	
1098	163	104	684	196	163	332	296	
1099	234	21	28	26	15	18	3	
1100	43	13	36	27	45	16	17	
1101	1	1	667	3	6	76	6	
1102	94	123	14	117	66	252	3	
1103	4	22	159	332	70	6	9	
1104	13	298	631	323	244	329	80	
1105	146	28	635	171	121	143	22	
1106	221	300	666	302	63	3	97	
1107	28	8	641	33	18	15	148	
1108	228	302	642	316	20	316	286	
1109	16	80	630	65	236	330	108	
1110	4	3	636	190	70	6	233	
1111	78	294	616	306	72	331	79	
1112	28	8	218	33	18	15	16	
1113	50	296	623	309	34	54	44	
1114	232	314	668	48	65	351	279	
1115	81	295	609	73	72	131	135	
1116	239	26	608	295	4	344	15	
1117	142	303	640	292	20	320	161	
1118	146	172	694	173	243	206	22	
1119	113	167	629	176	4	163	158	
1120	14	102	626	326	238	125	297	
1121	120	306	650	126	4	163	131	
1122	1	4	7	7	28	326	6	
1123	233	174	698	70	72	201	79	
1124	116	165	615	176	4	348	201	
1125	78	86	108	70	83	222	76	
1126	120	8	653	126	4	167	131	
1127	3	4	699	300	6	38	58	
1128	28	290	124	81	18	15	16	
1129	83	35	7	46	28	83	133	
1130	1	1	704	92	109	108	1	
1131	1	1	705	57	124	82	174	
1132	1	1	706	46	6	353	226	
1133	5	240	708	5	70	17	85	
1134	4	76	709	5	70	6	85	
1135	13	69	711	339	121	276	22	
1136	72	322	714	342	114	312	165	
1137	13	69	715	343	121	276	22	
1138	161	28	356	344	171	143	257	
1139	13	324	717	170	31	30	22	
1140	67	325	718	194	154	143	184	
1141	2	323	716	261	63	106	128	
1142	243	8	710	338	4	163	302	
1143	87	190	325	70	72	85	173	
1144	103	89	720	73	167	356	305	
1145	78	145	478	340	72	201	135	
1146	139	295	358	341	72	177	79	
1147	78	180	712	70	72	354	303	
1148	103	89	713	73	72	131	79	
1149	81	89	164	73	72	98	79	
1150	16	198	707	201	259	231	199	
1151	14	326	719	345	12	355	304	
1152	244	27	721	107	30	29	22	
1153	139	327	722	346	72	357	79	
1154	71	221	723	45	63	106	130	
1155	116	165	724	33	18	15	158	
1156	89	328	726	81	4	200	16	
1157	245	329	725	126	139	186	74	
1158	246	330	727	347	260	358	306	
1159	143	190	728	70	72	85	79	
1160	89	8	730	348	4	163	308	
1161	81	170	149	73	72	98	135	
1162	107	21	739	178	200	17	3	
1163	72	334	356	352	114	146	165	
1164	120	8	541	126	4	167	131	
1165	13	199	743	182	128	143	22	
1166	248	28	753	344	171	30	22	
1167	13	69	205	91	121	143	22	
1168	154	338	758	245	268	367	235	
1169	78	180	733	70	72	361	173	
1170	13	28	737	344	263	143	22	
1171	233	335	742	353	72	85	135	
1172	13	336	743	197	128	143	22	
1173	4	1	82	79	1	1	1	
1174	13	27	757	107	30	212	22	
1175	2	332	731	261	63	168	5	
1176	210	174	298	70	72	177	186	
1177	95	77	740	60	71	117	121	
1178	81	136	749	356	72	131	135	
1179	78	145	741	351	72	85	135	
1180	72	337	745	354	172	202	202	
1181	89	8	279	357	4	366	195	
1182	78	180	388	70	72	201	163	
1183	88	9	729	20	236	359	307	
1184	107	21	732	349	261	360	309	
1185	26	339	735	358	262	362	25	
1186	233	333	734	70	72	177	186	
1187	99	69	744	166	72	117	311	
1188	5	76	746	5	70	221	9	
1189	13	28	747	344	265	143	22	
1190	3	4	232	3	25	83	6	
1191	72	77	748	355	71	117	67	
1192	13	28	747	60	31	364	22	
1193	247	21	751	187	266	114	3	
1194	249	8	754	185	267	365	131	
1195	13	28	755	344	31	143	22	
1196	13	28	756	197	128	143	22	
1197	6	80	105	87	20	79	18	
1198	13	28	738	350	264	30	22	
1199	1	104	228	73	6	83	99	
1200	6	18	232	18	64	33	20	
1201	83	1	7	3	28	22	133	
1202	85	85	106	77	87	130	75	
1203	6	18	232	18	21	9	20	
1204	16	80	97	87	20	120	72	
1205	116	8	57	126	4	167	131	
1206	40	81	140	37	86	39	36	
1207	86	72	121	78	69	79	84	
1208	3	22	249	51	124	67	112	
1209	95	28	190	86	71	202	202	
1210	13	63	269	290	264	121	22	
1211	84	80	680	87	20	343	72	
1212	107	20	181	109	66	141	3	
1213	89	165	624	126	18	200	201	
1214	2	192	750	45	63	69	5	
1215	3	4	699	46	6	38	58	
1216	1	4	752	6	6	4	312	
1217	143	180	759	360	72	201	135	
1218	4	184	760	5	70	6	85	
1219	103	89	295	73	72	368	135	
1220	143	180	761	70	72	361	173	
1221	3	4	110	46	270	38	58	
1222	251	1	4	361	6	4	1	
1223	1	1	762	51	25	83	1	
1224	5	83	763	51	79	80	73	
1225	252	102	764	96	271	250	313	
1226	181	340	765	362	182	369	314	
1227	93	341	180	45	63	69	5	
1228	250	331	736	359	269	363	310	
1229	89	165	766	202	4	200	16	
1230	67	28	767	216	121	370	22	
1231	103	136	768	363	167	131	136	
1232	83	1	7	3	28	22	177	
1233	3	104	12	4	25	108	99	
1234	14	345	772	365	273	125	317	
1235	154	4	774	6	28	108	226	
1236	3	1	84	57	275	82	319	
1237	13	348	776	50	277	121	184	
1238	255	349	777	148	80	186	74	
1239	84	72	778	93	69	375	72	
1240	13	90	113	83	278	172	321	
1241	1	104	292	368	6	83	226	
1242	3	350	779	369	186	376	322	
1243	4	73	780	46	7	317	99	
1244	72	77	321	370	71	143	121	
1245	16	303	630	65	236	330	108	
1246	127	255	260	140	240	377	323	
1247	26	115	781	331	258	71	249	
1248	253	343	771	364	272	371	316	
1249	3	1	82	3	25	372	62	
1250	172	70	769	322	18	199	16	
1251	13	172	782	91	121	121	22	
1252	89	165	624	126	18	163	201	
1253	88	9	82	7	86	9	83	
1254	5	351	156	371	8	5	324	
1255	256	9	784	372	20	378	325	
1256	5	3	2	5	70	221	9	
1257	85	85	573	77	4	301	75	
1258	103	186	785	373	72	356	305	
1259	67	120	205	110	112	29	22	
1260	1	104	212	46	6	317	226	
1261	13	352	786	112	279	144	326	
1262	276	199	352	182	128	143	22	
1263	277	226	855	401	4	199	16	
1264	13	223	787	83	92	144	89	
1265	14	360	856	89	97	260	354	
1266	23	353	788	374	280	280	327	
1267	161	28	789	344	265	143	22	
1268	257	147	790	375	219	125	328	
1269	258	115	791	263	203	71	329	
1270	259	354	575	376	281	379	330	
1271	12	355	792	107	30	29	22	
1272	260	356	793	378	282	380	331	
1273	13	28	794	151	121	381	22	
1274	1	96	795	4	28	108	62	
1275	4	76	709	79	70	6	85	
1276	83	1	7	92	25	408	133	
1277	4	3	857	5	70	76	9	
1278	5	76	858	5	70	268	9	
1279	4	35	1	57	7	317	99	
1280	13	99	149	83	92	409	198	
1281	5	22	9	75	27	382	7	
1282	83	4	7	46	28	22	177	
1283	13	28	860	151	121	140	22	
1284	2	308	692	45	63	410	130	
1285	93	372	861	45	63	69	5	
1286	1	1	12	3	28	383	1	
1287	13	99	127	83	89	111	198	
1288	13	27	862	23	30	29	22	
1289	210	136	859	73	72	414	79	
1290	4	3	291	5	70	221	9	
1291	4	184	500	5	70	221	85	
1292	5	3	779	79	70	84	9	
1293	116	167	863	165	4	199	148	
1294	278	180	864	175	299	207	355	
1295	78	190	865	70	72	95	79	
1296	103	136	866	73	72	164	79	
1297	40	36	796	72	118	39	36	
1298	74	357	797	379	283	384	332	
1299	261	358	798	380	244	385	198	
1300	262	359	799	381	36	386	333	
1301	206	4	800	4	25	387	208	
1302	3	1	867	6	1	411	356	
1303	77	85	868	68	81	94	75	
1304	83	104	801	6	25	19	1	
1305	3	175	340	3	7	19	334	
1306	3	35	803	46	124	388	177	
1307	91	298	804	83	244	111	198	
1308	13	90	805	382	92	172	335	
1309	13	361	806	51	26	221	7	
1310	3	96	590	57	8	317	7	
1311	4	76	513	5	93	113	85	
1312	154	362	807	245	192	273	235	
1313	263	363	808	383	285	390	336	
1314	139	89	638	73	72	165	79	
1315	264	364	462	61	112	155	337	
1316	5	365	810	4	25	272	7	
1317	265	366	811	384	286	391	338	
1318	3	104	812	293	124	82	58	
1319	110	259	813	264	116	289	251	
1320	222	367	814	385	287	392	339	
1321	266	368	815	386	288	393	88	
1322	3	73	816	57	124	82	99	
1323	1	104	817	4	25	133	7	
1324	154	4	110	7	28	108	6	
1325	40	81	818	37	205	39	36	
1326	13	27	819	23	30	29	22	
1327	14	375	869	12	291	250	357	
1328	65	369	820	18	64	394	20	
1329	79	370	821	387	107	395	340	
1330	26	14	822	28	3	8	11	
1331	4	76	291	388	70	113	9	
1332	12	69	333	277	30	396	22	
1333	1	4	812	3	28	397	58	
1334	154	338	507	245	192	273	235	
1335	78	89	295	73	72	239	135	
1336	1	1	4	1	6	4	341	
1337	267	69	823	389	30	276	22	
1338	268	317	824	333	255	398	342	
1339	4	371	4	190	70	6	1	
1340	91	298	825	323	244	172	343	
1341	3	4	826	390	25	83	6	
1342	4	76	474	79	70	399	9	
1343	72	77	870	86	172	202	202	
1344	3	1	827	3	6	156	226	
1345	269	77	828	391	71	85	121	
1346	4	4	138	51	25	195	344	
1347	1	96	2	51	7	82	7	
1348	3	104	829	3	6	317	226	
1349	4	252	830	5	70	6	85	
1350	116	173	871	33	4	15	158	
1351	279	180	872	402	72	412	79	
1352	3	373	24	7	7	22	7	
1353	83	4	7	4	108	83	133	
1354	13	28	352	182	114	413	22	
1355	85	85	106	77	301	415	75	
1356	12	27	831	23	30	212	22	
1357	4	22	874	5	70	6	85	
1358	1	1	18	3	1	4	6	
1359	20	26	832	133	289	14	2	
1360	3	1	367	46	153	19	177	
1361	1	96	82	149	28	5	226	
1362	3	104	833	3	25	38	99	
1363	1	1	307	6	1	38	1	
1364	23	15	526	253	17	196	160	
1365	3	4	873	3	25	38	226	
1366	3	35	367	46	124	19	177	
1367	2	222	876	45	63	69	5	
1368	13	385	875	184	171	143	22	
1369	21	26	834	392	290	14	139	
1370	6	374	835	393	64	400	345	
1371	14	375	836	12	291	250	13	
1372	2	383	878	45	63	69	5	
1373	1	35	879	36	7	38	6	
1374	281	152	877	72	20	416	358	
1375	2	384	93	403	73	69	5	
1376	3	4	18	3	7	20	192	
1377	13	28	837	394	292	143	22	
1378	12	69	880	23	30	417	22	
1379	68	1	12	1	7	76	346	
1380	14	102	160	89	97	401	71	
1381	3	104	294	105	25	108	99	
1382	95	77	882	86	71	85	196	
1383	148	176	347	179	157	210	168	
1384	83	4	7	46	28	38	133	
1385	14	102	838	89	12	125	214	
1386	3	1	659	57	7	19	6	
1387	93	292	883	45	63	168	5	
1388	280	359	134	404	300	367	333	
1389	89	8	350	202	302	200	74	
1390	1	96	277	46	79	82	6	
1391	6	18	881	18	142	418	20	
1392	172	8	884	139	4	419	16	
1393	103	186	319	73	167	165	79	
1394	1	117	158	3	104	108	359	
1395	44	379	885	9	46	420	360	
1396	4	3	291	5	93	4	9	
1410	270	376	839	395	103	402	347	
1411	23	15	840	226	17	196	160	
1412	271	377	841	71	293	403	348	
1413	13	378	842	74	294	404	198	
1414	1	4	7	3	28	22	177	
1415	14	91	310	95	77	125	13	
1416	1	35	843	6	28	108	6	
1417	3	373	24	7	1	1	7	
1418	5	4	844	4	25	116	19	
1419	3	1	84	396	25	82	6	
1420	1	4	326	76	28	83	7	
1421	5	4	845	4	99	116	103	
1422	1	4	812	46	112	38	58	
1423	1	96	194	397	25	83	7	
1424	1	22	846	4	295	108	159	
1426	5	76	847	79	70	309	349	
1427	5	4	337	4	25	20	90	
1430	4	22	82	5	8	70	1	
1431	1	1	848	3	6	76	6	
1432	83	1	7	46	28	4	133	
1433	14	375	849	398	97	242	350	
1434	44	379	850	9	296	405	39	
1435	272	380	851	399	297	406	351	
1438	273	381	852	27	45	16	17	
1439	274	262	853	267	207	23	253	
1440	79	246	520	251	195	277	238	
1441	275	382	854	400	298	407	352	
1442	3	22	583	51	223	307	112	
1444	14	102	626	231	97	125	353	
