ST	dnaA	gltX	gpsA	gyrB	pta2	tdk	tkt	clonal_complex
1	1	1	2	1	2	3	4	
2	1	1	3	3	2	3	1	
3	1	1	3	3	5	3	1	
4	1	1	3	13	2	15	1	
5	1	2	1	2	2	1	2	
6	1	2	1	2	5	1	2	
7	1	2	1	3	5	1	3	
8	1	2	1	4	5	1	3	
9	1	2	1	5	5	2	3	
10	1	2	1	23	5	1	3	
11	1	2	3	3	2	3	2	
12	1	2	4	2	1	3	2	
13	1	2	15	2	1	3	2	
14	1	3	1	3	2	2	3	
15	1	3	1	3	5	2	4	
16	1	3	2	3	5	3	4	
17	1	3	2	3	5	3	6	
18	1	3	2	5	5	3	4	
19	1	3	3	3	2	3	1	
20	1	3	3	3	2	3	4	
21	1	3	3	3	2	3	6	
22	1	3	3	3	2	3	19	
23	1	3	3	3	3	3	4	
24	1	3	3	3	4	3	4	
25	1	3	3	3	5	2	4	
26	1	3	3	3	5	3	3	
27	1	3	3	3	5	3	4	
28	1	3	3	3	5	12	3	
29	1	3	3	5	2	2	3	
30	1	3	3	5	2	2	4	
31	1	3	3	5	20	2	3	
32	1	3	3	5	22	2	3	
33	1	3	3	11	5	3	4	
34	1	3	3	19	2	2	4	
35	1	3	3	24	2	3	6	
36	1	13	2	3	5	3	4	
37	1	14	14	11	5	13	21	
38	1	16	6	5	21	2	4	
39	1	17	1	2	5	1	2	
40	2	1	3	3	2	3	1	
41	3	3	2	3	5	3	6	
42	3	3	2	3	15	3	6	
43	4	8	2	1	2	3	4	
44	5	1	4	13	2	2	10	
45	5	1	4	13	2	3	10	
46	5	1	4	25	2	3	10	
47	5	1	4	27	2	2	10	
48	5	2	2	3	5	3	4	
49	5	3	1	3	5	3	24	
50	5	3	2	3	2	3	6	
51	5	3	2	3	5	2	4	
52	5	3	2	3	5	3	4	
53	5	3	2	3	5	4	4	
54	5	3	2	3	17	3	4	
55	5	3	2	5	5	3	11	
56	5	3	2	12	5	3	4	
57	5	3	2	13	5	3	4	
58	5	3	2	22	5	3	4	
59	5	3	2	26	5	3	4	
60	5	3	3	3	2	3	4	
61	5	3	3	3	2	3	28	
62	5	3	3	3	4	3	4	
63	5	3	3	3	5	3	4	
64	5	3	3	3	5	3	6	
65	5	3	3	13	5	3	4	
66	5	3	4	3	5	3	4	
67	5	3	4	13	2	3	4	
68	5	3	4	13	2	3	27	
69	5	3	4	13	8	3	10	
70	5	3	9	13	5	3	4	
71	5	3	10	3	5	2	4	
72	5	5	2	3	5	3	4	
73	5	16	6	21	5	10	23	
74	6	3	3	3	4	3	4	
75	7	2	3	3	8	9	10	
76	7	3	2	3	5	3	4	
77	7	3	2	3	5	17	4	
78	7	3	2	18	5	3	4	
79	7	3	16	3	5	3	4	
80	8	2	3	3	5	3	4	
81	9	3	2	20	5	3	4	
82	9	14	6	20	18	10	21	
83	10	15	13	21	19	11	22	
84	11	2	1	11	21	13	3	
85	11	2	1	11	21	14	3	
86	11	3	14	11	5	3	4	
87	12	3	2	3	5	3	4	
88	13	18	17	28	24	18	29	
89	5	3	6	13	21	6	10	
90	5	3	2	3	5	7	4	
91	1	1	1	3	2	3	3	
92	1	1	1	3	2	3	6	
93	1	1	1	3	5	3	3	
94	1	2	4	2	1	7	2	
95	1	3	1	3	2	1	6	
96	1	3	1	3	2	3	6	
97	1	3	3	1	2	3	1	
98	1	3	3	1	2	3	6	
99	1	3	3	3	1	3	6	
100	1	3	3	3	2	3	3	
101	1	3	3	3	2	3	13	
102	1	3	3	3	2	3	15	
103	1	3	3	3	2	3	26	
104	1	3	3	3	10	3	6	
105	1	3	3	3	12	3	6	
106	1	3	3	3	23	3	25	
107	1	3	3	15	2	3	1	
108	1	3	8	1	2	3	1	
109	1	10	1	1	5	3	3	
110	1	11	4	2	1	3	14	
111	4	1	3	1	2	3	1	
112	4	1	3	1	13	3	1	
113	5	1	2	3	11	3	3	
114	5	1	3	3	2	3	1	
115	5	9	2	3	2	3	4	
116	17	1	3	1	2	3	1	
117	14	1	3	1	2	3	1	
118	15	2	4	2	1	3	2	
119	16	1	3	1	2	3	1	
120	17	1	3	1	2	3	6	
121	5	1	3	1	2	3	1	
122	1	3	3	3	5	3	6	
123	4	3	3	3	2	3	6	
124	4	3	3	29	2	3	6	
125	5	3	2	3	2	3	4	
126	5	19	2	3	5	3	4	
127	18	1	3	1	2	8	1	
128	1	3	3	2	2	3	6	
129	1	2	3	3	25	3	2	
130	1	3	3	30	5	3	6	
131	19	3	3	3	2	3	1	
132	1	2	18	2	1	3	2	
133	1	2	4	2	1	19	2	
134	1	3	3	3	2	3	30	
135	1	3	3	3	2	20	6	
136	1	4	3	5	2	2	3	
137	19	3	3	3	2	3	6	
138	1	2	1	5	5	2	4	
139	1	3	3	3	27	3	3	
140	1	3	3	3	26	3	31	
141	20	3	19	31	2	3	6	
142	1	3	2	3	5	3	3	
143	1	3	2	3	2	3	4	
144	1	3	3	1	28	3	3	
145	5	1	1	3	2	3	6	
146	21	3	3	3	2	3	3	
147	1	3	3	3	2	21	3	
148	1	3	3	1	2	3	3	
149	5	1	4	13	2	3	4	
150	1	3	3	3	2	2	4	
151	1	3	3	3	2	22	4	
152	5	1	4	13	2	3	32	
153	1	3	3	3	2	2	33	
154	22	1	4	13	2	3	10	
155	1	3	3	3	5	3	34	
156	1	10	3	3	2	3	6	
157	23	3	3	1	2	3	35	
158	1	2	3	3	2	3	1	
159	1	3	3	3	2	3	36	
160	5	3	1	3	2	3	1	
161	1	3	3	3	29	23	37	
162	4	1	3	1	30	3	1	
163	1	1	3	3	2	3	6	
164	5	1	3	3	2	24	4	
165	5	3	3	3	2	3	3	
166	1	3	3	1	2	2	3	
167	1	3	3	3	31	3	3	
168	1	3	3	3	26	3	3	
169	1	3	3	5	2	3	1	
170	1	1	3	5	2	3	1	
171	1	1	3	13	2	3	1	
172	1	1	3	13	2	3	3	
173	1	3	3	5	2	3	6	
174	1	3	3	3	5	2	6	
175	1	3	3	3	5	3	2	
176	1	3	3	5	2	2	6	
177	1	3	3	5	5	2	3	
178	1	2	3	2	5	2	2	
179	1	2	1	2	5	3	2	
180	1	2	1	2	5	1	3	
181	1	3	3	3	31	3	6	
182	1	3	3	3	2	1	6	
183	1	3	3	33	2	2	3	
184	1	2	1	32	5	1	3	
185	1	3	21	5	2	2	3	
186	1	3	20	3	2	3	6	
187	1	20	3	3	2	15	6	
188	26	2	1	4	5	1	3	
189	25	3	3	5	2	2	3	
190	24	3	3	3	5	3	6	
191	5	3	4	3	2	3	4	
192	4	3	4	1	5	3	4	
193	1	3	1	3	1	3	4	
194	5	3	3	13	2	3	10	
195	1	1	3	5	2	3	3	
196	1	3	3	5	2	3	3	
197	1	3	3	5	32	2	3	
198	1	1	3	34	2	3	3	
199	4	1	3	1	2	3	3	
200	5	3	2	3	4	3	4	
201	11	20	6	13	21	6	10	
202	7	3	4	13	5	13	10	
203	2	3	3	3	33	3	3	
204	3	3	3	5	2	2	2	
205	1	2	1	2	34	3	2	
206	1	3	3	8	2	3	6	
207	1	3	1	4	5	3	3	
208	1	3	3	4	5	3	3	
209	1	3	3	3	2	16	6	
210	27	1	2	3	5	3	4	
211	5	1	2	3	5	3	4	
212	5	3	2	3	5	3	3	
213	5	3	2	3	5	1	4	
214	5	3	2	3	2	3	3	
215	1	3	3	35	2	3	3	
216	5	2	3	3	5	3	4	
217	1	3	3	36	5	1	3	
218	1	3	22	3	2	3	6	
219	19	3	3	3	2	3	3	
220	1	3	3	1	2	3	31	
221	1	3	2	3	2	3	3	
222	28	3	3	5	35	2	3	
223	28	3	3	5	2	2	3	
224	1	3	1	37	2	3	38	
225	1	3	1	3	2	3	38	
226	1	3	23	3	2	3	6	
227	17	3	3	1	2	2	39	
228	5	2	2	38	5	3	1	
229	1	3	3	39	5	3	4	
230	1	3	3	3	2	25	3	
231	1	3	3	3	2	3	40	
232	1	3	3	3	2	3	41	
233	5	3	2	40	2	3	4	
234	1	2	4	7	1	3	2	
235	1	1	3	5	2	15	1	
236	5	3	3	3	15	3	4	
237	5	1	4	13	5	3	10	
238	5	3	3	3	15	3	10	
239	1	2	3	3	5	3	4	
240	1	3	24	3	2	3	1	
241	1	3	3	1	5	3	31	
242	1	3	1	5	2	2	3	
243	17	3	3	1	2	3	3	
244	5	3	5	3	5	3	4	
245	1	3	3	3	2	3	2	
246	1	3	3	5	5	3	2	
247	1	1	3	5	2	2	3	
248	1	1	3	2	2	3	3	
249	30	3	3	3	2	3	6	
250	29	3	3	3	2	3	6	
251	1	3	3	3	2	26	6	
252	1	22	3	3	2	3	6	
253	31	3	3	3	2	3	6	
254	1	3	3	3	36	3	6	
255	1	3	3	3	2	3	42	
256	32	3	3	3	2	3	6	
257	1	3	26	3	2	3	6	
258	1	3	25	3	2	3	6	
259	33	21	3	3	2	3	6	
260	1	3	3	3	37	3	6	
261	5	24	2	3	5	3	4	
262	1	23	3	3	2	3	6	
263	1	3	27	37	2	3	38	
264	1	3	3	3	2	27	6	
265	34	3	3	5	2	2	3	
266	1	3	1	41	2	3	38	
267	1	3	3	3	2	3	31	
268	1	3	1	3	39	2	3	
269	1	3	3	3	5	3	44	
270	1	3	3	37	2	3	6	
271	35	25	30	43	38	28	43	
272	1	3	29	3	2	3	6	
273	1	21	3	3	2	3	6	
274	35	26	30	43	38	28	43	
275	36	6	31	42	40	5	45	
276	37	14	6	44	41	10	46	
277	1	1	3	3	2	3	31	
278	1	1	1	13	2	2	1	
279	1	1	3	13	2	2	1	
280	1	3	3	5	2	29	6	
281	1	3	1	5	2	1	3	
282	1	1	1	13	2	15	1	
283	38	3	3	3	2	30	6	
284	5	3	3	3	2	3	1	
285	5	1	1	3	2	1	4	
286	39	3	3	3	2	3	3	
287	5	3	2	19	5	3	4	
288	1	3	3	45	2	3	3	
289	1	3	3	3	2	2	6	
290	1	3	3	3	5	3	1	
291	1	3	3	3	33	3	3	
292	5	3	4	3	2	3	47	
293	5	3	3	3	2	3	47	
294	5	3	3	47	2	3	4	
295	4	1	3	46	2	3	1	
296	5	27	2	18	5	3	4	
297	5	3	2	3	5	3	48	
298	5	3	2	3	5	31	48	
299	5	28	32	1	2	3	4	
