ST	pheS	glyA	fumC	mdh	sucA	dnaN	atpA	clonal_complex	MLST_cluster
1	30	1	1	1	1	1	1	6	1
3	6	8	7	3	4	3	1		1
4	7	9	8	3	5	2	1		1
6	47	3	10	4	7	2	2		1
7	3	3	1	3	8	2	1		1
8	12	12	7	3	9	2	2		1
9	2	5	11	7	10	5	3		1
10	3	3	7	3	6	2	4		1
11	13	2	3	4	11	6	1	3	1
12	14	2	3	8	11	7	2		1
13	15	2	12	4	11	7	1	3	1
15	17	7	3	3	11	2	2	4	1
21	23	2	15	4	11	2	1	3	1
25	27	15	6	2	2	11	7	1	1
27	1	16	18	13	15	13	9	13	2
29	31	18	18	13	17	13	10		2
30	31	19	18	13	18	13	9		2
34	33	16	18	13	23	13	14	18	2
35	34	16	20	13	24	13	9		2
38	1	20	18	13	15	5	17	19	2
39	31	16	20	17	27	13	11		2
42	31	16	20	3	23	19	19		2
50	2	2	2	3	1	22	2		1
52	5	6	4	3	7	7	1		1
53	10	11	6	4	36	26	19		1
54	27	15	6	3	2	11	7	1	1
55	27	15	6	3	2	27	7	1	1
56	9	6	1	5	11	25	24		1
57	27	15	6	2	2	11	1	1	1
58	27	15	6	3	39	27	7	1	1
61	31	31	19	13	23	15	18	8	4
62	31	31	25	13	23	13	18	8	4
64	42	32	28	18	40	28	26	5	1
65	8	2	1	4	38	24	25		1
66	27	15	6	3	68	27	7	1	1
67	42	15	6	3	2	27	29	1	1
68	27	15	6	3	2	5	7	1	1
70	21	1	6	3	5	29	1	7	1
71	21	33	6	3	5	29	1	7	1
72	43	37	7	3	41	1	2		1
73	27	34	7	4	44	1	1		1
74	44	6	10	32	37	26	2		1
75	43	36	6	4	43	30	1		1
79	56	38	11	21	38	36	2		1
80	27	3	44	3	38	37	2		1
81	71	40	45	3	2	38	28		1
82	3	33	29	3	2	2	4		1
83	55	6	10	32	47	22	2		1
84	56	33	10	3	41	39	1		1
86	58	6	10	3	36	41	1		1
92	7	33	3	25	48	44	37		1
97	53	52	37	3	11	2	1		1
98	13	2	3	8	11	50	1	3	1
100	60	2	3	4	11	7	1	3	1
101	31	16	20	30	15	17	9		2
104	63	16	20	13	59	13	30		2
106	36	18	20	13	66	13	14		2
108	62	20	18	13	15	11	17	19	2
115	78	15	6	3	2	27	7	1	1
116	27	15	6	3	2	27	40	1	1
119	79	18	18	13	24	13	11		2
120	27	15	6	3	39	11	7	1	1
125	76	16	28	15	24	16	11		2
126	82	62	20	13	15	17	9		2
128	81	58	18	13	17	57	10		2
133	78	57	51	13	24	17	42		2
134	27	15	48	2	2	11	7	1	1
136	57	1	1	1	1	1	1	6	1
137	3	6	55	3	4	24	1		1
138	47	66	10	21	10	31	1		1
139	27	39	13	5	46	42	2		1
140	17	7	3	3	11	65	2	4	1
141	85	65	52	39	73	35	43	2	3
142	85	56	52	39	73	35	43	2	3
143	85	56	52	38	73	34	43	2	3
144	86	56	54	37	73	35	44	2	3
145	86	56	53	38	73	35	44	2	3
147	85	56	53	38	73	35	43	2	3
149	85	56	52	37	73	35	44	2	3
152	86	56	52	37	75	35	43	2	3
153	85	56	52	37	75	35	43	2	3
155	85	56	52	41	73	34	43	2	3
161	42	32	28	18	82	28	26	5	1
162	27	15	6	2	2	66	7	1	1
163	27	15	56	2	2	11	7	1	1
164	27	15	6	47	2	11	7	1	1
165	27	6	6	3	5	2	1	9	1
168	2	16	18	13	23	13	51	18	2
171	56	69	28	21	83	70	2		1
173	17	2	3	3	11	65	2	4	1
174	90	33	3	21	54	49	50		1
184	31	75	63	50	90	15	53		4
185	98	20	57	13	91	73	9		2
186	99	2	64	51	11	7	1		1
187	23	9	65	52	38	39	2		1
188	27	15	6	2	2	11	57	1	1
189	101	2	66	51	11	7	3		1
195	21	2	68	8	11	76	19		1
196	27	6	6	3	5	2	19	9	1
197	43	1	7	3	2	2	19	11	1
198	43	1	7	4	2	2	19	11	1
199	27	6	6	3	88	53	1	9	1
200	27	6	6	3	88	2	1	9	1
201	21	2	13	8	11	2	1	3	1
202	43	1	7	4	4	2	1	11	1
203	23	9	7	4	11	2	2	10	1
204	23	9	7	3	11	2	2	10	1
205	102	13	69	8	63	30	1		1
206	27	6	13	4	47	2	2	9	1
207	27	6	13	4	47	2	19	9	1
208	27	6	13	4	47	42	2	9	1
209	27	6	29	4	88	42	1	9	1
210	27	6	29	3	88	42	1	9	1
211	27	6	6	4	88	42	1	9	1
212	27	6	6	4	88	42	2	9	1
213	27	6	29	3	5	42	2	9	1
214	27	6	29	4	88	42	2	9	1
215	103	77	28	4	94	28	60		1
216	104	78	71	53	95	77	1	12	8
217	104	78	70	53	95	77	1	12	8
218	104	78	70	54	95	77	59	12	8
219	21	14	72	8	63	2	1		1
220	33	16	18	13	15	52	9	13	2
221	106	80	3	4	5	79	1		1
222	98	81	20	13	114	17	9		2
223	29	16	18	13	97	17	16		2
224	2	84	18	13	99	13	62		2
225	111	33	3	56	2	83	1	20	1
226	110	92	29	3	2	66	1	23	1
227	27	95	6	3	2	11	7	1	1
228	49	1	81	4	88	7	2		1
229	116	15	7	7	54	27	19		1
230	107	39	7	21	11	30	2		1
231	27	86	77	21	101	81	1		1
232	1	83	74	21	5	80	28		1
233	7	33	6	8	98	2	2		1
234	27	94	81	8	43	88	68	22	1
235	3	88	84	4	111	15	19		2
236	7	89	12	4	112	84	1		1
237	1	33	82	21	104	66	1		1
238	122	16	18	13	15	89	16		2
239	27	33	78	4	102	19	19		1
240	1	33	38	4	103	85	1		1
241	114	33	82	58	2	86	19		1
242	27	33	6	55	2	66	61		1
243	105	79	3	4	11	2	1	15	1
244	53	2	68	4	11	2	1	3	1
245	101	2	3	4	11	65	2	4	1
246	81	16	17	13	15	13	9	13	2
247	39	16	20	17	66	73	63		2
248	118	91	83	57	96	78	65		7
249	117	20	18	13	24	17	30		2
275	105	79	68	4	11	2	7	15	1
276	27	15	38	2	2	11	76	1	1
278	113	15	78	62	98	49	1		1
279	138	97	101	64	130	90	66	16	5
280	139	98	86	63	130	90	67	16	5
281	139	97	85	60	130	90	66	16	5
282	139	97	86	63	130	90	66	16	5
283	148	116	86	64	130	90	66	16	5
284	140	97	85	60	130	90	66	16	5
285	141	97	86	64	130	90	67	16	5
286	142	114	102	65	131	101	78	17	6
287	143	97	85	64	130	90	67	16	5
288	144	115	102	65	131	101	77	17	6
289	145	115	102	66	133	101	77		6
290	145	114	102	65	131	101	77	17	6
291	146	114	102	65	131	101	78	17	6
292	147	97	86	67	132	90	79		5
293	149	113	86	63	130	90	66	16	5
294	112	33	6	4	106	49	1		1
297	105	79	3	4	134	2	1	15	1
299	139	97	85	60	130	90	67	16	5
300	141	97	86	64	130	90	66	16	5
301	155	114	102	65	131	101	77	17	6
302	156	97	101	64	130	90	66	16	5
304	139	97	86	68	136	90	66	16	5
305	138	98	101	64	130	90	66	16	5
306	139	98	86	69	130	90	67	16	5
307	145	114	103	65	131	101	77	17	6
308	152	97	86	60	130	90	80	16	5
309	154	97	86	64	137	90	66	16	5
310	154	97	86	64	137	90	81	16	5
311	153	97	86	64	130	90	80	16	5
312	160	15	18	13	140	13	30		2
313	98	123	18	13	15	13	11		2
314	11	124	18	13	66	13	9		2
315	111	33	3	13	2	11	1	20	1
316	161	16	18	4	15	11	11	21	2
318	161	16	18	13	15	11	11	21	2
321	27	94	81	8	63	88	68	22	1
322	162	126	107	5	2	109	1		1
324	166	94	111	70	109	83	2		1
327	111	33	6	73	92	27	84		1
329	98	58	18	75	15	13	82		2
330	31	20	112	13	147	113	11		2
331	1	15	119	3	148	49	19		1
332	30	1	7	3	88	119	76		1
333	177	2	122	8	151	7	99		1
334	101	2	116	8	150	7	1		1
335	81	15	124	3	2	27	7	1	1
336	178	134	123	84	152	120	100		
337	173	97	101	82	143	110	92		5
338	52	2	120	8	11	123	2		1
339	27	15	6	4	2	11	7	1	1
344	110	92	29	3	2	11	7	23	1
