ST	adk	atpG	efp	gmk	nagC	ppa	recA	clonal_complex
1	1	1	1	1	1	1	1	
2	2	2	2	2	2	1	2	
3	3	3	2	3	3	2	3	
4	4	4	3	2	4	3	4	
5	3	3	2	4	3	2	3	
6	5	5	2	5	5	4	5	
7	5	5	2	5	6	4	5	
8	6	6	4	6	7	5	6	
9	6	7	4	7	7	5	6	
10	7	5	2	8	8	6	7	
11	8	8	5	9	9	4	4	
12	9	9	5	10	10	7	8	
13	8	10	6	1	11	8	4	
14	5	5	7	5	5	4	5	
15	7	5	8	8	8	6	7	
16	9	11	9	11	12	4	9	
17	10	12	10	5	13	4	10	
18	4	13	10	5	13	4	4	
19	9	13	10	5	13	4	4	
20	9	11	9	11	12	9	9	
21	11	6	11	1	14	10	11	
22	12	14	5	10	15	11	12	
23	8	15	5	12	16	12	4	
24	12	14	5	10	17	11	12	
25	5	16	12	13	10	12	13	
26	5	14	5	9	15	13	13	
27	13	14	13	1	17	3	14	
28	14	17	12	9	18	4	15	
29	4	13	10	5	13	14	4	
30	4	13	10	5	13	15	4	
31	3	23	2	3	3	2	3	
32	16	19	15	2	23	12	18	
33	5	22	5	11	24	6	13	
34	28	38	19	1	10	19	17	
35	13	4	5	9	22	12	4	
36	15	11	9	11	12	4	9	
37	17	14	13	2	20	17	17	
38	15	11	9	11	12	9	9	
39	5	18	5	2	15	1	16	
40	15	21	9	11	12	9	9	
41	16	19	5	11	19	16	8	
42	3	4	3	2	4	3	4	
43	4	2	2	2	2	1	2	
44	2	3	2	3	3	2	3	
45	2	3	2	4	3	2	3	
46	3	13	10	5	13	4	4	
47	16	20	14	14	21	8	8	
48	7	24	2	11	15	18	17	
49	5	26	10	9	4	3	13	
50	18	5	11	2	18	1	17	
51	16	25	16	10	24	4	8	
52	15	4	2	10	28	17	10	
53	7	13	3	17	27	3	19	
54	16	14	13	15	20	19	17	
55	3	13	2	1	25	14	4	
56	7	4	5	16	26	1	4	
57	5	34	9	11	8	1	27	
58	5	31	18	18	40	21	11	
59	5	28	2	26	38	22	13	
60	5	29	9	21	29	6	11	
61	7	2	1	8	36	4	7	
62	7	6	11	19	35	21	7	
63	7	30	11	21	32	21	11	
64	7	32	21	22	37	21	7	
65	7	29	4	24	7	1	21	
66	7	29	5	21	14	6	11	
67	7	29	11	21	14	1	24	
68	7	29	11	21	42	1	11	
69	7	35	11	24	7	1	21	
70	11	6	22	1	14	10	11	
71	11	29	5	21	14	6	11	
72	11	6	11	1	14	10	25	
73	11	6	11	1	2	10	23	
74	11	30	11	27	30	1	11	
75	17	24	4	10	33	1	8	
76	19	33	17	25	31	20	7	
77	27	6	11	1	14	10	11	
78	24	27	21	22	7	24	29	
79	25	2	20	22	41	23	28	
80	22	6	19	20	34	10	26	
81	21	36	5	23	7	1	6	
82	21	36	5	23	7	1	22	
83	26	29	5	21	32	6	11	
84	26	29	5	21	39	6	11	
85	26	30	5	21	39	6	11	
86	23	29	9	19	14	6	11	
87	20	37	2	4	14	1	20	
88	5	29	9	21	29	6	7	
89	5	18	5	2	43	1	16	
90	28	38	19	1	44	19	17	
91	28	38	19	1	45	19	17	
92	28	38	19	1	47	19	17	
93	28	38	19	1	46	19	17	
94	28	38	19	1	46	19	30	
95	29	38	19	1	48	19	17	
96	28	39	19	1	10	19	31	
97	28	38	19	1	49	19	17	
98	28	38	19	1	50	19	17	
99	28	38	19	1	51	19	17	
100	28	38	19	1	52	19	17	
101	28	38	19	1	53	19	17	
102	28	38	19	1	10	19	32	
103	2	3	23	3	3	2	3	
104	28	39	6	1	10	19	31	
105	26	29	9	7	14	1	11	
106	5	29	9	21	30	6	11	
107	11	6	11	1	30	10	11	
108	5	29	9	21	30	6	7	
109	3	5	2	8	8	6	7	
110	5	2	2	2	2	1	2	
111	11	6	11	1	2	10	11	
112	5	29	9	21	5	6	11	
113	11	6	11	8	14	6	11	
114	7	29	11	21	14	1	11	
115	26	29	11	21	14	1	11	
116	7	6	11	17	14	6	7	
117	11	30	11	21	32	21	11	
118	11	6	11	1	2	6	23	
119	26	29	5	21	7	6	6	
120	30	29	5	21	14	6	11	
121	7	6	11	28	14	6	7	
122	5	29	9	21	54	1	11	
123	5	29	9	21	54	10	11	
124	7	29	9	21	54	1	11	
125	7	29	11	21	14	21	11	
126	5	24	11	27	14	21	11	
127	7	6	11	28	57	6	7	
128	32	6	11	28	14	6	7	
129	30	29	9	21	14	6	34	
130	11	29	9	1	55	1	11	
131	31	40	24	12	56	1	33	
132	33	29	9	12	58	25	35	
133	5	29	9	21	14	21	7	
134	7	41	5	1	59	26	16	
135	26	29	9	1	14	1	11	
136	26	29	9	21	54	1	11	
137	7	29	11	1	14	1	36	
138	5	30	11	21	55	6	27	
139	7	30	11	21	32	21	37	
140	11	29	9	27	55	21	11	
141	5	29	9	21	14	1	11	
142	26	29	5	21	14	6	11	
143	11	6	11	1	32	6	11	
144	5	29	9	21	14	6	7	
145	28	38	19	1	60	19	17	
146	5	29	5	21	14	6	11	
147	28	38	19	1	10	19	31	
148	28	38	19	1	46	19	31	
149	26	29	5	21	14	6	39	
150	15	32	21	8	61	27	38	
151	34	38	19	1	10	19	31	
152	4	38	2	1	46	19	2	
153	28	38	19	1	10	19	4	
154	4	38	19	2	46	19	2	
155	11	29	11	18	14	10	11	
156	16	42	2	9	62	8	17	
157	35	19	12	29	18	28	40	
158	5	29	5	21	29	6	11	
159	16	43	5	9	63	13	17	
160	4	29	2	21	2	6	11	
161	11	29	9	21	54	1	11	
162	5	29	25	21	29	6	11	
163	11	29	5	21	64	6	11	
164	36	44	2	21	7	29	39	
165	5	22	5	11	12	6	13	
166	15	24	4	2	15	30	13	
167	35	19	12	9	15	28	40	
168	5	19	5	10	65	1	41	
169	16	19	2	9	66	17	17	
170	26	30	5	21	7	6	39	
171	5	30	9	21	14	1	11	
172	4	38	19	1	46	19	2	
173	11	29	5	21	39	6	11	
174	16	14	14	2	58	17	17	
175	11	29	5	21	29	6	11	
176	5	34	5	1	59	1	21	
177	5	32	9	21	14	6	7	
178	24	45	26	8	58	6	23	
179	7	35	27	31	7	31	21	
180	5	29	9	22	14	6	21	
181	20	37	2	24	28	1	20	
182	5	37	28	31	59	31	42	
183	7	35	11	4	7	1	7	
184	5	44	9	21	14	6	7	
185	28	38	19	32	46	32	31	
186	5	29	9	21	35	6	7	
187	5	30	11	27	29	1	11	
188	11	29	11	1	14	10	11	
189	28	38	19	33	46	19	31	
190	28	38	19	32	7	32	31	
191	11	30	11	14	67	6	11	
192	37	38	19	35	10	19	13	
193	5	29	9	34	14	6	7	
194	13	39	5	1	68	33	43	
195	34	38	4	1	46	19	31	
196	28	38	19	1	2	19	17	
197	5	6	11	11	69	1	7	
198	36	29	5	21	14	29	39	
199	31	47	9	1	7	1	11	
200	7	24	9	1	71	6	27	
201	11	29	9	14	70	21	11	
202	11	48	9	14	72	4	11	
203	15	29	9	21	14	6	11	
204	36	29	9	21	54	1	39	
205	36	44	5	21	29	6	39	
206	11	29	11	1	2	10	11	
207	11	29	9	21	14	1	11	
208	11	29	9	21	8	1	11	
209	30	29	5	21	14	6	34	
210	11	29	9	14	73	21	11	
211	5	30	11	27	29	1	27	
212	38	30	9	14	73	21	44	
213	11	30	5	36	2	6	23	
214	36	29	2	21	7	29	39	
215	11	29	9	25	73	21	11	
216	5	34	9	1	74	1	27	
217	26	29	9	1	14	10	11	
218	11	29	9	21	14	21	11	
219	5	46	9	21	54	1	27	
220	11	29	5	21	14	6	7	
221	11	6	9	1	75	1	45	
222	11	30	11	21	41	21	11	
223	26	2	11	37	14	6	11	
224	23	29	9	19	29	6	11	
226	5	30	11	27	14	1	11	
227	12	5	2	21	8	12	17	
228	12	5	2	21	8	10	17	
229	4	29	9	21	29	6	2	
230	5	29	11	21	14	6	7	
231	14	6	2	1	28	1	27	
232	17	19	2	35	10	1	6	
233	7	1	5	2	20	1	10	
234	14	1	2	1	36	19	10	
235	11	1	5	35	18	1	39	
236	17	19	2	1	18	1	6	
237	5	19	2	2	34	4	27	
238	17	19	2	33	73	1	6	
239	17	1	2	1	28	1	6	
240	17	19	2	9	10	4	10	
241	14	41	2	1	73	8	10	
242	11	1	5	1	34	1	19	
243	11	19	5	1	73	8	27	
244	5	1	3	1	73	1	10	
245	2	3	2	3	3	2	57	
246	4	38	2	1	46	19	46	
247	4	38	19	2	46	19	46	
248	34	38	19	1	10	19	56	
249	34	38	19	1	80	19	56	
250	2	3	2	3	81	2	57	
251	28	38	19	1	10	19	48	
252	6	6	4	1	82	19	59	
253	28	38	19	32	46	19	31	
254	28	38	19	1	46	19	47	
255	28	38	19	1	83	19	17	
256	28	38	19	1	76	19	48	
257	4	38	19	2	77	19	46	
258	6	38	19	1	10	19	56	
259	28	38	19	1	46	19	51	
260	4	38	2	1	78	19	46	
261	28	38	19	1	46	19	48	
262	4	38	2	1	79	19	46	
263	28	38	19	1	10	19	56	
264	39	38	19	1	10	19	56	
265	34	38	4	1	46	19	56	
266	5	20	9	9	84	1	13	
