ST	gki	gtr	murI	mutS	recP	xpt	yqiL	clonal_complex
1	1	1	1	1	1	1	1	
2	1	2	20	5	35	3	4	
3	2	2	1	2	2	2	2	
4	2	2	1	2	2	3	2	
5	2	2	2	3	2	3	2	
6	2	2	8	3	2	16	12	
7	2	2	9	3	18	3	4	
8	2	2	9	3	18	11	2	
9	2	2	9	3	18	14	2	
10	2	2	9	13	2	14	2	
11	2	6	1	2	2	2	2	
12	2	6	1	5	2	2	2	
13	2	6	2	5	22	3	2	
14	2	6	8	3	9	3	1	
15	2	6	8	5	2	3	2	
16	2	6	8	15	2	3	2	
17	2	13	8	5	2	3	10	
18	2	27	8	5	2	3	2	
19	3	2	3	3	3	3	3	
20	3	4	6	5	1	5	1	
21	3	4	6	5	1	5	2	
22	3	4	6	7	1	5	4	
23	3	4	6	7	11	5	4	
24	3	4	24	5	4	23	6	
25	4	2	3	11	17	3	1	
26	4	2	21	16	17	3	1	
27	4	3	2	5	2	26	1	
28	4	3	4	4	4	2	4	
29	4	6	2	7	7	7	5	
30	4	6	2	7	21	7	1	
31	4	10	3	6	14	10	4	
32	4	17	2	5	1	25	1	
33	4	26	23	7	1	28	3	
34	4	29	2	7	7	7	4	
35	4	31	2	13	34	3	21	
36	5	2	2	6	6	2	2	
37	5	2	5	5	5	4	3	
38	5	7	8	5	15	2	1	
39	5	11	8	5	15	2	1	
40	5	11	8	5	29	2	4	
41	6	5	7	1	5	3	3	
42	6	5	7	1	5	6	3	
43	7	2	8	3	8	2	2	
44	8	7	8	8	9	3	1	
45	9	8	1	1	1	3	3	
46	9	8	1	1	1	3	4	
47	9	16	1	20	25	3	16	
48	10	6	2	6	10	3	6	
49	11	2	1	3	12	3	7	
50	11	6	3	6	6	27	4	
51	11	6	12	6	6	2	4	
52	11	6	14	5	9	17	19	
53	11	6	22	7	9	2	17	
54	11	7	15	7	17	3	4	
55	11	9	1	9	2	3	4	
56	11	9	2	5	2	5	4	
57	11	23	2	7	24	3	2	
58	12	2	1	3	12	8	7	
59	13	2	8	19	1	3	4	
60	13	2	14	1	9	3	1	
61	13	2	16	1	5	3	1	
62	13	3	10	12	20	2	3	
63	13	6	2	3	23	3	11	
64	13	7	8	1	9	22	3	
65	13	7	8	1	13	9	8	
66	13	7	8	1	13	12	8	
67	13	7	8	1	26	3	13	
68	13	7	8	1	26	9	8	
69	13	7	8	10	13	9	8	
70	13	18	8	1	13	9	8	
71	14	12	2	7	16	5	9	
72	14	28	2	17	4	5	1	
73	15	14	7	7	19	3	1	
74	15	14	7	16	19	3	1	
75	15	14	7	18	19	3	1	
76	16	2	8	3	1	3	1	
77	16	2	8	3	1	11	1	
78	16	2	8	7	1	13	1	
79	16	2	11	3	1	11	1	
80	16	15	19	7	1	2	17	
81	17	19	1	1	1	15	3	
82	18	20	7	9	2	2	15	
83	19	21	1	1	5	3	3	
84	20	22	2	3	27	18	12	
85	20	22	2	3	27	18	14	
86	21	31	1	3	28	3	4	
87	22	10	17	14	14	3	20	
88	23	24	2	3	23	19	18	
89	24	2	3	5	1	3	1	
90	25	2	13	6	30	25	15	
91	26	2	18	5	31	3	1	
92	27	25	4	4	32	2	1	
93	28	25	4	4	4	2	1	
94	28	25	4	4	4	20	1	
95	29	32	2	5	33	21	4	
96	30	2	9	13	18	14	2	
97	31	2	2	5	35	24	12	
98	32	6	8	3	2	8	22	
99	33	30	7	5	5	26	3	
100	34	2	2	21	1	29	16	
101	16	2	8	3	1	13	3	
102	13	34	25	6	36	3	1	
103	2	2	2	3	37	3	2	
104	36	33	2	5	19	24	1	
105	35	2	2	5	13	30	1	
106	4	25	3	4	4	2	1	
107	4	25	26	4	4	2	1	
108	10	24	14	17	19	31	26	
109	42	37	8	22	33	3	4	
110	41	31	8	25	33	3	27	
111	3	38	1	7	1	8	24	
112	16	35	27	24	35	33	1	
113	11	6	22	7	40	2	23	
114	4	36	2	18	2	3	4	
115	40	2	9	6	41	8	12	
116	39	2	2	5	38	34	1	
117	38	2	2	23	39	2	25	
118	37	2	8	3	2	3	1	
119	2	6	8	3	2	32	1	
120	43	2	2	7	1	3	1	
121	47	3	2	5	10	34	12	
122	4	6	1	28	2	2	2	
123	43	2	8	7	1	3	1	
124	2	2	8	3	5	2	2	
125	72	14	7	18	19	3	1	
126	2	2	8	13	18	14	2	
127	3	39	1	7	1	8	24	
128	49	2	2	5	44	14	12	
129	16	42	34	7	45	2	17	
130	13	2	35	7	2	38	1	
131	2	2	36	3	18	14	2	
132	50	2	8	30	8	3	30	
133	4	31	2	31	2	8	7	
134	54	24	14	4	9	2	2	
135	2	6	37	5	2	3	28	
136	40	2	9	5	9	8	12	
137	4	2	2	2	46	3	4	
138	3	2	2	5	19	34	4	
139	53	39	1	7	1	3	24	
140	51	2	14	26	19	35	31	
141	52	31	9	6	35	2	12	
142	16	2	8	3	2	41	1	
143	15	12	38	6	4	23	6	
144	29	32	2	5	48	9	4	
145	46	17	2	5	1	25	1	
146	40	2	29	5	19	3	1	
147	11	2	8	33	1	13	18	
148	43	2	3	6	6	2	2	
149	55	44	8	5	4	3	10	
150	11	2	1	3	50	8	7	
151	2	28	2	17	4	5	1	
152	42	6	14	26	43	35	4	
153	4	2	2	13	2	24	4	
154	31	2	2	5	18	24	12	
155	10	19	30	27	5	2	3	
156	45	6	31	7	1	36	1	
157	44	40	2	5	19	5	4	
158	13	7	8	1	13	3	13	
159	13	7	8	1	42	13	1	
160	10	2	7	27	5	37	4	
161	16	41	2	29	2	25	7	
162	3	2	32	2	2	2	2	
163	13	2	33	1	13	13	28	
164	2	2	8	3	5	2	29	
165	51	3	1	25	1	3	27	
166	4	31	2	11	34	3	4	
167	29	32	2	5	48	5	21	
168	2	2	14	3	22	3	2	
169	51	3	8	7	33	42	1	
170	2	2	2	3	18	14	12	
171	11	23	2	7	5	3	2	
172	56	24	39	7	30	2	33	
173	57	3	40	25	1	3	10	
174	31	2	2	5	35	14	12	
175	4	2	3	7	2	3	3	
176	3	2	3	3	1	3	3	
177	51	31	2	25	2	43	32	
178	4	4	3	6	14	3	4	
179	25	51	8	6	30	25	39	
180	2	2	8	5	2	3	10	
181	2	7	2	31	34	9	48	
182	2	2	37	2	2	13	1	
183	3	37	53	5	2	3	35	
184	29	32	2	5	48	5	4	
185	13	45	8	4	34	3	6	
186	13	2	14	1	9	13	1	
187	59	43	14	5	47	2	1	
188	2	31	8	25	52	2	27	
189	40	3	43	7	2	5	6	
190	4	6	28	7	21	7	1	
191	14	17	14	6	9	40	38	
192	4	24	2	5	51	3	25	
193	48	31	41	9	2	2	36	
194	13	46	14	32	1	13	1	
195	3	4	6	7	1	5	36	
196	19	50	1	1	5	3	3	
197	11	6	42	5	54	3	6	
198	58	48	2	5	53	23	25	
199	51	49	8	6	33	3	35	
200	62	2	2	7	1	3	1	
201	3	2	8	5	58	54	4	
202	4	28	3	7	2	3	3	
203	11	6	42	7	40	3	6	
204	61	14	7	18	19	3	1	
205	16	2	8	3	2	3	2	
206	11	6	1	7	2	3	6	
207	2	2	8	13	2	14	2	
208	60	47	35	7	2	39	3	
209	13	32	7	20	19	3	25	
210	23	24	2	3	23	2	18	
211	51	69	53	71	32	2	35	
212	51	3	8	25	33	3	31	
213	122	2	2	76	35	3	101	
214	2	6	8	3	64	8	22	
215	135	2	8	79	2	34	102	
216	2	31	2	3	49	3	37	
217	136	2	2	5	2	49	42	
218	4	31	2	11	113	3	21	
219	65	31	2	6	34	3	1	
220	4	2	2	5	35	2	1	
221	1	2	2	5	35	3	1	
222	104	80	2	75	9	2	107	
223	69	2	90	13	35	24	104	
224	4	3	54	6	34	8	44	
225	4	25	4	4	4	2	1	
226	4	2	88	9	107	98	1	
227	4	31	8	5	2	8	4	
228	4	31	8	11	34	3	40	
229	4	31	9	6	35	2	12	
230	4	35	2	5	61	3	25	
231	68	2	92	5	35	3	1	
232	124	31	2	21	1	29	16	
233	4	2	2	4	1	5	72	
234	65	31	91	6	34	3	1	
235	3	55	2	67	112	2	4	
236	51	2	64	5	35	34	41	
237	4	59	2	5	44	33	1	
238	4	2	88	9	19	98	1	
239	4	31	91	5	34	8	44	
240	10	12	2	17	16	47	4	
241	10	25	7	5	67	2	12	
242	5	2	2	82	6	2	2	
243	2	2	8	3	18	11	12	
244	11	6	14	5	9	44	19	
245	4	2	2	80	106	24	108	
246	125	3	2	4	44	34	100	
247	11	9	1	7	2	8	3	
248	34	31	2	21	1	29	16	
249	13	31	8	5	19	3	1	
250	3	7	2	44	2	3	12	
251	3	7	93	44	2	3	12	
252	14	12	2	17	16	5	1	
253	16	2	11	3	1	13	1	
254	4	17	2	67	66	49	1	
255	134	80	2	7	120	8	33	
256	4	2	2	52	35	97	44	
257	4	82	14	72	70	24	4	
258	31	2	2	5	35	46	1	
259	4	97	2	9	2	34	1	
260	105	2	2	6	70	49	4	
261	40	2	9	6	41	50	4	
262	40	2	9	5	2	8	41	
263	40	3	43	7	2	5	4	
264	40	24	8	44	58	3	4	
265	4	2	3	4	115	5	72	
266	10	2	2	5	4	5	1	
267	64	2	2	7	34	38	2	
268	65	17	2	5	5	25	1	
269	65	31	8	43	2	3	2	
270	65	31	8	41	58	8	25	
271	65	57	7	5	9	3	4	
272	65	57	7	37	2	3	4	
273	66	2	7	4	34	48	4	
274	28	2	2	36	2	2	1	
275	68	31	8	6	68	8	42	
276	69	13	14	6	62	14	4	
277	70	31	2	35	1	3	34	
278	79	2	44	36	51	8	34	
279	79	2	94	36	105	3	1	
280	68	2	92	5	35	3	105	
281	74	31	8	40	60	8	42	
282	75	2	44	36	68	2	1	
283	4	3	54	5	34	3	110	
284	2	66	1	52	75	2	12	
285	86	6	8	3	9	3	1	
286	13	2	14	6	19	3	56	
287	13	59	8	6	34	3	6	
288	4	31	59	25	33	3	57	
289	4	26	51	35	34	2	27	
290	79	2	44	36	51	8	51	
291	4	61	50	11	14	55	4	
292	4	3	54	5	34	8	44	
293	3	2	6	7	56	5	0	
294	43	2	2	7	5	51	1	
295	31	31	55	11	44	3	26	
296	25	42	22	7	40	3	17	
297	78	62	52	5	69	8	49	
298	13	2	7	20	19	3	1	
299	2	7	1	3	2	14	2	
300	4	6	4	4	52	2	1	
301	77	6	8	7	1	3	50	
302	82	6	1	2	2	2	2	
303	51	31	2	25	2	23	31	
304	2	6	3	2	2	2	2	
305	58	17	2	5	2	3	25	
306	2	2	1	50	2	3	1	
307	1	31	61	40	60	8	42	
308	3	6	31	2	1	61	46	
309	3	17	8	7	1	3	4	
310	13	6	3	11	6	3	8	
311	4	2	2	51	1	59	1	
312	4	20	7	9	2	2	15	
313	4	3	62	4	4	2	1	
314	4	65	21	16	17	3	1	
315	2	6	8	5	2	3	53	
316	13	7	57	1	13	9	8	
317	16	2	56	7	22	3	52	
318	2	10	35	7	2	57	1	
319	81	24	8	5	19	11	1	
320	4	63	8	5	73	3	4	
321	4	53	45	4	2	2	45	
322	2	64	8	3	5	2	12	
323	4	80	3	32	111	3	4	
324	13	37	8	7	2	56	12	
325	80	2	2	17	4	5	1	
326	4	6	3	20	2	3	3	
327	83	2	8	6	74	3	4	
328	9	8	58	1	1	3	4	
329	11	7	15	3	17	60	4	
330	38	2	60	23	39	2	1	
331	43	2	2	47	1	3	4	
332	43	2	2	7	5	3	1	
333	51	3	8	25	33	3	27	
334	84	2	21	16	17	3	1	
335	58	6	8	7	2	51	63	
336	87	9	8	7	5	57	54	
337	8	7	8	49	9	3	1	
338	85	2	14	5	19	58	58	
339	59	43	1	48	47	2	1	
340	2	2	8	3	2	3	2	
341	91	2	65	7	1	3	60	
342	1	31	64	5	34	48	12	
343	1	31	8	6	76	53	4	
344	2	2	1	2	2	8	2	
345	2	6	8	3	2	8	1	
346	2	6	8	3	79	8	22	
347	4	31	2	11	34	3	2	
348	11	6	7	46	40	3	6	
349	13	45	8	4	76	3	6	
350	14	2	8	6	55	40	6	
351	24	4	3	6	14	3	4	
352	24	24	8	31	1	66	1	
353	25	37	8	7	2	3	1	
354	29	32	2	5	77	5	25	
355	40	2	9	6	41	64	12	
356	51	68	53	6	32	65	35	
357	75	2	44	4	66	3	1	
358	76	2	49	6	4	52	8	
359	85	5	14	5	19	58	58	
360	88	26	8	6	78	62	3	
361	89	3	63	25	4	3	32	
362	89	67	8	53	4	63	1	
363	90	6	8	7	4	3	59	
364	2	2	9	13	2	14	55	
365	73	58	8	5	72	3	43	
366	93	2	2	6	6	2	2	
367	4	2	3	11	17	3	61	
368	94	8	1	1	1	3	4	
369	13	6	2	3	23	3	62	
370	51	2	64	6	80	34	41	
371	4	6	2	54	21	7	1	
372	95	25	4	4	4	20	1	
373	5	11	8	5	15	67	1	
374	5	2	66	5	5	4	3	
375	92	2	2	2	31	3	2	
376	4	2	2	5	70	2	1	
377	4	2	2	11	34	3	2	
378	11	6	3	6	6	27	46	
379	12	21	17	5	5	3	7	
380	51	69	53	6	32	2	35	
381	4	31	2	4	4	2	16	
382	5	52	5	5	5	4	3	
383	11	2	1	3	50	61	7	
384	16	2	8	3	2	13	1	
385	78	53	52	5	81	68	4	
386	96	39	8	1	13	13	64	
387	9	70	1	1	1	3	4	
388	11	71	1	3	12	3	7	
389	9	8	67	1	1	3	4	
390	16	72	8	3	1	13	1	
391	5	7	8	5	15	2	65	
392	97	3	1	7	39	69	3	
393	1	2	87	52	35	3	109	
394	25	2	8	6	30	25	6	
395	2	2	1	2	65	2	2	
396	11	9	1	9	2	10	4	
397	25	2	8	6	30	5	1	
398	4	61	8	9	2	3	2	
399	4	31	2	13	34	3	4	
400	2	6	8	3	9	3	66	
401	4	2	2	5	35	70	1	
402	69	2	2	7	1	3	12	
403	3	4	6	5	1	5	0	
404	3	4	6	7	1	5	0	
405	25	37	8	7	2	56	12	
406	2	29	8	5	2	3	2	
407	16	2	8	3	1	13	1	
408	16	2	8	3	82	13	3	
409	98	2	11	3	1	13	1	
410	3	73	3	3	1	3	3	
411	5	52	68	5	5	4	3	
412	74	31	8	74	60	3	12	
413	2	74	8	5	2	3	2	
414	11	9	1	4	2	3	4	
415	4	3	4	4	4	2	2	
416	2	3	8	3	2	3	2	
417	51	2	8	7	33	42	1	
418	13	2	14	20	19	3	1	
419	4	28	3	20	2	3	68	
420	11	2	69	3	84	13	1	
421	5	11	15	5	15	2	1	
422	99	11	8	5	15	2	1	
423	5	11	8	5	15	72	1	
424	4	6	2	7	85	7	1	
425	5	2	2	6	86	2	2	
426	38	24	2	37	2	3	1	
427	3	2	2	3	1	3	1	
428	43	2	3	7	1	3	3	
429	3	10	3	6	14	3	4	
430	15	14	18	18	19	3	1	
431	13	6	2	3	23	74	11	
432	4	2	2	23	39	2	1	
433	4	6	2	54	21	7	69	
434	91	2	65	7	1	3	2	
435	63	2	7	5	2	2	2	
436	1	2	2	6	6	2	2	
437	4	6	2	7	21	7	2	
438	51	2	14	26	43	35	2	
439	2	6	2	5	87	3	2	
440	4	3	4	55	4	2	4	
441	4	6	2	7	7	3	70	
442	101	2	8	3	2	3	71	
443	2	3	4	4	4	2	2	
444	2	6	8	4	4	2	4	
445	4	3	3	4	4	2	4	
446	4	3	14	4	4	2	19	
447	4	7	47	4	34	2	4	
448	5	2	2	6	50	2	7	
449	5	2	3	3	1	4	3	
450	4	2	3	4	1	5	72	
451	3	4	7	5	1	5	3	
452	11	2	4	3	9	8	19	
453	16	6	8	5	1	17	3	
454	5	2	2	5	6	17	73	
455	4	3	14	5	9	17	19	
456	11	6	14	5	9	17	73	
457	11	76	14	5	9	17	19	
458	11	77	14	5	9	17	19	
459	11	6	14	5	88	17	19	
460	69	2	2	13	70	24	104	
461	13	3	10	12	20	2	13	
462	9	9	1	1	1	3	14	
463	11	78	1	3	50	8	7	
464	11	8	1	56	2	8	13	
465	5	2	2	57	6	2	2	
466	16	2	8	3	1	75	3	
467	5	2	2	6	6	3	2	
468	102	2	44	6	51	3	74	
469	131	31	8	5	2	8	4	
470	51	2	8	25	33	3	75	
471	3	4	70	7	1	5	4	
472	4	2	2	58	6	2	2	
473	4	36	8	7	51	3	76	
474	4	79	8	7	51	3	76	
475	1	31	8	6	36	53	4	
476	4	3	3	6	14	3	77	
477	57	3	8	25	1	3	78	
478	4	2	8	11	34	3	40	
479	103	37	2	24	4	2	79	
480	43	2	2	7	1	3	80	
481	16	35	2	5	61	3	25	
482	4	31	2	11	34	3	21	
483	104	80	2	7	35	2	2	
484	42	2	8	22	33	3	4	
485	4	3	2	59	2	2	4	
486	2	12	8	3	2	32	1	
487	2	3	8	3	2	32	1	
488	55	6	8	3	90	32	1	
489	13	45	71	4	76	3	6	
490	2	31	2	17	4	5	1	
491	2	28	2	17	4	76	1	
492	55	28	2	17	4	76	1	
493	25	4	8	6	30	25	4	
494	25	3	8	6	30	25	4	
495	25	81	8	6	30	25	39	
496	2	6	8	3	2	8	22	
497	4	2	2	60	21	3	81	
498	4	19	3	60	21	3	81	
499	57	3	8	25	1	3	76	
500	57	3	8	25	19	3	78	
501	29	32	8	5	48	5	25	
502	2	6	9	13	2	14	2	
503	4	2	36	5	4	23	1	
504	51	2	2	25	2	5	31	
505	10	25	7	5	67	2	1	
506	105	6	2	6	1	49	4	
507	105	3	2	6	1	49	4	
508	4	36	12	18	2	3	4	
509	106	13	3	61	1	28	82	
510	29	31	6	5	19	77	4	
511	29	31	2	5	48	5	25	
512	40	2	9	6	41	34	12	
513	47	3	2	5	10	64	12	
514	42	37	8	22	33	3	63	
515	25	2	8	6	30	25	39	
516	29	32	2	5	33	5	4	
517	4	31	8	5	34	3	40	
518	4	12	36	11	4	23	1	
519	4	2	54	6	34	8	44	
520	43	32	2	7	1	3	1	
521	79	37	44	36	51	8	25	
522	25	37	8	6	30	25	4	
523	4	28	2	3	2	34	31	
524	42	3	2	5	2	2	4	
525	4	37	8	22	33	3	4	
526	5	2	2	3	2	34	31	
527	2	6	3	22	2	2	2	
528	4	37	8	2	33	3	4	
529	4	6	8	3	34	3	40	
530	4	25	4	4	4	2	4	
531	4	35	8	3	34	3	40	
532	2	31	8	3	2	8	22	
533	2	6	8	2	2	2	2	
534	4	31	8	3	34	3	40	
535	4	2	2	3	2	34	31	
536	14	12	2	17	16	5	9	
537	2	31	8	3	91	3	41	
538	11	2	69	3	84	13	83	
539	58	10	3	6	14	78	4	
540	9	8	1	1	1	79	4	
541	13	83	10	12	92	2	3	
542	107	3	4	4	4	2	4	
543	5	2	2	6	93	2	2	
544	51	49	8	25	33	3	27	
545	100	75	72	62	94	73	84	
546	16	42	34	7	1	2	17	
547	3	4	6	6	14	5	0	
548	11	2	1	3	25	3	7	
549	13	60	2	9	69	8	6	
550	13	6	2	3	1	3	11	
551	5	3	2	6	6	2	2	
552	3	6	31	7	1	36	1	
553	16	3	8	3	82	13	3	
554	4	2	10	11	17	3	1	
555	4	84	3	11	17	3	1	
556	4	2	3	16	17	23	1	
557	4	2	21	16	17	3	85	
558	4	63	8	64	73	3	86	
559	4	2	2	5	44	14	12	
560	5	29	8	5	2	3	2	
561	11	11	8	5	15	2	19	
562	3	4	6	63	1	5	0	
563	109	2	1	3	50	8	7	
564	11	2	1	3	6	8	7	
565	39	2	8	13	2	33	1	
566	13	11	8	5	15	2	1	
567	13	3	4	4	4	2	4	
568	16	2	8	3	95	13	3	
569	108	2	2	5	35	14	12	
570	29	32	2	5	76	5	25	
571	39	2	8	6	2	33	1	
572	4	31	73	11	34	3	4	
573	55	6	8	25	1	81	27	
574	110	21	7	20	1	80	87	
575	8	7	8	8	9	3	50	
576	2	6	74	65	9	3	1	
577	38	2	2	3	39	2	1	
578	79	2	44	36	51	8	27	
579	2	2	32	2	2	2	2	
580	16	2	8	3	98	13	3	
581	3	3	3	3	1	3	3	
582	1	31	64	5	97	39	12	
583	126	12	2	17	16	5	4	
584	3	4	6	6	99	5	0	
585	4	2	2	67	19	85	31	
586	4	31	2	11	19	3	4	
587	4	31	3	6	96	3	0	
588	4	31	73	11	34	3	1	
589	4	35	75	5	1	84	90	
590	4	35	76	5	61	3	25	
591	4	37	8	5	73	3	4	
592	11	2	7	7	22	35	59	
593	11	2	8	7	75	3	2	
594	15	12	23	6	4	23	6	
595	16	31	2	3	13	84	25	
596	25	2	8	3	30	25	25	
597	25	86	2	7	2	3	12	
598	38	24	2	37	2	2	25	
599	42	3	2	5	2	2	1	
600	43	2	8	7	48	2	46	
601	43	6	8	3	2	3	1	
602	51	3	8	3	33	48	88	
603	61	14	77	18	19	3	1	
604	67	24	8	3	9	45	4	
605	68	31	8	66	35	82	12	
606	69	13	14	6	34	2	92	
607	75	2	2	6	51	3	74	
608	75	2	3	5	1	3	89	
609	75	2	44	6	51	3	1	
610	80	2	2	17	4	5	3	
611	83	24	8	6	74	3	4	
612	111	85	8	3	40	3	1	
613	14	12	2	17	16	5	4	
614	112	6	14	7	5	83	54	
615	113	3	43	7	40	3	12	
616	114	2	14	3	2	3	64	
617	115	12	2	32	9	2	91	
618	4	3	4	4	100	2	4	
619	2	2	2	3	49	14	37	
620	6	5	7	1	5	6	4	
621	5	52	5	5	72	4	3	
622	4	28	3	20	5	3	3	
623	4	6	2	7	7	7	70	
624	38	2	2	23	39	2	1	
625	2	2	14	6	9	40	46	
626	11	6	78	5	9	3	19	
627	4	57	8	5	2	8	4	
628	25	2	8	6	30	25	25	
629	4	87	2	5	10	34	12	
630	4	3	4	4	4	86	4	
631	13	2	2	5	1	3	1	
632	3	88	1	3	12	3	7	
633	58	17	2	5	53	23	25	
634	2	9	1	9	2	3	4	
635	5	11	5	5	15	2	1	
636	5	9	1	9	2	3	4	
637	5	11	14	5	15	2	1	
638	5	11	8	5	9	2	1	
639	11	2	1	3	101	8	7	
640	3	4	6	7	11	5	12	
641	4	10	3	6	31	3	4	
642	6	5	79	1	5	6	3	
643	4	3	4	4	4	2	95	
644	11	6	14	5	9	17	94	
645	9	8	1	1	1	3	93	
646	16	2	14	3	1	13	3	
647	11	3	4	4	4	2	4	
648	4	89	4	4	4	2	4	
649	51	2	14	24	19	35	31	
650	25	3	2	7	33	3	12	
651	4	32	2	5	48	5	4	
652	4	3	80	4	4	2	2	
653	4	3	80	4	102	2	2	
654	16	2	8	3	1	87	3	
655	4	54	81	68	4	85	12	
656	117	3	8	13	35	3	97	
657	116	2	1	3	50	8	7	
658	5	91	8	5	15	2	1	
659	4	92	4	4	100	2	4	
660	2	7	14	6	9	40	46	
661	4	3	4	69	4	2	4	
662	4	31	2	35	1	3	34	
663	13	2	2	6	6	2	2	
664	13	83	10	12	20	2	3	
665	4	2	21	16	17	36	1	
666	4	2	21	16	74	36	1	
667	43	2	2	2	2	3	24	
668	13	32	2	20	19	3	25	
669	5	2	2	6	15	2	2	
670	24	8	1	1	1	3	4	
671	5	2	2	6	6	2	4	
672	13	8	1	1	1	3	4	
673	13	6	2	6	1	28	4	
674	4	3	2	5	2	2	4	
675	2	7	2	3	13	3	2	
676	24	2	82	5	30	3	1	
677	11	6	83	6	6	2	2	
678	3	4	6	5	1	5	4	
679	79	3	2	5	48	5	4	
680	20	2	2	3	27	18	12	
681	3	52	5	5	5	4	3	
682	13	2	3	3	1	3	3	
683	43	6	8	67	2	89	1	
684	75	2	44	7	51	3	1	
685	3	4	70	7	1	5	2	
686	3	4	70	7	1	5	25	
687	3	2	6	7	56	5	31	
688	3	4	70	7	1	5	0	
689	3	4	70	7	1	5	1	
690	3	4	70	7	1	5	3	
691	3	3	2	7	98	5	1	
692	4	6	2	54	21	5	1	
693	10	35	2	5	61	3	25	
694	51	2	14	26	43	48	31	
695	4	6	2	54	21	88	1	
696	5	11	8	5	15	2	98	
697	5	2	84	6	6	2	2	
698	13	83	85	12	20	2	3	
699	16	2	8	70	103	13	1	
700	69	53	89	73	1	24	113	
701	2	2	9	13	71	11	2	
702	36	2	2	13	60	24	112	
703	137	2	2	67	105	83	103	
704	75	2	44	36	68	2	39	
705	4	31	2	5	34	3	21	
706	4	6	97	54	21	7	1	
707	119	31	8	40	60	96	101	
708	4	2	2	5	1	34	41	
709	118	3	47	7	108	2	41	
710	29	32	2	5	48	5	49	
711	38	2	2	23	121	32	1	
712	10	12	2	67	16	3	4	
713	69	2	2	5	4	24	12	
714	65	31	2	11	34	3	1	
715	2	2	9	13	71	14	2	
716	4	93	86	5	19	3	4	
717	4	96	24	11	19	3	25	
718	123	17	2	5	2	3	25	
719	1	31	8	6	60	3	4	
720	133	2	2	7	1	3	1	
721	2	2	2	5	44	14	12	
722	3	3	2	7	35	2	114	
723	69	2	2	5	4	93	111	
724	40	2	9	6	41	50	12	
725	39	2	8	13	2	91	1	
726	39	2	8	7	2	33	1	
727	4	31	7	81	1	3	1	
728	10	3	2	6	110	94	4	
729	2	2	9	13	118	11	2	
730	129	25	7	5	67	2	12	
731	31	2	2	5	35	46	99	
732	132	2	2	7	1	3	1	
733	47	2	2	4	1	5	72	
734	4	2	2	5	1	90	41	
735	104	80	2	7	9	2	107	
736	68	2	92	5	35	3	106	
737	4	2	2	52	35	2	44	
738	16	15	96	7	1	2	17	
739	4	6	19	25	35	3	1	
740	134	94	14	78	119	2	4	
741	128	2	2	5	1	3	109	
742	65	7	2	44	2	3	12	
743	51	3	14	4	2	92	4	
744	24	2	2	5	1	2	4	
745	120	61	95	7	66	3	1	
746	4	24	2	5	19	49	25	
747	28	31	2	9	114	3	4	
748	16	2	98	7	22	3	52	
749	4	2	24	77	19	3	25	
750	4	31	7	81	116	3	1	
751	4	24	2	46	2	3	25	
752	39	2	8	13	2	49	1	
753	1	2	2	5	1	3	109	
754	30	2	9	13	44	14	2	
755	69	85	2	13	1	24	41	
756	2	31	2	3	2	3	41	
757	4	24	2	5	104	33	4	
758	121	3	14	4	2	92	4	
759	139	9	1	9	2	3	4	
760	4	3	99	4	4	2	4	
761	65	31	2	80	34	3	1	
762	28	95	2	36	35	3	1	
763	10	25	7	5	2	2	4	
764	28	13	8	5	9	3	1	
765	4	3	4	83	4	2	4	
766	78	2	3	6	4	95	12	
767	130	2	2	11	1	8	4	
768	16	35	27	5	35	33	1	
769	51	2	64	6	35	34	41	
770	2	7	8	3	2	14	2	
771	4	2	2	5	70	24	1	
772	4	2	2	80	109	24	108	
773	138	2	54	5	35	46	1	
774	118	3	47	7	2	2	41	
775	4	31	2	11	34	3	115	
776	4	2	3	4	1	5	4	
777	4	3	2	4	44	34	100	
778	4	53	2	5	34	3	47	
779	127	31	9	6	117	2	12	
780	4	98	19	5	2	34	12	
781	4	31	9	6	117	2	12	
782	4	99	4	4	4	2	4	
783	3	4	6	5	1	5	3	
784	2	2	44	36	51	8	25	
785	4	3	4	4	4	100	4	
786	5	11	103	5	15	2	1	
787	11	6	102	5	9	17	19	
788	11	2	1	86	50	8	7	
789	140	4	7	20	30	3	25	
790	39	31	2	85	60	2	12	
791	16	2	8	3	1	99	3	
792	16	2	8	3	114	13	3	
793	16	3	8	3	1	13	3	
794	16	54	8	3	1	13	3	
795	16	104	8	3	1	13	1	
796	16	2	8	3	1	101	3	
797	143	2	8	3	1	13	3	
798	142	2	8	3	1	13	3	
799	16	103	8	3	1	13	1	
800	141	2	8	3	1	13	3	
801	16	2	8	3	123	13	3	
802	16	2	8	3	1	13	117	
803	16	102	8	3	1	13	1	
804	16	2	8	3	124	13	3	
805	19	3	4	4	4	2	4	
806	5	2	2	84	6	2	2	
807	5	2	2	6	122	2	2	
808	11	6	14	87	9	17	19	
809	69	13	14	6	2	34	1	
810	13	2	44	36	51	8	25	
811	16	101	8	3	1	13	3	
812	51	68	53	6	32	2	35	
813	4	100	100	30	1	24	116	
814	43	6	8	67	2	3	1	
815	61	2	14	20	19	3	1	
816	144	105	17	5	5	3	7	
817	10	25	14	11	1	2	4	
818	4	31	105	13	34	3	4	
819	4	3	2	7	30	3	4	
820	69	2	8	13	35	14	2	
821	11	6	14	88	9	17	19	
822	4	24	2	17	16	5	1	
823	5	108	8	5	15	2	1	
824	16	2	8	3	1	102	3	
825	4	2	9	89	44	103	4	
826	3	2	106	3	125	3	3	
827	16	35	76	5	61	3	119	
828	2	12	2	17	16	5	4	
829	11	109	1	3	12	8	7	
830	4	3	4	4	4	2	120	
831	4	3	107	4	35	14	4	
832	24	2	2	5	1	34	4	
833	69	2	54	7	1	3	2	
834	29	32	2	5	48	3	21	
835	4	53	8	5	19	3	4	
836	14	28	2	17	126	53	121	
837	38	2	2	23	121	2	1	
838	11	6	104	5	9	17	19	
839	5	52	5	5	5	4	118	
840	4	106	8	7	51	3	76	
841	5	2	2	6	6	104	2	
842	4	23	3	6	22	3	4	
843	13	107	10	12	20	2	3	
844	16	102	8	3	1	13	3	
845	11	113	14	5	9	17	19	
846	145	2	2	6	6	2	2	
847	16	2	8	3	3	13	3	
848	29	32	2	5	127	5	21	
849	42	37	8	17	33	3	4	
850	11	6	14	5	9	17	123	
851	11	114	1	3	12	3	7	
852	4	3	4	91	4	2	4	
853	2	2	2	86	37	3	2	
854	147	32	2	5	48	5	21	
855	18	20	7	9	128	2	15	
856	103	3	4	4	4	2	4	
857	16	103	8	93	1	13	3	
858	4	111	4	4	4	2	4	
859	11	6	14	5	9	105	19	
860	16	110	8	3	1	13	3	
861	11	2	1	3	12	3	124	
862	4	112	2	54	21	7	125	
863	29	32	2	92	48	5	21	
864	56	24	39	7	30	2	122	
865	19	21	108	1	5	106	28	
866	84	2	21	90	17	3	1	
867	95	2	4	4	4	2	1	
868	146	25	4	4	4	2	1	
869	68	35	8	4	129	3	10	
870	5	2	109	6	6	2	2	
871	13	115	14	1	9	3	1	
872	4	3	2	5	10	34	12	
873	4	2	2	5	53	3	81	
874	8	7	8	49	9	3	39	
875	13	32	7	20	19	3	2	
876	4	3	2	13	2	3	1	
877	4	2	3	16	17	3	1	
878	15	32	10	5	48	5	56	
879	4	2	88	5	19	98	3	
880	11	2	110	3	50	8	7	
881	4	2	2	3	2	3	31	
882	13	34	8	6	36	3	1	
883	13	45	8	22	76	3	6	
884	13	63	8	6	36	2	1	
885	3	2	8	5	58	107	4	
886	11	7	15	3	17	3	4	
887	54	116	14	4	1	2	8	
888	4	117	7	9	2	2	126	
889	2	2	8	5	2	3	127	
890	13	3	111	12	20	2	3	
891	15	122	7	18	19	3	1	
892	16	123	8	3	1	13	3	
893	2	2	2	94	37	3	2	
894	21	31	1	95	28	3	4	
895	4	2	2	5	70	2	129	
896	4	2	21	16	17	3	135	
897	4	3	4	4	4	2	132	
898	4	3	4	4	4	2	134	
899	4	3	4	4	4	109	4	
900	65	124	8	7	68	3	4	
901	104	80	2	7	13	2	107	
902	13	45	8	4	34	3	1	
903	24	45	2	5	35	3	1	
904	4	31	2	11	34	14	21	
905	5	2	8	1	6	9	2	
906	56	24	39	7	39	2	122	
907	3	4	6	7	1	24	0	
908	5	114	2	6	6	2	2	
909	38	6	60	23	39	2	1	
910	16	103	8	93	1	13	1	
911	5	128	8	5	15	2	1	
912	19	3	113	4	30	2	122	
913	3	4	6	5	3	5	0	
914	149	2	8	7	133	112	139	
915	5	7	8	5	47	2	1	
916	10	4	3	6	14	3	4	
917	11	6	3	82	6	2	2	
918	2	6	2	3	22	23	1	
919	24	24	8	31	13	66	1	
920	16	114	8	3	1	13	3	
921	16	2	8	3	89	13	3	
922	2	7	2	37	2	13	1	
923	4	3	4	4	4	49	4	
924	11	114	1	3	50	8	7	
925	84	114	21	16	17	3	1	
926	14	12	2	6	18	2	1	
927	49	2	8	5	35	14	2	
928	2	2	37	2	2	120	1	
929	3	4	6	5	1	5	11	
930	4	3	2	54	21	7	69	
931	4	3	4	4	4	2	141	
932	4	3	4	4	4	115	4	
933	4	6	2	54	21	113	69	
934	4	129	4	4	4	2	4	
935	5	2	2	6	6	2	140	
936	5	2	2	6	135	2	2	
937	5	2	2	99	6	2	2	
938	5	11	8	5	15	114	1	
939	5	52	5	5	5	4	144	
940	5	52	5	5	5	118	3	
941	5	130	8	5	15	2	1	
942	11	9	1	9	2	3	142	
943	16	2	8	3	1	13	143	
944	16	2	8	3	1	119	3	
945	16	2	8	3	136	13	3	
946	38	2	2	23	121	116	1	
947	56	24	39	7	30	117	122	
948	84	2	21	16	134	3	1	
949	138	2	54	100	35	24	12	
950	149	2	8	7	133	112	145	
951	150	2	2	6	137	3	6	
952	151	4	6	6	14	5	0	
953	2	2	2	3	2	3	156	
954	14	12	2	17	4	5	1	
955	138	80	8	13	35	3	76	
956	4	2	8	6	5	3	4	
957	4	6	2	25	35	3	1	
958	24	24	8	31	13	66	76	
959	4	2	3	7	6	2	2	
960	43	6	8	67	1	3	1	
961	68	13	8	5	66	49	1	
962	43	2	3	7	33	2	46	
963	2	6	8	3	22	23	1	
964	11	6	8	7	39	61	30	
965	95	25	4	5	4	2	1	
966	152	2	8	3	1	13	3	
967	13	45	8	5	34	3	1	
968	74	9	1	45	94	29	4	
969	4	12	36	5	4	23	1	
970	3	58	2	7	2	53	1	
971	24	24	8	6	13	66	1	
972	51	31	2	25	2	23	26	
973	47	131	2	5	10	34	12	
974	153	2	60	23	39	2	1	
975	68	13	114	5	139	49	1	
976	3	88	1	101	12	3	7	
977	11	2	14	7	22	35	2	
978	13	32	7	25	19	3	2	
979	4	31	2	67	34	3	12	
980	3	3	6	5	1	5	0	
981	2	132	35	7	2	57	1	
982	64	133	2	7	34	38	2	
983	63	2	115	35	34	2	2	
984	10	2	116	20	140	121	147	
985	29	32	117	5	33	5	4	
986	4	10	3	6	33	2	1	
987	4	4	3	6	14	3	1	
988	25	37	10	7	2	3	1	
989	13	2	3	20	5	3	1	
990	4	6	1	2	2	2	2	
991	5	2	2	58	6	2	2	
992	4	28	3	20	2	3	3	
993	89	3	8	6	4	3	4	
994	29	31	6	5	19	23	4	
995	24	37	82	5	2	3	12	
996	25	31	2	13	34	3	12	
997	29	32	2	5	19	5	21	
998	2	2	2	2	5	61	24	
999	13	2	8	1	13	13	28	
1000	2	7	2	31	34	3	39	
1001	1	31	8	103	36	53	4	
1002	58	6	8	7	2	51	149	
1003	2	134	9	13	2	14	2	
1004	3	2	3	3	1	3	150	
1005	78	53	14	5	4	124	49	
1006	160	2	1	2	2	2	2	
1007	163	2	14	3	2	3	64	
1008	69	2	2	3	145	127	2	
1009	5	11	121	5	15	2	1	
1010	158	6	120	5	4	3	10	
1011	162	2	2	2	31	3	2	
1012	85	2	14	5	19	125	31	
1013	4	31	59	25	33	3	151	
1014	4	3	123	4	4	86	4	
1015	3	38	119	7	1	8	24	
1016	164	6	2	3	23	3	11	
1017	159	31	2	25	2	43	32	
1018	156	2	2	21	1	29	16	
1019	161	2	2	6	6	2	2	
1020	157	37	8	22	33	3	4	
1021	16	42	122	7	1	2	17	
1022	4	4	4	104	4	2	1	
1023	13	6	2	3	23	128	11	
1024	16	15	19	7	146	129	17	
1025	11	136	7	46	143	126	6	
1026	42	3	2	5	2	2	148	
1027	4	26	51	105	34	2	27	
1028	2	6	8	106	22	23	1	
1029	10	137	8	3	96	3	12	
1030	11	136	7	46	44	126	6	
1031	16	135	34	7	45	2	17	
1032	14	17	14	6	9	122	38	
1033	90	6	8	7	4	3	152	
1034	155	2	3	7	6	3	2	
1035	36	35	118	36	30	35	12	
1036	154	42	22	7	40	3	17	
1037	11	6	8	102	1	3	1	
1038	4	2	2	5	13	25	1	
1039	27	2	4	4	32	2	1	
1040	1	2	9	5	2	8	41	
1041	5	11	8	5	15	123	1	
1042	165	3	54	5	34	8	44	
1043	11	6	14	5	138	17	19	
1044	4	3	4	4	131	2	4	
1045	4	31	2	67	34	3	3	
1046	5	11	8	5	148	2	1	
1047	3	4	6	5	1	130	0	
1048	4	2	2	13	149	24	4	
1049	4	6	2	54	150	7	69	
1050	5	2	2	6	6	132	2	
1051	11	2	1	3	12	131	7	
1052	16	2	8	107	1	13	3	
1053	51	7	124	26	9	35	2	
1054	1	31	8	40	60	8	42	
1055	4	53	7	5	1	3	47	
1056	11	6	8	9	2	3	1	
1057	39	2	8	7	2	2	1	
1058	5	11	8	5	15	133	1	
1059	38	2	2	96	39	2	25	
1060	2	2	1	2	2	2	153	
1061	2	6	8	5	22	3	154	
1062	49	2	2	3	4	24	155	
1063	2	2	9	13	151	14	2	
1064	4	3	4	108	4	2	4	
1065	2	2	125	3	18	24	2	
1066	5	11	126	5	15	2	1	
1067	166	6	14	5	9	17	19	
1068	167	2	2	6	6	2	2	
1069	168	8	1	1	1	3	4	
1070	29	32	2	5	48	5	25	
1071	4	31	2	11	34	2	21	
1072	5	11	8	5	152	2	1	
1073	4	6	2	7	153	7	1	
1074	95	2	4	4	147	2	1	
1075	4	10	2	6	33	2	21	
1076	16	2	8	3	142	3	2	
1077	2	138	1	2	2	134	2	
1078	102	2	44	6	144	3	74	
1079	11	77	101	5	9	17	19	
1080	4	2	2	52	1	24	44	
1081	1	2	2	6	44	8	4	
1082	51	31	2	25	141	43	32	
1083	29	32	2	5	48	135	4	
1084	2	2	9	110	2	14	2	
1085	4	2	3	111	1	5	72	
1086	4	2	3	11	17	136	1	
1087	6	5	7	1	5	0	3	
1088	2	6	74	3	9	3	1	
1089	25	2	8	109	30	25	25	
1090	16	2	8	112	1	13	3	
1091	24	2	2	5	1	2	25	
1092	13	10	25	6	36	3	22	
1093	4	3	2	5	2	11	1	
1094	11	6	14	5	9	17	157	
1095	16	139	8	3	1	13	3	
1096	4	4	73	11	34	3	4	
1097	4	126	2	44	1	3	1	
1098	2	125	37	2	2	13	1	
1099	89	4	2	98	132	111	1	
1100	31	2	8	3	130	14	12	
1101	4	3	4	97	4	2	4	
1102	55	6	8	5	4	3	10	
1103	2	29	112	5	2	3	2	
1104	5	52	5	5	5	4	137	
1105	5	2	2	6	6	2	138	
1106	171	24	8	31	13	66	1	
1107	27	25	4	4	14	2	1	
1108	169	10	128	6	17	2	1	
1109	2	2	32	114	2	2	2	
1110	3	2	3	113	1	3	3	
1111	4	3	129	4	4	2	4	
1112	4	31	2	11	34	14	4	
1113	10	6	2	6	155	3	6	
1114	25	2	8	115	30	25	25	
1115	170	80	8	13	35	3	76	
1116	4	2	2	5	53	137	81	
1117	172	6	14	5	9	17	3	
1118	28	2	2	36	2	24	1	
1119	4	2	130	6	5	3	4	
1120	16	2	8	116	1	13	3	
1121	11	140	1	7	2	8	3	
1122	2	2	2	86	156	3	2	
1123	24	2	2	3	1	2	1	
1124	2	7	2	6	2	13	1	
1125	57	6	2	3	23	3	11	
1126	79	2	8	36	51	8	51	
1127	173	15	19	7	1	2	17	
1128	5	141	2	6	6	2	2	
1129	5	2	122	6	6	2	2	
1130	11	144	1	9	2	3	4	
1131	11	147	14	5	9	17	19	
1132	24	45	2	5	161	3	1	
1133	3	2	131	9	35	16	1	
1134	4	143	3	11	17	3	1	
1135	4	3	4	4	4	2	130	
1136	4	31	2	117	157	2	159	
1137	57	37	8	31	1	3	78	
1138	4	119	4	4	4	2	4	
1139	4	124	4	4	4	2	4	
1140	51	6	14	26	43	35	31	
1141	179	2	1	118	160	3	43	
1142	4	10	3	6	14	3	162	
1143	177	2	8	3	1	13	3	
1144	174	106	8	7	51	3	76	
1145	118	3	2	7	35	2	41	
1146	4	3	4	4	154	2	4	
1147	40	2	9	5	2	8	12	
1148	178	2	2	6	6	2	2	
1149	2	12	24	5	159	23	6	
1150	4	146	8	5	47	81	25	
1151	117	80	8	13	35	3	160	
1152	2	26	8	5	2	3	53	
1153	11	142	14	5	9	17	19	
1154	3	2	3	3	1	3	161	
1155	63	2	115	35	34	2	74	
1156	2	145	8	5	2	3	2	
1157	2	13	8	4	2	3	1	
1158	14	17	132	6	9	40	46	
1159	51	2	14	26	43	98	6	
1160	176	142	14	5	9	17	19	
1161	175	2	2	5	13	25	1	
1162	2	6	8	5	158	3	2	
1163	3	6	31	2	103	61	46	
1164	4	31	2	13	34	3	12	
1165	3	4	6	6	14	5	1	
1166	18	20	133	9	2	2	15	
1167	2	148	14	6	9	40	46	
1168	4	3	4	4	159	2	4	
1169	16	2	127	3	1	13	3	
1170	11	77	14	5	9	17	158	
1171	4	3	4	4	162	2	4	
1172	4	149	4	4	4	2	4	
1173	4	24	134	5	51	3	25	
1174	5	2	5	5	8	4	3	
1175	4	3	135	4	4	2	4	
1176	42	36	8	7	51	3	76	
1177	15	14	7	18	19	139	1	
1178	11	150	1	9	2	3	4	
1179	1	2	87	5	35	3	109	
1180	2	6	69	3	22	140	83	
1181	3	4	6	7	163	24	0	
1182	4	10	3	6	14	3	15	
1183	4	31	2	25	34	3	4	
1184	5	2	2	6	6	141	2	
1185	18	20	7	9	2	143	15	
1186	31	2	2	6	6	2	2	
1187	10	25	7	5	166	2	12	
1188	4	12	3	32	111	2	164	
1189	11	77	14	5	138	17	19	
1190	13	2	8	19	1	142	4	
1191	11	6	7	46	19	3	6	
1192	69	96	89	6	35	3	1	
1193	16	2	136	3	1	13	3	
1194	18	20	7	9	164	2	15	
1195	28	31	14	4	68	3	4	
1196	56	24	39	119	30	2	122	
1197	181	2	1	3	50	8	7	
1198	69	96	89	6	14	3	1	
1199	183	77	14	5	9	17	19	
1200	16	35	76	36	61	3	119	
1201	3	2	8	5	2	3	4	
1202	69	35	47	3	2	3	12	
1203	138	2	2	5	51	3	41	
1204	65	154	2	44	1	3	1	
1205	29	32	2	5	77	5	1	
1206	2	2	9	6	41	8	12	
1207	2	153	9	13	71	11	2	
1208	4	31	2	13	34	14	41	
1209	79	2	44	36	62	14	49	
1210	30	2	9	13	44	14	1	
1211	79	3	107	4	35	14	4	
1212	31	2	2	3	44	14	41	
1213	182	3	107	4	35	14	4	
1214	138	2	54	5	35	14	163	
1215	4	2	2	5	18	24	1	
1216	4	2	9	3	2	34	31	
1217	69	2	2	13	70	34	41	
1218	184	23	2	37	19	44	4	
1219	4	2	88	5	19	98	1	
1220	4	31	7	117	14	144	12	
1221	4	55	137	120	1	145	1	
1222	4	6	28	7	167	146	1	
1223	4	3	54	5	34	147	44	
1224	4	3	4	4	4	138	4	
1225	4	3	4	4	165	2	4	
1226	4	151	4	4	4	2	4	
1227	4	152	4	4	4	2	4	
1228	43	2	3	7	33	2	165	
1229	185	2	82	5	30	3	1	
1230	186	6	1	2	2	2	2	
1231	180	3	4	4	4	2	4	
1232	140	4	7	20	30	148	25	
1233	2	6	1	2	2	3	2	
1234	2	2	13	13	2	14	2	
1235	188	8	1	1	1	3	4	
1236	11	6	8	7	39	61	167	
1237	4	31	2	13	168	3	4	
1238	13	60	2	9	69	8	56	
1239	5	2	2	6	6	149	2	
1240	4	6	2	54	21	7	166	
1241	15	157	7	18	19	3	1	
1242	4	6	2	54	21	151	69	
1243	4	3	4	4	4	152	4	
1244	11	2	69	3	84	153	83	
1245	13	45	8	4	34	3	168	
1246	13	155	2	3	23	3	11	
1247	4	156	4	4	4	2	4	
1248	80	2	2	17	51	5	1	
1249	4	80	47	9	35	150	52	
1250	2	10	35	7	2	57	6	
1251	4	24	2	5	19	2	25	
1252	4	53	47	6	19	3	44	
1253	189	2	8	3	1	13	3	
1254	47	6	28	7	21	7	1	
1255	3	4	6	7	11	5	0	
1256	25	2	13	6	30	25	25	
1257	4	6	4	4	4	2	1	
1258	9	8	1	1	1	154	4	
1259	1	2	8	6	60	3	4	
1260	2	158	1	2	2	3	2	
1261	2	159	8	5	2	3	2	
1262	4	6	138	54	21	7	1	
1263	4	63	53	5	73	3	4	
1264	165	3	4	4	4	2	4	
1265	4	3	80	4	4	2	4	
1266	89	3	2	25	4	3	4	
1267	187	143	1	1	1	2	169	
1268	4	25	139	4	4	2	4	
1269	4	25	4	4	76	2	4	
1270	4	3	4	4	4	155	4	
1271	71	21	1	1	5	3	3	
1272	16	2	11	3	1	13	170	
1273	4	2	3	39	17	3	1	
1274	4	3	4	4	4	156	4	
1275	43	2	2	7	1	34	1	
1276	3	4	6	7	1	5	1	
1277	16	160	8	3	1	13	3	
1278	11	9	1	5	2	3	3	
1279	4	2	3	6	14	3	171	
1280	0	4	6	5	1	5	0	
1281	190	2	2	6	6	2	2	
1282	16	161	8	3	1	13	3	
1283	4	2	3	4	1	5	35	
1284	4	31	91	5	44	8	12	
1285	16	2	1	3	1	13	3	
1286	56	31	14	5	66	2	4	
1287	85	2	14	5	19	8	58	
1288	1	31	2	6	60	8	42	
1289	24	2	2	3	34	2	1	
1290	138	2	3	5	51	3	1	
1291	191	2	2	6	6	2	2	
1292	192	2	143	44	171	103	1	
1293	193	3	4	4	4	2	4	
1294	194	2	3	5	1	3	1	
1295	195	2	8	3	1	13	3	
1296	196	2	8	3	1	102	3	
1297	5	162	5	5	5	4	174	
1298	13	163	2	13	113	3	25	
1299	4	3	140	4	4	2	4	
1300	4	3	141	4	4	2	4	
1301	16	2	142	3	1	13	3	
1302	4	2	144	6	35	2	1	
1303	16	2	8	3	169	13	3	
1304	4	3	4	4	170	2	4	
1305	108	2	2	5	35	157	12	
1306	16	2	8	3	169	158	3	
1307	4	2	3	11	17	159	1	
1308	39	23	2	37	34	44	172	
1309	9	8	1	1	1	3	173	
1310	5	52	5	5	5	4	174	
1311	16	2	8	3	1	13	175	
1312	187	133	1	1	1	2	169	
1313	13	7	8	1	9	22	176	
1314	36	33	2	5	19	24	177	
1315	197	4	24	5	4	23	6	
1316	16	2	142	3	169	13	3	
1317	16	2	8	3	172	13	3	
1318	36	2	2	13	1	24	112	
1319	4	3	4	121	4	2	4	
1320	3	2	1	3	12	3	7	
1321	43	2	14	6	173	2	2	
1322	13	6	2	3	174	3	11	
1323	11	6	7	46	143	126	6	
1324	5	164	2	82	6	2	2	
1325	31	2	2	5	18	14	12	
1327	1	2	2	5	35	3	109	
1328	4	10	3	5	2	3	162	
1329	4	10	1	6	14	3	162	
1330	3	2	8	5	58	3	4	
1331	4	114	2	6	1	49	4	
1332	4	2	2	5	70	24	109	
1333	2	114	1	2	2	2	2	
1337	4	2	2	6	35	49	4	
1340	4	2	2	6	1	49	4	
1348	4	10	3	6	14	136	162	
1349	36	2	88	5	19	98	1	
1351	2	2	9	5	71	14	2	
1353	16	2	8	3	1	38	1	
1360	39	2	8	3	2	33	1	
1367	47	31	8	5	2	8	4	
1389	39	31	2	11	34	3	12	
1400	4	31	2	11	35	3	4	
1401	4	31	2	11	35	24	4	
