ST	dnaA	fusA	gyrB	leuS	pyrG	rplB	rpoB	clonal_complex
1	1	1	1	1	1	1	1	
2	2	2	2	2	2	2	2	
3	3	3	3	3	3	3	3	
4	4	4	4	4	4	4	4	
5	5	5	2	5	5	5	5	
6	6	6	4	6	6	4	6	
7	7	7	5	7	7	6	7	
8	10	10	9	12	13	4	33	
9	11	4	4	13	14	4	9	
10	11	4	4	40	39	4	6	
11	12	2	48	18	54	13	14	
12	13	2	45	24	52	2	14	
13	13	2	45	27	56	2	14	
14	13	2	47	23	53	2	14	
15	14	2	30	20	51	2	14	
16	15	2	40	21	52	2	14	
17	292	34	311	380	289	129	156	
18	17	13	44	19	2	2	14	
19	18	2	41	22	51	2	13	
20	19	2	46	26	51	2	13	
21	20	30	28	50	16	20	12	
22	21	29	29	34	24	11	18	
23	22	15	39	17	47	11	10	
24	23	15	23	16	28	11	11	
25	24	14	43	52	27	18	21	
26	25	31	24	52	21	9	15	
27	26	16	25	53	22	9	15	
28	27	14	26	54	26	10	16	
29	28	14	27	55	20	10	15	
30	29	18	32	33	29	8	30	
31	3	24	3	35	17	16	17	
32	3	24	3	35	3	16	17	
33	3	3	53	37	19	16	19	
34	30	18	38	29	34	8	22	
35	31	19	42	31	33	17	28	
36	32	12	22	31	31	8	28	
37	33	19	34	28	32	8	29	
38	34	18	33	32	30	8	31	
39	35	25	35	47	48	12	20	
40	36	26	36	49	50	12	20	
41	37	25	49	30	49	21	20	
42	38	28	37	46	49	14	20	
43	39	27	50	48	49	12	26	
44	4	23	13	38	37	4	6	
45	4	4	14	6	39	4	6	
46	4	4	4	13	39	4	6	
47	4	4	4	39	39	19	25	
48	4	4	4	39	41	4	25	
49	4	4	4	40	38	4	23	
50	4	4	4	6	37	4	25	
51	4	4	4	6	37	4	6	
52	4	8	18	43	40	4	25	
53	40	17	39	15	46	11	10	
54	41	3	54	37	3	15	17	
55	42	11	52	37	23	16	3	
56	42	3	52	37	23	16	3	
57	43	3	51	36	18	16	19	
58	44	32	12	9	35	6	6	
59	45	27	31	56	25	11	27	
60	46	20	19	44	45	12	6	
61	47	8	16	51	44	6	7	
62	48	4	15	42	39	4	9	
63	49	20	19	45	45	4	32	
64	50	20	17	44	45	12	32	
65	51	4	21	41	42	4	6	
66	52	21	20	44	45	4	6	
67	315	170	72	381	305	36	206	
68	7	8	5	7	15	6	7	
69	7	8	5	7	8	6	7	
70	8	33	11	9	9	6	8	
71	8	33	6	11	9	6	8	
72	8	33	6	14	9	6	8	
73	8	33	6	9	12	6	8	
74	8	33	6	9	9	6	8	
75	8	33	7	9	9	6	8	
76	8	9	10	9	9	6	8	
77	8	9	6	8	9	6	8	
78	8	9	6	9	9	6	8	
79	9	22	14	6	39	4	9	
80	9	4	14	6	11	4	9	
81	9	4	15	13	43	4	24	
82	9	6	14	10	11	4	6	
83	9	6	8	6	10	4	6	
84	60	1	61	1	36	22	1	
85	59	9	55	9	58	6	6	
86	8	9	57	9	9	6	8	
87	43	3	58	35	23	16	34	
88	4	4	4	62	59	4	6	
89	54	37	4	6	57	4	6	
90	58	37	4	6	42	4	25	
91	58	37	4	6	11	4	25	
92	52	20	19	44	45	12	32	
93	9	4	14	61	37	4	9	
94	55	36	56	59	60	4	6	
95	56	38	35	58	61	12	20	
96	57	39	49	57	49	12	20	
97	59	9	62	9	62	25	6	
98	49	20	19	44	64	24	32	
99	41	3	60	60	63	16	3	
100	59	40	12	9	35	6	6	
101	68	8	75	63	65	23	35	
102	59	9	12	9	67	6	25	
103	68	41	14	6	69	4	6	
104	59	40	76	9	70	6	6	
105	74	20	20	65	45	4	6	
106	58	41	14	6	69	4	6	
107	11	4	4	6	39	4	25	
108	68	8	75	63	65	34	35	
109	67	20	20	44	45	4	32	
110	66	4	15	40	76	4	9	
111	4	4	4	40	11	30	6	
112	4	4	4	13	72	4	6	
113	4	22	68	69	37	4	24	
114	53	35	20	44	45	4	6	
115	59	9	77	75	67	4	6	
116	9	4	14	6	11	4	6	
117	64	21	9	44	45	28	6	
118	59	40	12	9	67	6	6	
119	75	18	64	64	33	8	29	
120	46	20	20	44	45	29	6	
121	10	21	9	44	45	4	32	
122	63	3	51	35	77	27	3	
123	42	24	69	37	23	16	3	
124	4	4	4	6	39	4	25	
125	63	3	66	68	3	16	3	
126	59	9	73	75	62	6	6	
127	46	20	74	44	45	24	6	
128	59	45	59	9	62	23	6	
129	59	46	79	9	35	6	6	
130	69	43	70	71	74	26	12	
131	72	42	67	67	71	12	26	
132	67	20	9	44	45	4	32	
133	11	4	4	13	39	4	9	
134	4	4	13	4	39	4	25	
135	59	47	59	9	62	23	6	
136	74	21	74	44	45	4	6	
137	73	48	65	66	36	22	1	
138	59	45	59	74	62	23	6	
139	9	4	14	6	81	4	9	
140	11	4	4	13	82	4	9	
141	62	4	4	76	78	4	44	
142	4	37	4	85	11	4	45	
143	10	21	9	44	45	4	40	
144	74	20	74	78	45	35	32	
145	59	40	82	9	67	6	6	
146	77	4	14	79	39	4	9	
147	59	40	12	9	75	32	42	
148	7	8	5	78	45	6	7	
149	4	50	14	79	39	4	9	
150	4	4	84	83	39	4	6	
151	4	4	4	77	11	4	39	
152	76	40	82	9	67	6	6	
153	4	49	4	80	37	4	41	
154	4	4	4	81	80	4	6	
155	71	3	83	82	3	16	3	
156	73	53	65	86	1	22	1	
157	59	9	86	9	62	37	6	
158	59	9	12	75	84	6	6	
159	74	21	74	44	45	38	6	
160	4	4	4	40	85	4	6	
161	59	47	59	87	62	23	6	
162	79	15	39	15	86	11	46	
163	71	3	87	89	13	16	3	
164	1	1	72	73	1	33	48	
165	65	25	78	90	49	12	20	
166	36	39	71	91	49	12	37	
167	70	44	88	70	73	1	1	
168	59	40	81	9	79	37	38	
169	78	52	89	84	83	36	1	
170	62	4	4	6	39	4	44	
171	49	21	19	44	45	12	32	
172	65	54	49	88	49	12	47	
173	59	9	86	75	87	6	6	
174	4	37	15	6	39	4	6	
175	51	4	4	6	68	30	36	
176	4	4	4	6	45	30	6	
177	9	4	14	61	89	4	9	
178	4	4	4	6	39	30	6	
179	80	55	91	72	88	12	26	
180	81	42	92	92	49	12	26	
181	59	9	63	9	66	6	6	
182	49	20	19	44	90	24	32	
183	82	56	93	93	91	4	23	
184	4	4	4	6	92	30	6	
185	65	57	49	94	49	12	49	
186	83	58	94	2	93	39	14	
187	60	51	85	1	1	22	43	
188	61	9	80	75	79	40	6	
189	36	26	71	72	49	31	47	
190	9	4	15	6	37	4	9	
191	3	24	3	35	3	16	51	
192	46	20	74	44	45	24	42	
193	49	20	7	44	90	24	32	
194	11	6	4	13	39	4	9	
195	53	35	20	44	45	4	53	
196	8	33	86	9	9	6	8	
197	67	21	74	95	45	35	6	
198	68	8	75	63	65	34	6	
199	46	21	20	96	45	28	54	
200	74	20	20	65	45	4	32	
201	53	35	20	44	45	38	8	
202	53	35	20	44	45	29	32	
203	4	4	20	6	92	30	6	
204	4	4	4	6	95	4	6	
205	4	6	4	61	39	4	15	
206	37	20	20	44	45	4	32	
207	53	35	20	45	45	4	6	
208	59	33	59	9	87	6	6	
209	59	9	12	9	58	34	6	
210	6	47	82	74	67	6	6	
211	6	9	86	9	87	6	6	
212	66	4	15	13	76	36	9	
213	4	50	4	6	37	4	25	
214	53	21	20	44	45	4	6	
215	53	35	20	44	45	4	9	
216	11	43	4	71	30	38	17	
217	9	5	67	64	45	11	5	
218	74	43	28	70	77	35	52	
219	46	18	38	31	30	8	30	
220	51	47	76	6	67	36	6	
221	51	50	14	6	39	4	6	
222	51	50	4	40	39	4	6	
223	62	6	4	13	68	11	9	
224	52	37	4	6	42	4	25	
225	9	20	20	65	45	4	32	
226	66	4	15	40	76	4	32	
227	58	20	20	65	45	4	32	
228	9	4	15	13	39	4	9	
229	87	16	25	97	22	9	15	
230	49	20	74	44	90	24	32	
231	46	20	20	96	45	29	54	
232	88	25	49	72	49	12	20	
233	59	9	80	9	87	6	6	
234	4	4	4	6	39	4	6	
235	49	21	19	44	94	12	32	
236	59	64	81	9	79	37	6	
237	4	6	4	6	37	36	25	
238	58	40	81	9	79	37	38	
239	58	37	4	6	4	4	25	
240	8	9	6	9	9	4	8	
241	4	4	37	6	81	4	25	
242	89	14	97	101	98	41	58	
243	3	3	98	36	3	16	17	
244	90	20	19	44	45	4	6	
245	91	59	19	44	99	4	32	
246	67	59	19	44	99	4	32	
247	58	61	99	102	97	6	55	
248	92	60	100	99	9	42	56	
249	86	25	96	100	100	14	57	
250	84	62	95	98	94	43	52	
251	85	63	101	103	96	6	6	
252	22	15	102	104	101	11	10	
253	13	2	103	105	2	2	14	
254	58	4	90	6	39	4	59	
255	46	65	74	44	45	4	6	
256	9	6	14	61	37	4	9	
257	15	2	104	18	51	2	14	
258	13	13	105	106	51	44	14	
259	93	66	106	107	34	8	28	
260	24	67	107	108	102	18	60	
261	94	68	108	109	103	45	61	
262	95	56	112	116	104	4	64	
263	49	72	19	44	42	4	6	
264	90	20	74	44	109	4	32	
265	46	73	74	44	45	4	6	
266	52	20	19	45	45	4	6	
267	46	20	111	44	107	28	6	
268	96	9	113	115	106	6	6	
269	95	56	112	111	104	4	63	
270	49	69	19	45	64	4	32	
271	71	3	110	37	19	16	62	
272	98	39	92	112	108	12	26	
273	4	4	68	110	39	4	25	
274	99	24	3	35	3	16	17	
275	97	71	109	113	105	22	64	
276	98	70	91	114	49	46	64	
277	28	14	27	97	20	10	15	
278	59	9	59	9	67	6	6	
279	67	20	19	45	45	4	32	
280	3	3	58	37	3	16	17	
281	100	4	4	6	92	30	25	
282	101	13	40	117	110	44	65	
283	22	74	114	15	111	11	46	
284	8	9	6	9	9	19	8	
285	46	20	6	96	45	29	54	
286	59	64	81	9	79	37	38	
287	4	23	4	6	39	4	6	
288	82	56	93	93	91	4	84	
289	59	4	12	9	58	6	6	
290	22	15	116	104	118	11	71	
291	52	20	20	118	45	4	32	
292	11	4	4	6	39	4	6	
293	102	1	72	73	1	33	48	
294	9	42	14	61	89	4	9	
295	46	21	115	129	45	24	32	
296	49	20	19	65	45	4	32	
297	4	4	4	13	72	4	32	
298	4	4	4	119	112	4	39	
299	4	4	4	1	112	4	39	
300	59	9	12	75	84	6	66	
301	102	1	72	9	1	33	48	
302	22	15	116	9	118	11	71	
303	53	20	19	44	45	57	6	
304	51	4	14	120	11	30	6	
305	8	40	6	9	67	6	8	
306	4	4	4	80	39	4	4	
307	59	4	12	9	67	6	6	
308	103	75	117	121	113	47	67	
309	8	9	6	44	9	6	8	
310	59	40	59	9	62	6	6	
311	59	9	113	9	62	34	6	
312	58	4	90	6	39	48	59	
313	15	2	118	23	2	39	14	
314	59	9	113	122	70	6	6	
315	59	9	73	75	67	6	6	
316	59	88	82	9	67	6	6	
317	104	76	119	123	114	10	15	
318	10	21	9	44	115	4	32	
319	105	15	120	124	116	11	68	
320	11	4	4	13	39	4	6	
321	50	21	19	44	45	49	25	
322	4	37	14	125	39	50	6	
323	4	4	4	6	37	4	39	
324	9	22	14	6	39	4	6	
325	106	20	74	44	45	4	32	
326	107	15	102	104	118	11	69	
327	59	9	73	9	67	6	6	
328	108	20	17	44	45	12	32	
329	4	37	4	6	92	4	6	
330	58	23	4	39	117	4	8	
331	52	20	9	45	45	4	6	
332	44	78	12	9	35	6	6	
333	62	4	4	6	39	4	8	
334	8	9	6	9	9	6	39	
335	4	4	4	83	4	4	4	
336	59	9	113	115	70	6	6	
337	67	21	9	129	45	12	32	
338	59	9	73	9	67	53	6	
339	27	80	122	123	102	11	15	
340	4	23	4	6	39	4	25	
341	111	18	123	130	119	8	6	
342	44	9	12	9	35	6	25	
343	59	9	12	9	67	6	32	
344	53	20	19	44	45	4	6	
345	59	40	76	9	70	6	9	
346	4	89	4	6	37	4	78	
347	15	2	94	2	52	54	14	
348	112	81	124	31	120	8	30	
349	113	82	125	131	121	55	72	
350	4	4	13	42	39	4	6	
351	114	47	76	75	67	40	6	
352	115	43	28	121	122	56	12	
353	15	2	126	105	51	2	73	
354	7	8	5	7	123	6	74	
355	4	83	4	83	39	4	4	
356	46	20	20	44	45	29	76	
357	15	2	128	133	55	2	77	
358	26	16	25	53	127	9	15	
359	125	20	19	65	45	4	32	
360	129	56	93	141	129	59	63	
361	130	18	129	142	32	8	80	
362	71	3	53	82	3	60	19	
363	59	9	12	9	62	6	6	
364	1	1	1	1	1	1	81	
365	63	3	58	82	3	16	3	
366	68	8	75	63	65	34	83	
367	8	92	130	145	65	22	35	
368	9	4	15	5	4	30	25	
369	8	9	6	9	9	6	35	
370	68	8	75	63	65	34	9	
371	9	4	14	61	37	4	35	
372	45	20	74	44	45	24	6	
373	131	48	61	146	1	22	1	
374	14	2	30	133	51	2	14	
375	4	8	139	6	37	4	6	
376	11	4	4	4	39	4	6	
377	4	22	14	6	39	4	6	
378	9	22	14	44	39	4	6	
379	44	93	131	9	35	6	6	
380	121	9	59	9	67	6	6	
381	59	86	82	9	67	6	6	
382	59	40	73	9	87	6	6	
383	4	4	14	6	39	4	7	
384	22	15	39	134	47	65	10	
385	123	2	136	136	2	2	14	
386	122	18	135	135	126	8	29	
387	4	4	4	6	37	4	36	
388	119	85	134	132	125	63	75	
389	126	20	137	139	128	58	79	
390	132	18	132	147	131	8	85	
391	66	4	4	6	57	4	6	
392	51	4	15	62	59	4	6	
393	9	4	15	6	4	30	25	
394	10	21	17	44	134	12	32	
395	49	20	20	44	45	4	6	
396	109	42	35	127	133	51	26	
397	3	3	58	152	3	16	17	
398	75	18	64	154	34	8	28	
399	41	3	66	37	3	67	17	
400	90	20	129	65	45	12	32	
401	116	4	140	6	68	4	6	
402	117	84	141	15	124	62	86	
403	133	91	142	143	130	61	12	
404	26	95	145	155	136	11	89	
405	41	24	146	35	137	16	3	
406	1	44	147	156	1	22	1	
407	53	35	19	44	45	4	32	
408	52	21	148	44	99	4	6	
409	14	96	149	133	51	2	14	
410	122	48	130	1	17	40	28	
411	1	48	150	157	138	36	1	
412	134	97	151	158	36	1	90	
413	135	98	152	159	139	68	91	
414	136	99	153	160	140	12	92	
415	66	4	4	81	76	4	25	
416	116	4	15	6	42	4	25	
417	9	100	14	61	37	4	9	
418	53	35	154	44	45	4	6	
419	59	9	86	9	67	37	6	
420	86	26	96	161	141	69	93	
421	4	4	15	42	39	4	9	
422	36	39	67	138	49	12	26	
423	42	24	51	35	3	16	19	
424	137	101	155	162	142	70	94	
425	59	40	82	163	70	6	6	
426	4	37	14	6	42	4	25	
427	62	4	4	6	39	4	9	
428	138	9	12	164	35	6	6	
429	139	102	156	165	143	71	95	
430	51	23	4	166	144	4	6	
431	140	18	157	167	120	8	29	
432	141	44	158	168	145	1	1	
433	36	39	71	67	49	12	37	
434	3	104	3	35	3	16	17	
435	23	15	23	16	148	11	11	
436	1	105	158	177	149	22	1	
437	4	4	4	39	39	4	3	
438	51	23	4	6	11	4	3	
439	51	4	159	6	11	4	24	
440	11	4	4	169	11	4	25	
441	4	4	160	6	39	4	6	
442	4	4	4	170	39	4	25	
443	66	4	4	171	76	4	25	
444	142	9	63	172	35	6	6	
445	112	18	161	173	34	8	30	
446	17	2	162	117	110	2	14	
447	144	106	165	176	150	12	18	
448	46	35	68	44	45	4	6	
449	145	106	165	176	150	12	18	
450	53	20	20	178	151	4	32	
451	146	21	148	44	99	4	6	
452	147	48	65	66	36	22	1	
453	148	41	14	6	69	4	6	
454	1	107	156	168	1	22	1	
455	4	48	4	179	59	4	6	
456	149	44	61	180	152	1	1	
457	147	48	65	66	49	22	1	
458	9	4	14	61	37	4	97	
459	46	20	148	44	107	28	6	
460	73	21	65	66	36	22	1	
461	9	4	14	6	37	4	9	
462	1	107	158	1	153	36	1	
463	4	4	21	4	92	4	6	
464	49	21	148	45	45	4	6	
465	51	4	15	4	42	4	23	
466	120	25	127	90	49	12	20	
467	4	4	4	6	11	74	6	
468	152	15	102	104	101	11	69	
469	155	110	172	154	126	76	29	
470	154	109	171	185	157	75	101	
471	55	36	56	184	60	4	6	
472	153	98	170	159	156	68	100	
473	150	92	167	181	154	22	98	
474	151	108	168	182	155	14	93	
475	156	92	169	183	105	22	99	
476	86	25	96	161	141	69	93	
477	161	44	61	186	153	1	1	
478	1	44	177	86	153	77	1	
479	67	20	9	187	45	4	32	
480	42	24	180	35	3	16	19	
481	132	115	179	189	34	8	29	
482	162	24	178	188	3	78	3	
483	157	111	173	190	158	79	102	
484	26	14	143	191	61	11	89	
485	59	9	62	192	159	6	6	
486	36	112	78	193	160	12	103	
487	158	113	101	195	161	6	55	
488	4	22	13	42	39	4	6	
489	159	114	175	196	162	80	104	
490	71	3	110	82	3	81	105	
491	160	75	176	197	163	61	106	
492	13	2	174	194	51	2	14	
493	59	9	63	9	62	83	25	
494	4	4	4	6	37	4	9	
495	75	19	181	198	164	8	107	
496	165	117	184	31	34	8	108	
497	166	98	185	201	165	68	109	
498	163	116	182	199	30	8	31	
499	164	18	183	200	120	8	29	
500	167	15	186	202	166	11	110	
501	37	25	49	30	49	82	20	
502	65	57	49	94	49	12	111	
503	72	25	71	137	49	12	112	
504	168	76	24	203	167	11	58	
505	41	3	54	204	3	84	17	
506	125	21	17	44	173	28	6	
507	4	119	14	6	39	4	6	
508	63	11	58	36	77	16	19	
509	155	109	137	107	157	8	28	
510	4	4	4	209	171	4	115	
511	53	35	19	44	45	4	6	
512	59	40	187	75	67	83	6	
513	171	1	190	168	1	22	113	
514	4	4	14	40	92	30	6	
515	56	38	35	58	169	12	20	
516	106	20	74	44	170	4	116	
517	66	4	4	40	39	30	9	
518	170	40	80	9	70	6	6	
519	1	107	158	1	168	36	1	
520	41	3	191	207	3	16	114	
521	4	4	14	208	11	4	6	
522	67	20	9	205	45	4	32	
523	36	39	192	206	49	12	20	
524	1	107	188	1	172	36	1	
525	169	44	189	186	36	1	1	
526	37	27	35	126	49	12	26	
527	53	20	19	178	45	4	32	
528	95	56	112	116	104	4	63	
529	41	3	54	37	174	15	17	
530	172	18	193	210	175	17	29	
531	22	15	102	15	118	11	71	
532	173	39	37	92	49	12	20	
533	4	4	4	211	41	4	25	
534	174	8	75	212	176	49	6	
535	51	23	4	6	92	4	6	
536	6	4	4	6	37	4	6	
537	51	23	4	6	11	4	6	
538	1	51	89	1	177	36	1	
539	51	4	15	6	42	4	6	
540	1	48	194	214	179	22	90	
541	4	4	4	6	41	4	25	
542	178	4	4	6	37	4	6	
543	179	4	14	6	112	4	6	
544	10	21	9	44	45	4	33	
545	180	57	92	215	49	12	26	
546	150	92	109	217	181	22	99	
547	182	102	158	165	36	1	119	
548	150	92	195	218	182	22	99	
549	183	14	196	52	183	11	15	
550	179	4	4	6	112	4	6	
551	9	4	4	4	37	4	25	
552	52	35	19	44	45	4	32	
553	9	23	4	6	37	4	25	
554	11	4	4	40	39	30	121	
555	41	3	66	82	77	16	3	
556	58	4	4	120	11	30	25	
557	186	20	9	95	45	12	32	
558	4	4	15	120	187	30	123	
559	71	3	110	82	19	16	3	
560	188	107	61	222	153	87	1	
561	124	90	91	137	49	12	26	
562	22	15	102	104	101	11	71	
563	71	24	87	82	3	15	19	
564	49	69	20	44	64	4	6	
565	90	21	20	44	45	4	6	
566	4	4	14	79	39	4	9	
567	9	4	4	120	11	4	6	
568	189	9	12	9	67	6	6	
569	4	4	202	80	11	4	6	
570	175	122	198	213	178	85	117	
571	176	25	199	206	49	12	112	
572	177	18	200	154	34	8	28	
573	184	123	201	219	184	86	120	
574	59	9	63	9	35	6	25	
575	51	4	4	223	68	30	36	
576	8	9	204	9	9	6	8	
577	193	4	203	125	42	4	124	
578	4	120	4	120	92	4	25	
579	59	121	73	115	106	40	6	
580	52	124	20	44	185	4	6	
581	46	125	197	13	186	49	6	
582	9	4	14	6	9	4	6	
583	41	24	164	35	3	16	6	
584	3	3	51	37	3	16	17	
585	72	25	82	46	49	12	47	
586	80	4	4	39	39	4	25	
587	4	15	49	17	47	11	20	
588	185	4	38	220	34	8	122	
589	187	27	206	221	49	12	26	
590	181	27	207	216	180	12	118	
591	3	3	110	232	19	16	17	
592	125	21	197	44	45	4	6	
593	75	18	166	174	31	72	29	
594	179	4	15	6	37	50	4	
595	80	55	92	72	169	12	26	
596	127	25	220	239	49	12	20	
597	74	20	20	178	151	4	32	
598	144	129	165	237	150	12	129	
599	207	18	166	174	31	72	29	
600	49	20	19	44	45	4	131	
601	8	9	6	9	9	6	130	
602	59	9	73	75	35	6	6	
603	4	4	4	6	203	4	132	
604	210	4	4	238	201	4	39	
605	209	27	219	127	202	12	20	
606	37	27	49	57	200	21	20	
607	208	98	170	236	199	68	109	
608	211	48	61	186	198	77	1	
609	198	126	158	225	1	1	1	
610	199	15	205	224	46	88	10	
611	65	25	127	144	39	12	82	
612	41	3	54	37	19	15	17	
613	191	87	71	233	49	12	26	
614	201	21	19	44	45	12	32	
615	202	81	193	228	194	8	29	
616	59	9	217	75	195	91	6	
617	4	4	15	235	39	4	9	
618	204	15	214	124	191	89	68	
619	59	9	208	192	62	2	6	
620	67	21	74	227	45	4	32	
621	179	128	14	6	78	4	6	
622	90	20	19	129	196	12	6	
623	49	69	20	44	78	4	6	
624	205	43	218	234	197	61	129	
625	66	4	211	6	39	4	127	
626	4	4	209	125	188	30	3	
627	1	44	213	168	193	1	1	
628	130	127	129	231	126	90	128	
629	72	25	210	46	49	12	47	
630	200	43	49	229	192	61	20	
631	206	18	212	210	31	8	126	
632	203	18	216	230	34	8	122	
633	126	127	215	226	190	58	125	
634	124	112	91	233	189	12	26	
635	213	18	182	32	120	8	29	
636	11	4	4	169	85	4	25	
637	214	15	221	240	47	65	10	
638	212	4	4	6	11	4	6	
639	42	130	69	242	3	60	3	
640	71	3	83	245	3	16	3	
641	16	2	227	21	51	2	14	
642	204	131	222	241	209	11	68	
643	22	15	102	15	146	11	133	
644	190	25	31	243	204	11	134	
645	150	132	223	217	205	22	99	
646	127	26	224	244	49	12	135	
647	192	133	225	70	206	22	1	
648	26	14	226	246	207	11	15	
649	71	3	110	247	3	81	62	
650	215	14	26	248	208	10	15	
651	191	87	71	233	220	12	26	
652	226	143	238	260	231	102	146	
653	114	9	62	271	35	6	6	
654	52	154	20	118	45	4	152	
655	98	70	91	114	49	46	20	
656	66	4	15	40	57	4	9	
657	243	14	259	148	132	11	15	
658	244	27	260	291	204	104	27	
659	245	156	179	189	34	8	29	
660	246	81	182	292	239	8	155	
661	37	157	49	30	49	21	20	
662	4	4	4	6	240	4	25	
663	247	18	261	293	241	8	29	
664	248	4	160	6	39	30	6	
665	59	40	73	9	242	6	6	
666	144	106	165	237	150	12	129	
667	3	3	262	82	3	81	17	
668	216	158	263	133	243	105	14	
669	217	159	264	294	210	106	156	
670	33	19	34	295	32	8	29	
671	4	160	4	6	37	4	25	
672	168	161	228	203	167	11	58	
673	1	51	156	250	153	22	1	
674	150	92	109	251	211	22	157	
675	15	2	229	25	51	2	14	
676	219	134	230	159	213	68	158	
677	4	23	4	80	39	4	127	
678	46	21	19	253	45	4	159	
679	190	135	231	254	214	104	27	
680	220	136	232	255	215	107	136	
681	36	25	67	256	216	12	20	
682	59	40	82	9	67	108	6	
683	59	9	12	9	35	6	6	
684	221	137	233	257	217	11	52	
685	223	15	235	259	219	11	137	
686	68	8	75	261	65	34	35	
687	4	4	4	262	221	4	23	
688	196	4	4	263	92	4	138	
689	36	138	67	256	216	12	20	
690	192	44	236	264	222	22	1	
691	41	24	164	35	3	16	3	
692	13	2	103	2	2	2	14	
693	51	4	14	39	11	4	39	
694	3	139	66	266	3	16	17	
695	224	116	182	267	34	8	140	
696	225	140	93	268	224	109	141	
697	51	4	14	4	225	30	25	
698	2	141	239	133	2	2	14	
699	116	4	15	40	4	4	6	
700	150	92	240	269	154	22	99	
701	227	18	138	189	119	110	142	
702	36	25	49	30	49	21	143	
703	194	25	241	72	169	12	26	
704	2	2	239	270	51	2	14	
705	4	4	4	40	37	4	25	
706	4	4	4	39	41	92	25	
707	228	142	242	272	226	85	144	
708	3	3	3	35	3	3	3	
709	229	16	243	273	22	9	15	
710	49	20	19	44	64	24	145	
711	196	37	15	40	76	4	9	
712	1	126	245	73	228	33	1	
713	231	145	246	275	229	94	147	
714	13	2	105	133	51	2	14	
715	232	146	49	276	189	12	26	
716	233	147	247	277	49	12	103	
717	192	148	61	168	1	95	1	
718	140	18	248	31	230	8	29	
719	234	149	250	278	232	96	156	
720	235	150	251	279	233	11	148	
721	150	92	195	280	154	97	64	
722	10	21	19	44	45	4	6	
723	236	151	252	281	234	98	149	
724	46	21	19	44	235	4	32	
725	36	25	35	283	160	99	20	
726	3	3	3	82	3	16	17	
727	238	145	253	284	229	94	147	
728	106	20	74	44	45	4	116	
729	59	9	12	9	58	6	6	
730	37	27	35	126	49	100	26	
731	71	3	87	89	19	16	3	
732	127	25	254	206	49	101	26	
733	152	15	102	285	236	11	10	
734	246	152	33	31	30	8	29	
735	239	2	255	18	52	2	14	
736	240	92	167	217	105	22	99	
737	36	38	256	233	160	12	150	
738	241	98	170	287	237	68	109	
739	192	51	61	288	138	22	1	
740	51	4	14	6	11	4	25	
741	3	24	3	289	3	16	17	
742	66	4	4	171	187	4	25	
743	36	42	36	127	71	12	47	
744	58	4	257	4	39	4	151	
745	222	27	234	258	218	104	27	
746	195	77	237	265	223	14	139	
747	230	144	244	274	227	93	93	
748	15	153	266	286	244	2	14	
749	249	75	265	249	122	26	67	
750	11	22	4	6	57	4	9	
751	58	37	4	6	57	4	25	
752	9	4	14	6	43	4	25	
753	11	4	4	9	39	4	9	
754	59	33	62	9	62	25	6	
755	10	20	9	44	45	12	6	
756	68	8	75	63	251	34	35	
757	188	107	177	214	153	36	1	
758	11	4	4	4	11	4	25	
759	71	3	267	301	246	16	19	
760	1	51	61	310	1	1	1	
761	59	9	62	9	62	115	6	
762	4	4	268	6	11	4	6	
763	59	163	208	9	106	6	6	
764	59	9	12	9	62	113	6	
765	156	92	169	218	105	22	99	
766	4	4	4	13	39	4	25	
767	197	25	269	300	100	21	163	
768	53	20	270	178	151	4	32	
769	11	4	4	169	203	4	25	
770	63	3	51	35	77	27	164	
771	156	92	271	217	154	22	99	
772	11	4	4	13	39	114	9	
773	41	3	66	302	3	67	17	
774	250	122	272	299	245	112	160	
775	251	2	30	133	51	2	14	
776	11	22	4	6	39	4	9	
777	71	3	87	89	3	16	3	
778	59	164	77	75	249	4	6	
779	59	64	81	9	79	116	38	
780	253	165	273	296	247	11	161	
781	15	2	274	297	51	2	14	
782	11	4	4	304	11	4	25	
783	254	15	275	309	166	11	137	
784	177	162	276	298	34	8	165	
785	4	4	4	6	92	30	25	
786	68	8	75	63	65	34	162	
787	59	9	277	307	87	6	6	
788	59	40	82	306	67	6	6	
789	192	1	65	311	198	36	1	
790	3	24	3	35	3	111	17	
791	165	18	278	154	248	8	28	
792	59	9	6	9	67	37	6	
793	58	41	14	6	250	4	6	
794	114	9	12	75	195	6	6	
795	132	18	42	64	30	8	29	
796	59	9	6	9	106	6	6	
797	4	37	14	6	92	30	25	
798	252	20	20	95	45	4	32	
799	257	69	19	45	252	4	32	
800	58	37	4	6	42	117	25	
801	4	23	4	125	39	4	6	
802	4	4	4	303	37	4	25	
803	260	25	78	308	253	12	20	
804	8	9	279	9	9	6	8	
805	49	20	19	305	45	24	32	
806	71	3	87	312	254	16	167	
807	255	166	280	313	255	11	166	
808	43	3	66	314	146	16	168	
809	51	4	15	6	92	4	6	
810	41	3	191	207	146	16	114	
811	5	5	281	5	5	5	5	
812	3	24	4	35	146	16	17	
813	74	20	20	44	99	24	32	
814	8	33	277	9	9	6	8	
815	9	4	159	42	37	4	23	
816	59	9	80	172	35	6	6	
817	9	168	14	61	37	4	9	
818	256	167	4	125	11	30	25	
819	4	169	4	81	187	4	25	
820	258	170	158	315	256	36	169	
821	13	2	45	26	2	2	14	
822	249	43	28	197	122	56	67	
823	36	39	192	206	135	12	20	
824	90	20	74	44	45	4	6	
825	52	20	20	169	45	4	152	
826	261	171	282	316	49	12	26	
827	259	42	49	317	240	12	20	
828	9	4	14	61	257	4	9	
829	262	15	283	318	166	11	170	
830	51	4	21	41	42	4	171	
831	263	4	13	42	39	4	6	
832	98	25	92	233	49	12	26	
833	42	3	285	82	3	16	3	
834	37	25	284	193	49	12	172	
835	266	44	61	165	1	1	43	
836	265	44	189	186	36	1	1	
837	264	44	236	319	145	118	1	
838	219	134	152	159	213	68	158	
839	127	25	36	317	108	12	26	
840	1	92	158	86	36	22	1	
841	127	42	78	112	49	12	26	
842	37	25	256	206	189	99	26	
843	153	134	230	201	199	68	100	
844	1	1	65	84	1	36	113	
845	153	98	152	201	213	68	100	
846	1	107	158	1	1	1	1	
847	208	98	170	159	199	68	109	
848	53	35	20	44	259	4	6	
849	267	172	286	320	258	112	144	
850	192	44	61	1	1	22	90	
851	53	35	20	44	260	4	6	
852	4	4	4	4	39	4	6	
853	15	2	2	22	51	2	14	
854	1	44	65	158	153	22	1	
855	42	3	60	82	3	16	3	
856	49	35	20	126	45	4	6	
857	132	18	22	64	34	8	29	
858	1	105	61	288	1	22	119	
859	230	25	168	274	141	14	93	
860	27	14	26	97	3	10	15	
861	24	14	235	52	98	18	58	
862	192	126	61	86	1	1	1	
863	3	24	178	37	19	78	17	
864	4	4	14	13	39	4	6	
865	243	14	25	52	207	18	58	
866	186	20	148	44	45	4	6	
867	51	4	4	41	92	30	25	
868	146	20	9	44	45	4	32	
869	199	15	39	16	46	11	71	
870	37	25	78	94	189	12	26	
871	22	15	102	15	101	11	10	
872	3	3	58	82	3	81	3	
873	85	63	101	103	96	6	53	
874	9	4	14	13	43	4	24	
875	14	2	30	133	37	2	14	
876	71	3	51	89	19	16	3	
877	15	2	2	18	53	2	14	
878	52	21	20	125	45	4	6	
879	152	15	102	15	101	11	133	
880	217	149	264	294	232	106	156	
881	137	98	152	162	156	68	100	
882	217	15	264	294	232	106	156	
883	58	37	4	44	42	4	6	
884	4	6	277	9	39	4	25	
885	11	6	81	9	187	4	25	
886	63	3	4	6	3	16	3	
887	11	6	4	6	39	4	9	
888	46	20	67	256	45	4	6	
889	46	40	113	40	67	6	6	
890	59	64	81	43	79	37	38	
891	4	6	4	40	37	4	25	
892	4	6	4	43	11	4	6	
893	10	35	19	44	45	4	6	
894	52	20	148	44	45	4	32	
895	16	2	45	25	55	2	14	
896	15	2	263	286	53	2	14	
897	24	173	287	326	219	18	58	
898	15	2	288	327	51	2	14	
899	269	14	289	155	262	11	15	
900	13	13	30	328	263	44	14	
901	112	18	161	173	264	8	30	
902	10	20	74	324	45	4	6	
903	16	2	48	323	2	2	14	
904	68	8	75	325	65	34	35	
905	270	39	91	92	49	12	26	
906	58	174	4	6	42	4	25	
907	13	40	59	105	2	119	14	
908	4	83	4	13	261	4	173	
909	189	33	12	321	35	4	6	
910	43	3	66	314	3	16	168	
911	271	175	290	329	265	120	174	
912	3	24	3	35	146	16	17	
913	273	176	292	330	266	121	176	
914	272	3	291	36	3	16	175	
915	24	14	43	52	267	18	21	
916	275	20	148	44	45	4	6	
917	140	19	157	167	126	8	29	
918	49	21	19	44	115	12	32	
919	274	15	294	97	268	10	15	
920	24	14	293	52	269	18	58	
921	276	18	295	331	34	8	29	
922	169	107	61	168	36	77	1	
923	51	4	15	6	270	4	6	
924	51	6	4	6	76	4	9	
925	51	4	4	6	76	4	9	
926	277	165	296	332	271	11	161	
927	9	4	297	6	11	4	39	
928	280	178	299	335	274	106	156	
929	279	25	96	334	273	14	93	
930	278	177	298	333	272	122	177	
931	59	33	80	9	87	6	6	
932	1	51	65	337	275	36	1	
933	59	40	12	9	62	6	6	
934	158	61	99	102	97	6	55	
935	36	180	302	339	49	12	179	
936	192	51	61	214	198	36	1	
937	10	20	148	118	45	12	6	
938	282	4	4	6	276	4	9	
939	53	35	20	44	45	4	180	
940	4	183	4	6	39	4	25	
941	46	20	9	341	45	24	6	
942	1	44	303	340	193	22	1	
943	10	182	9	44	45	4	20	
944	283	184	201	343	277	86	120	
945	1	48	61	342	36	22	1	
946	284	8	16	344	278	4	173	
947	49	181	20	118	279	124	32	
948	116	4	15	6	11	4	25	
949	186	21	17	45	45	4	6	
950	9	4	15	13	39	4	6	
951	4	8	139	80	37	4	6	
952	182	44	61	1	153	1	1	
953	4	4	4	6	171	4	9	
954	4	4	13	42	39	7	6	
955	9	22	14	304	39	4	9	
956	74	21	20	44	45	4	32	
957	4	4	4	4	92	30	9	
958	52	20	20	118	45	4	152	
959	46	20	19	44	45	35	32	
960	188	44	158	86	36	22	1	
961	59	9	12	115	35	6	6	
962	46	20	74	44	45	4	6	
963	98	70	91	127	49	46	20	
964	11	4	14	40	39	4	23	
965	36	26	71	72	49	12	47	
966	59	9	63	9	67	40	6	
967	51	4	4	6	39	4	25	
968	59	40	6	9	62	6	6	
969	53	20	19	44	99	4	6	
970	49	69	20	65	45	4	6	
971	72	25	91	46	49	12	47	
972	4	4	14	6	39	4	127	
973	179	128	14	6	112	4	6	
974	53	35	148	44	45	4	6	
975	15	2	274	106	51	2	14	
976	1	44	61	1	153	1	1	
977	49	20	19	65	45	4	6	
978	46	21	20	44	45	12	6	
979	1	44	72	168	153	1	1	
980	4	4	4	40	39	4	25	
981	4	4	14	4	11	4	6	
982	4	4	4	39	39	4	25	
983	71	3	60	37	19	16	19	
984	65	57	49	94	49	12	47	
985	60	44	156	168	153	1	1	
986	46	20	148	44	45	4	6	
987	179	4	14	4	39	50	6	
988	8	9	6	9	9	125	8	
989	127	25	220	239	49	12	182	
990	85	63	101	103	96	6	181	
991	96	9	82	9	242	6	6	
992	47	186	16	51	44	6	7	
993	286	21	19	129	45	12	6	
994	46	20	20	44	45	12	6	
995	188	44	158	346	36	22	1	
996	186	21	19	44	45	12	6	
997	65	25	127	144	280	12	82	
998	4	4	4	347	57	4	184	
999	59	9	217	9	195	91	6	
1000	4	4	13	6	281	4	9	
1001	42	3	305	89	19	16	3	
1002	52	20	6	65	45	28	6	
1003	52	20	19	65	45	28	6	
1004	59	9	12	9	70	6	25	
1005	51	187	101	103	68	4	55	
1006	289	43	218	352	282	61	129	
1007	58	41	14	6	69	127	6	
1008	291	77	49	30	49	12	47	
1009	237	43	308	354	283	61	12	
1010	36	180	302	339	49	12	190	
1011	68	8	75	13	39	34	9	
1012	127	25	312	356	49	12	20	
1013	293	20	74	355	290	4	6	
1014	59	40	314	9	67	6	6	
1015	4	4	68	6	39	4	25	
1016	9	4	14	61	37	131	9	
1017	66	4	68	358	11	4	25	
1018	59	40	315	9	70	6	6	
1019	51	4	15	263	11	4	6	
1020	294	190	313	357	291	6	53	
1021	59	9	12	163	70	6	6	
1022	63	189	66	68	3	130	3	
1023	36	57	312	359	49	132	26	
1024	90	20	9	360	99	28	32	
1025	295	18	316	154	292	8	28	
1026	296	92	317	217	105	22	64	
1027	59	9	319	115	70	6	6	
1028	297	149	318	361	293	106	156	
1029	43	130	58	36	19	133	192	
1030	300	25	207	362	49	12	118	
1031	161	44	158	86	153	22	194	
1032	36	57	312	359	49	12	26	
1033	59	192	321	172	35	6	6	
1034	268	3	191	35	3	81	3	
1035	71	3	83	82	3	134	3	
1036	72	25	71	283	49	12	26	
1037	18	2	27	2	51	2	14	
1038	28	14	27	123	20	122	15	
1039	150	92	195	217	154	97	93	
1040	237	43	219	197	130	67	12	
1041	18	2	45	2	51	119	14	
1042	4	6	4	77	11	36	39	
1043	80	42	322	137	284	12	185	
1044	4	22	13	6	39	4	186	
1045	250	122	272	348	285	112	187	
1046	287	15	253	349	286	11	188	
1047	4	22	68	69	37	11	24	
1048	203	110	306	189	212	8	18	
1049	28	193	119	350	287	18	89	
1051	37	194	219	351	288	12	189	
1052	288	18	323	142	126	8	29	
1053	91	20	19	178	45	4	6	
1054	243	195	324	363	294	11	16	
1055	301	196	254	216	189	12	195	
1056	302	87	325	216	49	135	20	
1057	24	14	293	52	295	18	58	
1058	303	197	326	364	296	136	196	
1059	36	25	49	30	49	21	20	
1060	36	198	312	359	49	12	26	
1061	59	40	82	87	67	6	6	
1062	61	40	82	9	67	6	6	
1063	306	1	329	70	73	22	1	
1064	169	44	61	86	228	1	1	
1065	305	106	330	367	298	138	18	
1066	151	108	328	366	297	14	197	
1067	94	68	298	368	299	11	198	
1068	68	8	75	63	65	139	35	
1069	91	59	19	44	99	137	32	
1070	122	18	179	154	164	8	28	
1071	127	25	35	221	49	12	172	
1072	2	2	2	286	2	2	73	
1073	49	72	19	44	45	4	6	
1074	57	39	49	57	49	140	20	
1075	59	9	12	115	37	6	9	
1076	8	9	6	369	9	6	8	
1077	307	21	9	65	45	4	6	
1078	51	4	14	125	37	4	6	
1079	11	4	4	4	39	50	6	
1080	140	18	22	107	241	8	29	
1081	4	4	4	6	11	4	6	
1082	310	18	42	210	34	142	199	
1083	59	47	76	371	67	6	6	
1084	309	18	34	370	34	8	29	
1085	311	18	310	372	34	143	28	
1086	7	8	5	7	300	6	7	
1087	33	19	34	28	304	8	29	
1088	49	21	74	44	45	141	32	
1089	81	199	92	92	49	12	26	
1090	111	18	336	142	32	8	80	
1091	313	201	331	374	301	6	55	
1092	33	18	34	370	32	8	29	
1093	59	9	73	375	242	53	202	
1094	4	4	4	347	39	4	25	
1095	154	202	332	376	302	144	203	
1096	75	18	64	64	32	8	29	
1097	158	113	333	195	303	6	55	
1098	33	81	334	228	241	8	204	
1099	314	18	337	252	30	8	30	
1100	312	200	39	15	46	11	201	
1101	308	113	335	373	291	6	200	
1102	13	2	174	377	2	2	14	
1103	59	47	338	379	70	146	6	
1104	18	2	45	26	51	2	205	
1105	4	89	310	6	37	4	78	
1106	256	4	310	304	38	4	9	
1107	1	44	158	168	153	1	1	
1108	318	68	340	384	306	122	177	
1109	4	4	310	6	37	4	6	
1110	256	4	4	304	38	4	9	
1111	2	2	2	1	19	2	2	
1112	13	13	30	385	52	2	13	
1113	127	26	224	244	49	12	211	
1114	49	21	19	44	45	12	6	
1115	4	4	4	169	307	4	25	
1116	4	83	342	83	76	4	4	
1117	18	2	45	26	51	2	73	
1118	49	69	19	45	252	4	32	
1119	59	40	12	9	67	40	6	
1120	9	4	344	61	89	4	9	
1121	208	98	185	236	237	68	109	
1122	78	107	65	217	36	36	1	
1123	59	9	12	9	106	6	6	
1124	51	4	15	13	43	4	6	
1125	9	205	14	6	81	4	9	
1126	59	9	345	389	79	37	215	
1127	63	3	51	35	77	27	214	
1128	95	56	112	111	309	4	63	
1129	321	57	325	388	49	14	213	
1130	52	204	20	44	45	4	6	
1131	320	20	74	387	308	12	6	
1132	59	40	12	115	62	6	6	
1133	33	110	34	370	310	8	29	
1134	324	25	92	206	312	99	26	
1135	325	134	346	391	313	68	158	
1136	326	206	347	392	314	12	158	
1137	266	44	61	86	36	148	1	
1138	208	207	230	393	237	68	217	
1139	327	208	348	394	315	149	218	
1140	322	110	200	390	120	76	28	
1141	63	3	66	68	3	16	219	
1142	323	77	92	57	49	12	216	
1143	46	20	20	65	45	12	6	
1144	126	127	137	139	128	58	79	
1145	15	2	229	386	51	2	14	
1146	49	69	20	45	45	4	6	
1147	4	4	4	40	92	4	6	
1148	59	40	63	271	106	6	6	
1149	2	58	94	18	51	39	14	
1150	41	3	66	82	77	15	17	
1151	44	9	12	9	35	6	6	
1152	4	23	4	4	11	4	9	
1153	51	23	4	6	39	4	138	
1154	59	9	73	163	62	6	6	
1155	331	216	359	404	321	61	67	
1156	4	37	351	120	11	30	124	
1157	267	211	352	399	319	85	144	
1158	90	20	74	44	322	4	6	
1159	51	4	358	6	42	4	6	
1160	330	20	148	44	45	4	6	
1161	4	4	13	42	39	4	226	
1162	153	88	357	403	156	68	225	
1163	169	44	61	396	317	1	220	
1164	123	209	136	286	2	2	14	
1165	4	4	4	395	39	4	6	
1166	79	15	354	16	320	65	11	
1167	43	3	66	407	3	16	210	
1168	65	25	127	144	316	12	82	
1169	59	9	353	9	67	6	6	
1170	4	212	4	6	37	4	25	
1171	132	18	132	400	131	8	28	
1172	169	44	65	180	228	150	1	
1173	71	3	110	37	323	16	17	
1174	335	30	360	378	324	154	12	
1175	328	92	109	181	205	22	221	
1176	155	18	361	406	126	8	29	
1177	71	3	362	89	19	16	3	
1178	4	4	4	6	203	4	228	
1179	15	2	266	408	51	2	14	
1180	150	92	349	397	318	22	99	
1181	51	214	4	401	112	152	25	
1182	17	2	162	398	110	2	14	
1183	82	213	93	141	224	4	84	
1184	2	2	239	18	51	2	222	
1185	333	217	94	2	51	2	73	
1186	334	2	343	2	51	2	14	
1187	15	2	350	2	51	2	223	
1188	59	40	82	9	67	151	6	
1189	329	215	356	402	277	153	120	
1190	150	92	355	409	154	22	224	
1191	212	4	4	410	11	30	6	
1192	338	122	363	411	325	85	187	
1193	337	9	6	9	9	6	8	
1194	336	3	285	89	3	16	3	
1195	150	92	109	145	205	22	230	
1196	4	4	4	6	39	4	39	
1197	339	9	6	9	9	6	8	
1198	9	4	14	6	39	4	138	
1199	59	9	63	9	35	40	25	
1200	340	2	288	408	51	2	14	
1201	80	27	91	206	328	12	20	
1202	4	83	4	6	261	4	173	
1203	100	4	4	39	85	4	25	
1204	42	223	285	82	3	16	3	
1205	11	4	4	4	32	4	6	
1206	153	98	357	403	156	68	225	
1208	144	129	165	237	150	12	29	
1209	4	4	4	6	92	4	132	
1210	16	2	369	413	327	2	13	
1211	65	57	49	94	49	12	7	
1212	9	4	14	61	37	4	1	
1213	9	4	14	61	37	4	20	
1214	40	17	39	15	46	11	112	
1215	42	3	52	37	23	16	6	
1216	47	8	16	51	44	6	47	
1217	188	18	33	199	30	8	20	
1218	188	44	158	346	36	22	9	
1219	36	25	49	126	49	21	9	
1220	161	44	61	186	153	1	58	
1221	4	9	6	9	9	6	8	
1222	36	27	35	422	49	12	10	
1223	37	4	49	30	49	82	140	
1224	94	68	108	423	332	157	32	
1225	58	4	374	4	39	4	3	
1226	256	4	4	304	333	4	9	
1227	9	4	6	6	37	4	9	
1228	42	22	13	6	39	4	186	
1229	53	35	20	9	45	4	6	
1230	156	92	349	218	334	22	99	
1231	53	4	154	44	45	4	6	
1232	345	173	294	191	183	158	1	
1233	74	20	20	65	45	4	234	
1234	156	92	349	218	45	22	99	
1235	256	4	4	304	259	4	9	
1236	1	44	65	86	1	36	1	
1237	36	27	35	90	49	12	112	
1238	72	25	92	193	49	12	26	
1239	161	44	158	86	153	22	1	
1240	90	20	20	178	45	4	32	
1241	46	20	20	44	45	4	6	
1242	178	4	4	426	92	4	6	
1243	41	3	51	427	335	16	3	
1244	346	1	375	337	336	22	1	
1245	7	8	5	424	15	6	235	
1246	19	2	46	26	51	159	13	
1247	52	224	20	44	45	4	6	
1248	4	4	4	425	4	4	4	
1249	347	15	39	134	47	65	10	
1250	4	4	4	4	39	4	25	
1251	179	4	4	6	78	4	6	
1252	15	2	45	26	51	2	14	
1253	22	225	376	428	337	65	236	
1254	51	226	4	80	203	4	25	
1255	117	227	377	429	338	14	93	
1256	348	25	96	430	339	160	93	
1257	349	40	82	9	67	6	6	
1258	151	25	96	432	340	14	93	
1259	37	25	49	431	49	21	20	
1260	4	4	4	433	59	4	6	
1261	67	21	74	44	45	4	32	
1262	4	4	4	40	95	30	6	
1263	42	24	51	35	3	16	175	
1264	51	4	14	120	11	4	36	
1265	341	73	148	44	45	12	6	
1266	1	107	368	168	1	22	1	
1267	94	208	298	417	315	11	177	
1268	66	4	15	40	57	4	232	
1269	13	2	367	2	51	2	14	
1270	342	113	371	418	161	6	55	
1271	123	2	136	286	2	2	14	
1272	71	218	87	82	3	15	19	
1273	15	2	162	419	51	2	14	
1274	2	217	366	2	2	44	231	
1275	15	158	365	416	330	105	222	
1276	192	44	156	214	329	1	1	
1277	59	47	76	9	35	6	6	
1278	13	2	45	415	51	2	14	
1279	51	4	4	6	57	4	227	
1280	59	9	63	163	70	6	42	
1281	15	158	365	416	55	105	222	
1282	10	20	148	44	45	4	6	
1283	59	9	6	9	62	6	6	
1284	41	3	66	82	3	16	17	
1285	19	221	372	18	2	2	14	
1286	2	2	30	19	51	2	14	
1287	13	219	45	414	2	155	14	
1288	11	23	4	304	4	4	6	
1289	2	2	2	2	51	2	14	
1290	15	220	370	415	51	2	222	
1291	109	25	220	420	189	12	20	
1292	343	38	67	48	331	12	233	
1293	179	23	4	6	39	4	39	
1294	36	27	35	193	49	12	20	
1295	344	75	373	421	122	61	12	
1296	66	4	4	80	203	4	25	
1297	11	4	4	6	37	4	9	
1298	83	58	94	18	51	39	14	
1299	19	2	372	105	2	2	14	
1300	51	222	21	41	42	4	6	
1301	63	3	66	68	3	156	3	
1302	57	199	49	57	49	12	20	
1303	53	35	20	438	45	4	6	
1304	140	18	248	439	230	8	28	
1305	350	4	4	410	343	4	6	
1306	15	2	382	18	51	2	14	
1307	13	230	103	105	2	2	14	
1308	13	217	381	286	110	2	14	
1309	11	4	4	6	37	4	25	
1310	41	3	66	437	342	78	192	
1311	2	2	380	2	55	2	237	
1312	156	92	355	436	105	22	64	
1313	192	44	379	435	73	22	1	
1314	2	2	378	2	341	2	14	
1315	59	47	208	434	242	6	6	
1316	59	229	59	74	62	23	6	
1317	93	228	106	107	34	8	28	
1318	82	56	93	141	104	4	63	
1319	82	140	93	141	91	4	84	
1320	22	15	283	149	133	11	137	
1321	22	15	186	149	133	11	58	
1322	82	140	93	141	224	4	84	
1323	4	22	68	69	37	4	238	
1324	4	4	4	62	59	163	6	
1325	46	20	20	96	45	162	54	
1326	275	21	19	44	45	12	32	
1327	124	38	67	216	169	164	150	
1328	4	4	4	6	345	4	25	
1329	9	4	4	6	37	4	25	
1330	153	98	170	440	344	68	217	
1331	74	20	148	44	45	4	32	
1332	353	234	158	444	73	22	1	
1333	353	105	368	1	275	165	1	
1334	22	225	39	15	337	65	137	
1335	335	75	373	121	122	47	67	
1336	319	235	385	148	132	166	58	
1337	319	14	385	148	132	166	58	
1338	4	4	4	40	11	4	115	
1339	59	9	12	75	106	6	6	
1340	51	4	4	6	39	4	9	
1341	58	4	4	6	68	4	6	
1342	354	2	48	445	51	2	14	
1343	216	158	263	327	56	105	14	
1344	275	20	74	65	99	4	6	
1345	4	4	14	4	11	59	6	
1346	66	4	4	6	11	4	6	
1347	49	21	19	44	45	4	32	
1348	46	21	19	44	45	4	6	
1349	186	35	17	44	45	4	32	
1350	58	22	14	6	39	4	9	
1351	4	4	15	6	92	4	6	
1352	41	3	51	35	335	16	3	
1353	150	92	169	217	182	22	221	
1354	103	75	117	121	348	47	67	
1355	25	3	3	14	1	2	2	
1356	24	3	1	11	2	1	8	
1357	14	3	3	5	3	1	10	
1358	6	2	11	7	4	3	3	
1359	31	3	3	18	1	1	2	
1360	3	1	1	33	2	1	12	
1361	3	3	2	3	3	1	8	
1362	8	3	3	13	3	1	2	
1363	3	2	3	3	3	1	239	
1364	6	237	11	7	4	3	3	
1365	14	236	10	29	3	8	12	
1366	357	238	4	14	3	1	2	
1367	5	3	1	25	8	6	240	
1368	3	3	2	4	3	1	241	
1369	3	3	1	4	3	168	2	
1370	356	3	10	14	3	1	2	
1371	103	75	117	121	348	167	67	
1372	74	20	74	44	45	35	32	
1373	59	9	113	9	195	6	6	
1374	8	3	24	446	3	1	2	
1375	49	21	387	44	45	12	32	
1376	36	39	67	138	349	12	26	
1377	358	213	386	447	350	4	141	
1378	71	239	87	448	254	169	3	
1379	52	21	20	44	45	4	245	
1380	53	35	20	451	45	4	6	
1381	364	43	218	453	197	61	129	
1382	192	241	158	452	153	36	1	
1383	57	39	49	57	353	12	20	
1384	1	48	61	456	36	77	1	
1385	1	243	65	86	153	22	1	
1386	1	48	150	86	138	36	247	
1387	1	1	65	70	356	22	1	
1388	37	25	392	206	312	99	26	
1389	208	240	170	393	199	171	109	
1390	153	98	152	450	354	68	217	
1391	219	98	357	454	355	171	246	
1392	153	134	394	457	355	68	217	
1393	366	242	152	455	355	171	158	
1394	365	19	42	228	30	8	29	
1395	33	19	276	370	32	8	29	
1396	10	20	19	44	45	12	6	
1397	367	111	395	458	357	172	102	
1398	36	39	192	459	49	12	20	
1399	245	18	106	460	30	17	29	
1400	111	18	397	210	359	8	28	
1401	370	4	4	171	187	4	25	
1402	368	18	22	461	126	8	28	
1403	35	25	35	47	189	12	20	
1404	294	113	396	464	358	1	249	
1405	78	107	61	463	83	22	248	
1406	289	244	218	465	360	61	250	
1407	24	245	43	52	27	18	21	
1408	369	18	22	462	32	173	29	
1409	41	3	399	37	3	15	17	
1410	289	244	218	465	360	174	250	
1411	58	37	4	6	11	30	6	
1412	74	20	74	44	45	4	6	
1413	127	25	92	317	108	132	26	
1414	90	20	17	44	45	12	32	
1415	71	3	87	37	254	16	3	
1416	46	21	19	44	13	4	6	
1417	59	9	12	13	67	6	6	
1418	59	40	208	75	62	6	6	
1419	9	4	15	13	43	30	24	
1420	11	4	4	4	37	4	25	
1421	192	44	65	467	362	175	90	
1422	9	4	14	466	11	74	9	
1423	11	4	4	6	11	4	6	
1424	11	4	4	6	11	4	25	
1425	4	37	4	40	11	4	6	
1426	4	37	15	4	92	4	6	
1427	9	4	4	85	11	30	25	
1428	51	4	15	4	76	4	23	
1429	4	37	4	85	11	30	25	
1430	4	37	14	41	92	4	6	
1431	9	4	15	125	39	4	9	
1432	74	20	17	44	45	4	6	
1433	74	21	20	44	45	4	6	
1434	178	4	15	6	11	4	25	
1435	4	37	14	125	11	50	6	
1436	90	21	20	44	45	4	32	
1437	4	37	14	6	92	4	124	
1438	4	37	14	125	39	50	25	
1439	178	4	4	6	92	4	6	
1440	4	4	4	13	276	4	6	
1441	62	4	15	6	187	4	36	
1442	4	37	4	85	42	30	124	
1443	66	4	4	40	39	30	186	
1444	4	169	4	81	112	4	6	
1445	10	20	148	178	45	4	6	
1446	62	4	203	6	187	4	36	
1447	51	37	14	410	11	4	6	
1448	330	35	148	44	45	4	6	
1449	51	4	268	85	92	30	124	
1450	330	20	148	65	99	4	6	
1451	212	4	4	304	92	4	132	
1452	4	4	209	410	11	30	123	
1453	266	44	156	186	73	22	113	
1454	4	4	4	395	37	4	6	
1455	10	21	20	118	45	4	32	
1456	10	21	17	129	45	24	32	
1457	46	20	19	44	45	29	6	
1458	49	72	19	44	363	4	6	
1459	59	9	86	468	58	6	6	
1460	59	9	400	75	67	6	6	
1461	372	4	4	4	39	4	6	
1462	373	51	156	250	36	22	90	
1463	59	9	402	469	67	6	6	
1464	374	247	403	470	364	176	251	
1465	375	195	235	191	295	11	15	
1466	53	246	20	44	45	4	6	
1467	58	4	4	39	11	4	39	
1468	126	21	9	44	45	4	33	
1469	100	4	4	40	92	30	25	
1470	4	4	14	120	187	4	25	
1471	4	251	4	6	95	4	6	
1472	11	4	4	209	11	4	138	
1473	4	4	4	62	59	4	258	
1474	58	37	4	6	42	4	255	
1475	46	249	20	44	45	29	6	
1476	391	4	18	13	11	4	9	
1477	4	256	14	77	68	30	6	
1478	382	4	4	6	37	4	25	
1479	384	4	15	6	57	4	6	
1480	4	37	407	13	11	4	6	
1481	46	20	74	44	45	12	244	
1482	377	4	15	6	92	4	6	
1483	376	21	9	44	45	4	33	
1484	4	4	4	477	39	4	6	
1485	385	35	19	44	45	4	6	
1486	51	4	407	13	95	4	6	
1487	51	4	15	473	11	30	6	
1488	53	35	409	44	45	4	6	
1489	383	20	74	44	45	24	6	
1490	51	4	4	473	42	4	25	
1491	4	37	14	125	371	50	6	
1492	4	83	4	6	261	178	173	
1493	9	4	407	6	11	30	256	
1494	4	251	4	473	11	30	6	
1495	62	4	15	480	187	4	36	
1496	11	83	408	76	37	4	257	
1497	360	4	391	6	39	74	6	
1498	4	4	407	120	372	30	6	
1499	387	37	268	120	42	4	123	
1500	388	20	404	479	64	4	6	
1501	386	253	56	478	278	34	6	
1502	379	108	96	472	370	14	93	
1503	305	106	330	367	298	177	18	
1504	158	248	313	475	358	6	55	
1505	381	254	170	476	369	68	109	
1506	380	252	406	474	368	179	253	
1507	390	2	288	26	365	2	14	
1508	389	255	410	1	152	22	252	
1509	355	9	12	75	195	7	6	
1510	1	1	61	214	1	22	1	
1511	296	92	195	145	205	22	64	
1512	150	92	411	481	154	22	259	
1513	150	92	109	217	105	22	260	
1514	355	9	12	75	195	6	6	
1515	392	258	65	482	366	22	261	
1516	1	1	65	483	1	181	113	
1517	1	107	158	1	1	1	262	
1518	125	268	197	44	45	4	6	
1519	1	259	158	86	367	22	252	
1520	161	44	61	168	153	1	263	
1521	393	92	412	484	154	22	264	
1522	150	92	349	485	105	22	99	
1523	78	260	65	486	36	36	1	
1524	1	44	61	487	373	36	1	
1525	1	107	368	168	374	22	1	
1526	184	264	419	492	184	86	120	
1527	222	262	418	490	378	183	270	
1528	397	98	230	494	380	68	109	
1529	190	25	428	254	376	104	267	
1530	398	263	415	493	302	170	101	
1531	396	202	420	495	377	184	266	
1532	399	261	414	491	379	11	271	
1533	395	27	417	489	381	12	269	
1534	69	216	416	378	122	61	268	
1535	402	99	424	497	386	188	92	
1536	406	261	421	499	385	186	276	
1537	207	18	166	174	31	189	29	
1538	407	114	427	501	384	154	277	
1539	125	268	197	44	45	4	275	
1540	404	51	65	86	383	187	1	
1541	403	202	425	498	302	144	274	
1542	405	267	426	500	248	191	29	
1543	1	107	147	86	153	1	1	
1544	414	195	439	363	400	11	16	
1545	408	25	431	510	395	14	93	
1546	192	44	88	512	397	192	1	
1547	413	25	96	509	394	160	197	
1548	409	25	433	334	227	14	93	
1549	408	25	431	502	388	14	197	
1550	410	18	430	503	390	8	278	
1551	156	92	436	508	105	22	64	
1552	150	92	109	217	389	22	99	
1553	150	92	109	507	393	22	221	
1554	151	25	432	274	387	14	197	
1555	150	92	440	217	205	22	64	
1556	1	44	61	222	228	190	1	
1557	169	48	329	346	153	22	90	
1558	208	270	434	505	392	68	109	
1559	411	269	322	112	49	12	20	
1560	394	176	413	488	375	182	265	
1561	33	18	276	511	32	8	29	
1562	166	273	442	515	402	68	109	
1563	413	271	438	513	399	14	93	
1564	1	133	225	310	83	22	1	
1565	151	25	96	274	403	14	93	
1566	413	25	96	182	396	14	93	
1567	197	272	432	274	401	14	197	
1568	412	18	429	504	391	8	279	
1569	415	241	225	337	83	22	1	
1570	151	25	437	513	398	14	93	
1571	37	25	435	506	49	12	280	
1572	416	18	441	514	126	142	29	
1573	216	158	443	133	56	105	14	
1574	241	98	444	287	237	68	109	
1575	4	4	4	6	1	30	127	
1576	72	278	71	383	160	46	172	
1577	316	277	110	518	3	16	210	
1578	229	14	235	519	98	11	16	
1579	4	4	4	6	72	4	6	
1580	15	2	2	270	53	2	14	
1581	169	1	158	250	1	181	1	
1582	140	18	22	107	241	8	28	
1583	49	20	148	44	99	4	6	
1584	1	48	225	70	83	22	1	
1585	22	15	449	15	118	11	284	
1586	422	15	448	521	166	196	283	
1587	421	279	447	520	405	195	282	
1588	59	9	208	434	195	6	6	
1589	134	97	151	158	407	1	90	
1590	211	44	61	186	406	77	1	
1591	169	1	65	73	1	33	48	
1592	208	98	230	393	237	68	217	
1593	424	87	322	523	49	12	26	
1594	363	42	78	112	331	12	26	
1595	171	281	190	168	1	22	113	
1596	270	27	91	216	49	12	47	
1597	51	4	14	41	11	30	124	
1598	4	37	203	473	112	30	6	
1599	4	4	4	40	95	199	6	
1600	56	38	35	58	169	198	20	
1601	430	24	53	37	415	16	17	
1602	429	200	451	15	411	11	287	
1603	426	284	454	524	414	106	288	
1604	427	283	453	499	413	11	276	
1605	428	24	164	35	3	16	3	
1606	22	15	452	134	47	65	10	
1607	84	62	95	525	412	43	52	
1608	43	130	262	36	3	200	168	
1609	152	15	102	104	408	201	71	
1610	435	282	458	532	420	11	286	
1611	49	20	19	44	64	24	289	
1612	23	15	23	16	28	202	11	
1613	9	6	14	61	89	4	9	
1614	363	25	49	48	312	99	26	
1615	292	34	459	380	289	106	156	
1616	150	92	440	217	334	22	64	
1617	304	56	327	365	409	4	141	
1618	4	4	14	120	187	4	6	
1619	59	9	86	75	67	6	6	
1620	4	4	14	534	39	4	6	
1621	168	161	228	203	167	204	58	
1622	22	15	102	104	101	11	295	
1623	363	25	49	48	423	99	26	
1624	437	292	75	537	65	34	6	
1625	438	18	193	154	34	8	28	
1626	439	293	302	221	189	12	26	
1627	146	21	462	44	99	4	6	
1628	15	294	343	419	51	2	14	
1629	15	2	136	2	424	2	13	
1630	169	45	245	158	73	22	1	
1631	18	2	463	2	55	2	14	
1632	2	2	461	133	51	2	14	
1633	214	15	221	240	47	65	296	
1634	264	44	236	319	145	193	1	
1635	37	77	49	30	49	12	47	
1636	53	291	20	44	45	4	6	
1637	59	9	108	536	195	6	6	
1638	83	13	94	535	51	2	231	
1639	152	290	102	104	101	11	69	
1640	169	48	245	158	73	22	1	
1641	59	9	113	9	67	6	6	
1642	36	39	71	67	49	12	20	
1643	49	69	20	65	64	4	6	
1644	59	9	208	536	195	6	6	
1645	71	3	464	37	3	15	17	
1646	456	296	460	290	421	103	154	
1647	338	122	363	539	245	85	187	
1648	22	15	102	540	118	11	10	
1649	254	15	275	541	166	11	297	
1650	188	297	177	214	275	36	1	
1651	75	295	64	154	34	8	28	
1652	124	38	220	283	331	12	26	
1653	150	92	195	251	425	22	64	
1654	440	299	465	542	426	11	305	
1655	237	43	308	543	283	61	298	
1656	254	15	275	541	166	11	137	
1657	4	4	4	6	92	4	6	
1658	46	21	19	44	45	12	32	
1659	448	92	109	280	154	22	64	
1660	90	20	148	65	45	12	32	
1661	41	300	464	545	23	206	192	
1662	50	21	19	547	45	49	32	
1663	46	21	20	227	45	28	32	
1664	100	4	14	6	112	30	123	
1665	192	126	61	310	427	1	1	
1666	450	57	207	548	49	12	118	
1667	338	302	363	539	178	85	299	
1668	55	8	56	549	428	4	6	
1669	144	303	466	550	429	12	129	
1670	22	15	102	15	408	11	133	
1671	451	25	312	551	430	99	300	
1672	192	51	61	168	1	22	1	
1673	452	15	467	552	431	11	301	
1674	36	27	35	193	49	12	112	
1675	155	304	179	553	34	208	29	
1676	453	18	22	439	241	8	302	
1677	454	18	132	31	34	8	29	
1678	1	48	156	168	193	1	1	
1679	4	4	4	554	11	4	6	
1680	41	3	66	555	77	16	17	
1681	302	38	468	92	312	12	26	
1682	22	15	102	104	101	11	133	
1683	449	4	15	13	43	4	6	
1684	58	41	14	6	69	209	6	
1685	65	25	325	127	49	12	20	
1686	447	68	298	423	103	157	177	
1687	3	139	66	35	3	16	17	
1688	455	177	298	556	272	122	177	
1689	46	20	469	44	432	4	32	
1690	446	4	68	6	37	74	6	
1691	71	3	470	82	3	60	17	
1692	22	290	102	15	118	11	10	
1693	15	2	471	23	2	39	14	
1694	309	19	22	511	34	210	28	
1695	4	22	13	6	39	4	303	
1696	445	21	197	44	45	4	6	
1697	230	108	472	557	433	14	93	
1698	51	4	4	558	68	30	36	
1699	160	30	28	559	122	61	12	
1700	323	25	67	58	49	46	26	
1701	444	305	64	406	230	8	29	
1702	442	306	201	402	277	211	304	
1703	443	307	473	562	55	2	14	
1704	442	306	201	563	277	211	304	
1705	59	40	82	564	67	6	6	
1706	441	310	418	565	378	183	270	
1707	46	20	197	44	432	4	6	
1708	19	158	474	2	51	105	307	
1709	65	25	49	339	49	12	20	
1710	191	27	35	216	49	12	26	
1711	11	4	4	6	333	4	9	
1712	9	4	15	41	11	4	6	
1713	13	2	461	133	51	2	14	
1714	10	20	9	44	13	24	6	
1715	150	92	109	251	105	22	157	
1716	132	18	42	439	30	8	29	
1717	369	18	22	462	32	8	29	
1718	404	298	65	86	383	187	1	
1719	9	311	14	6	37	4	9	
1720	459	2	2	26	435	54	14	
1721	460	56	112	111	104	4	63	
1722	58	37	4	6	11	214	25	
1723	66	4	383	40	39	4	9	
1724	15	2	94	26	55	2	77	
1725	150	92	349	575	105	22	221	
1726	58	41	14	6	69	215	6	
1727	229	14	235	574	98	11	16	
1728	229	312	243	273	22	9	15	
1729	294	113	396	464	358	6	310	
1730	52	21	20	44	45	4	315	
1731	261	171	282	72	49	12	26	
1732	120	54	478	576	49	12	47	
1733	38	28	37	206	49	12	20	
1734	4	4	14	6	437	4	6	
1735	58	41	14	6	69	216	6	
1736	49	20	148	44	45	4	32	
1737	192	308	61	572	73	36	1	
1738	149	44	61	571	1	22	1	
1739	171	107	158	86	153	148	313	
1740	8	9	6	9	9	212	8	
1741	207	18	22	573	126	8	28	
1742	33	309	34	370	34	8	29	
1743	246	117	182	32	34	8	314	
1744	34	18	477	267	30	213	140	
1745	461	316	479	577	438	11	18	
1746	156	92	476	570	182	22	64	
1747	392	44	65	579	439	36	1	
1748	470	56	487	584	91	4	141	
1749	129	56	93	141	442	59	63	
1750	70	318	88	70	73	1	1	
1751	468	56	486	583	104	4	63	
1752	49	20	485	44	90	24	32	
1753	59	9	12	115	67	6	6	
1754	52	21	20	44	45	4	320	
1755	51	4	4	6	68	222	36	
1756	10	319	9	44	45	4	32	
1757	46	21	19	586	45	4	6	
1758	51	23	4	6	311	4	6	
1759	59	9	86	587	67	37	6	
1760	471	216	416	121	122	61	67	
1761	472	42	220	216	49	12	20	
1762	58	37	4	585	42	4	25	
1763	474	2	2	22	424	2	14	
1764	1	1	61	73	177	77	1	
1765	7	8	5	7	15	6	322	
1766	13	203	343	386	51	2	212	
1767	475	109	425	498	302	170	101	
1768	22	15	489	15	118	11	69	
1769	191	87	71	233	49	225	26	
1770	36	42	312	58	49	224	26	
1771	58	37	4	6	444	4	25	
1772	10	20	19	44	134	4	6	
1773	188	107	177	214	275	36	1	
1774	237	43	308	590	445	61	12	
1775	394	176	413	488	443	182	176	
1776	65	54	49	94	49	12	47	
1777	127	25	35	140	434	12	26	
1778	300	321	207	46	49	101	323	
1779	60	48	61	588	198	22	1	
1780	476	18	124	32	30	213	29	
1781	230	25	490	274	446	226	93	
1782	49	322	19	44	45	4	324	
1783	17	2	288	286	53	227	14	
1784	6	4	4	6	39	50	44	
1785	46	20	19	591	45	12	6	
1786	216	323	263	133	56	105	14	
1787	59	47	76	9	67	6	6	
1788	90	21	19	44	45	12	32	
1789	216	158	263	133	56	105	14	
1790	13	13	30	328	447	2	14	
1791	13	2	45	27	448	2	14	
1792	2	2	380	2	55	2	14	
1793	68	8	75	63	259	34	35	
1794	477	20	19	65	45	4	32	
1795	90	20	9	44	45	4	6	
1796	2	141	239	133	2	2	13	
1797	471	325	176	421	113	61	106	
1798	71	3	87	89	19	60	3	
1800	51	4	14	4	11	30	25	
1801	15	327	434	25	51	2	14	
1802	52	324	20	44	45	4	6	
1803	13	217	492	592	52	2	73	
1804	478	326	35	593	388	14	93	
1805	479	2	45	414	2	155	14	
1806	4	4	4	4	112	4	25	
1807	413	108	472	594	433	14	197	
1808	46	20	148	595	45	4	6	
1809	90	20	17	44	45	12	325	
1810	51	4	14	4	39	4	25	
1811	480	328	493	596	449	228	327	
1812	50	21	20	44	45	4	326	
1813	4	4	4	597	37	4	6	
1814	4	276	446	517	59	194	281	
1815	36	112	233	49	12	35	20	
1816	58	37	6	42	4	14	25	
1817	36	27	221	49	12	35	112	
1818	432	28	359	49	12	35	26	
1819	3	130	82	3	60	110	17	
1820	4	4	43	11	4	15	25	
1821	1	331	158	158	153	22	1	
1822	3	3	285	3	23	60	328	
1823	11	4	4	598	39	4	9	
1824	323	27	71	599	49	229	103	
1825	4	329	14	6	39	4	6	
1826	481	62	95	98	94	43	52	
1827	36	112	35	233	49	12	20	
1828	75	18	42	390	32	230	29	
1829	58	37	14	6	42	4	25	
1830	46	20	148	600	107	28	6	
1831	36	27	35	221	49	12	112	
1832	13	330	492	592	52	2	73	
1833	10	21	9	44	45	231	32	
1834	432	28	35	359	49	12	26	
1835	3	130	110	82	3	60	17	
1836	4	4	15	43	11	4	25	
1837	246	18	494	252	120	213	203	
1838	13	2	343	386	51	2	212	
1839	13	314	45	2	51	2	65	
1840	158	313	313	475	436	6	316	
1841	15	2	104	106	51	207	309	
1842	190	25	96	243	204	11	27	
1843	224	116	182	267	34	8	318	
1844	2	2	94	2	263	2	14	
1845	324	25	35	546	434	101	26	
1846	32	18	22	31	230	8	29	
1847	37	25	49	544	49	21	306	
1848	458	301	93	567	104	131	311	
1849	463	18	480	167	359	8	126	
1850	464	145	481	580	440	218	147	
1851	465	165	296	332	271	11	161	
1852	466	18	482	573	126	8	28	
1853	473	35	20	44	45	4	6	
1854	4	37	203	6	112	30	6	
1855	4	4	15	13	11	4	6	
1856	52	21	20	561	45	4	6	
1857	58	4	14	4	39	4	25	
1858	59	9	113	9	35	37	6	
1859	59	9	321	569	35	6	6	
1860	98	42	92	127	71	12	20	
1861	341	20	148	65	45	4	6	
1862	74	69	20	45	64	4	6	
1863	8	244	12	14	9	160	319	
1864	1	126	158	225	1	1	1	
1865	1	1	156	1	1	1	1	
1866	4	4	407	6	11	4	6	
1867	51	4	4	120	42	4	25	
1868	373	51	65	168	36	22	90	
1869	212	4	4	304	92	30	132	
1870	132	18	42	200	120	8	29	
1871	188	1	72	70	36	22	1	
1872	73	48	61	70	83	22	1	
1873	192	51	158	168	1	22	119	
1874	71	3	285	89	19	16	3	
1875	71	3	66	35	3	16	17	
1876	1	51	61	86	198	22	1	
1877	4	4	14	6	39	4	330	
1878	42	3	52	37	23	16	331	
1879	489	333	496	603	451	85	160	
1880	490	334	498	604	452	18	58	
1881	151	335	96	605	227	14	93	
1882	494	336	503	608	133	11	332	
1883	490	336	498	607	452	18	58	
1884	192	1	61	1	453	36	1	
1885	1	107	65	611	153	148	333	
1886	140	18	497	31	230	8	29	
1887	491	25	500	605	388	14	57	
1888	63	3	502	68	3	16	3	
1889	32	309	499	295	34	8	29	
1890	495	92	504	609	105	22	99	
1891	496	92	505	610	205	22	99	
1892	493	107	65	579	1	22	1	
1893	497	3	87	82	19	16	3	
1894	488	42	219	92	450	12	339	
1895	492	15	501	606	166	232	340	
1896	67	20	19	45	45	4	338	
1897	11	4	4	13	459	4	9	
1898	59	40	6	75	35	6	6	
1899	192	51	303	214	198	36	1	
1900	484	215	506	343	454	86	304	
1901	4	4	13	612	39	4	25	
1902	114	9	62	163	35	23	334	
1903	42	24	69	35	77	233	3	
1904	4	4	4	613	39	4	6	
1905	439	293	302	221	49	12	335	
1906	4	4	4	77	11	4	336	
1907	46	20	507	44	45	4	6	
1908	59	40	12	9	62	6	25	
1909	4	4	4	6	95	4	337	
1910	68	8	75	63	65	234	35	
1911	485	26	35	317	455	12	26	
1912	150	92	508	614	334	22	64	
1913	4	4	14	6	456	4	25	
1914	183	14	26	97	286	11	15	
1915	36	57	312	216	49	12	20	
1916	127	25	35	615	49	12	47	
1917	3	332	3	35	3	16	17	
1918	36	26	71	72	49	235	47	
1919	13	2	47	23	53	236	14	
1920	303	197	326	616	296	136	196	
1921	4	4	4	6	37	237	25	
1922	149	44	61	180	457	1	1	
1923	486	1	509	617	458	36	1	
1924	48	4	15	42	39	238	9	
1925	487	8	75	63	65	34	35	
1926	483	27	219	127	202	12	20	
1927	498	337	510	618	460	240	332	
1928	499	338	511	619	277	239	120	
1929	59	40	12	271	35	6	6	
1930	4	251	4	40	11	30	6	
1931	4	4	14	6	68	4	6	
1932	485	27	71	92	331	12	26	
1933	59	47	113	9	62	6	6	
1934	13	2	45	414	2	155	14	
1935	411	77	302	92	49	12	26	
1936	453	339	22	439	241	8	302	
1937	260	25	78	308	253	12	341	
1938	4	6	14	6	39	4	6	
1939	25	14	24	52	21	9	15	
1940	168	114	170	256	183	216	310	
1941	2	2	369	133	51	2	231	
1942	79	15	23	16	28	11	11	
1943	288	18	216	267	120	17	30	
1944	229	14	235	350	98	11	16	
1945	74	21	148	44	45	49	6	
1946	193	4	15	125	11	30	25	
1947	242	155	258	290	1	103	154	
1948	2	2	118	414	2	155	14	
1949	41	3	51	35	335	16	19	
1950	154	202	336	439	248	8	203	
1951	15	2	380	408	51	2	14	
1952	22	15	102	104	118	11	71	
1953	156	92	109	251	105	22	157	
1954	51	4	14	4	11	50	138	
1955	74	20	20	44	45	4	32	
1956	51	83	14	40	39	4	173	
1957	500	4	4	620	364	241	138	
1958	275	20	19	621	45	4	32	
1959	501	340	512	622	126	8	342	
1960	23	15	23	134	28	11	11	
1961	4	49	4	262	92	4	6	
1962	1	1	158	214	1	22	48	
1963	36	341	67	138	49	12	26	
1964	41	3	191	37	3	242	114	
1965	46	20	20	96	461	29	54	
1966	144	342	513	623	298	12	129	
1967	502	106	466	624	462	12	343	
1969	74	20	507	625	45	243	6	
1970	100	37	4	125	11	30	6	
1971	124	112	91	94	189	12	23	
1972	50	20	20	44	45	4	32	
1973	62	6	4	6	39	4	9	
1974	63	11	66	68	3	16	3	
1975	9	6	15	13	39	6	6	
1976	59	33	6	9	106	6	6	
1977	74	20	74	387	308	12	32	
1978	4	6	4	40	39	4	25	
1979	9	6	15	6	37	4	9	
1980	51	6	4	6	68	30	36	
1981	58	6	257	4	39	4	151	
1982	360	6	391	6	39	74	6	
1983	58	6	14	4	39	4	151	
1984	4	6	13	4	39	4	25	
1985	51	22	4	6	39	4	186	
1986	4	6	4	6	37	4	25	
1987	4	6	4	425	4	4	4	
1988	59	40	6	9	67	6	6	
1989	343	38	67	48	331	12	26	
1990	66	3	66	68	3	16	3	
1991	66	6	15	40	76	4	9	
1992	10	21	17	40	134	12	32	
1993	512	349	182	31	212	255	29	
1994	513	111	529	640	472	79	349	
1995	320	20	74	45	45	4	32	
1996	49	69	20	44	45	4	6	
1997	201	21	148	44	45	205	32	
1998	4	4	4	6	78	4	25	
1999	63	3	66	68	3	227	3	
2000	280	149	299	294	274	106	156	
2001	1	126	245	73	228	148	1	
2002	1	44	65	86	1	192	1	
2003	59	47	402	469	70	6	6	
2004	169	51	156	168	275	36	1	
2005	220	136	232	255	215	103	136	
2006	120	28	36	221	189	12	20	
2007	69	216	416	378	122	61	106	
2008	413	25	269	605	398	14	93	
2009	4	4	6	39	4	4	350	
2010	52	21	44	45	256	20	6	
2011	4	4	4	40	92	30	6	
2012	4	4	68	4	475	4	25	
2013	514	350	530	641	473	11	68	
2014	515	351	531	64	30	8	29	
2015	516	25	532	642	204	257	351	
2016	517	43	533	643	474	61	12	
2017	518	29	534	644	476	258	352	
2018	519	352	535	646	477	259	353	
2019	492	195	29	645	184	11	15	
2020	36	42	92	526	49	12	20	
2021	27	287	455	527	416	11	290	
2022	425	288	47	2	2	2	14	
2023	431	195	456	203	417	11	291	
2024	432	57	35	359	49	12	26	
2025	37	27	35	528	49	12	20	
2026	126	285	457	529	418	58	292	
2027	4	4	14	13	43	4	6	
2028	434	253	211	530	419	4	293	
2029	27	173	143	123	102	11	15	
2030	433	286	96	531	388	14	93	
2031	74	10	20	65	45	4	294	
2032	4	4	4	6	171	4	6	
2033	46	21	507	44	45	4	32	
2034	4	4	4	647	57	4	184	
2035	478	25	35	593	478	14	93	
2036	59	9	6	9	479	91	6	
2037	521	4	4	6	37	4	25	
2038	94	68	108	649	103	157	218	
2039	522	98	170	650	480	171	109	
2040	1	1	65	483	1	181	354	
2041	523	18	538	651	120	17	355	
2042	447	68	298	109	332	260	177	
2043	51	37	14	85	11	30	124	
2044	127	77	35	72	331	12	47	
2045	203	18	38	32	34	8	29	
2046	322	18	132	331	34	17	29	
2047	33	18	22	200	32	8	29	
2048	28	14	235	97	20	10	15	
2049	19	2	372	270	56	2	14	
2050	111	18	248	167	34	142	29	
2051	150	92	167	397	154	22	221	
2052	150	92	195	217	346	22	99	
2053	37	25	392	206	189	99	26	
2054	59	353	59	652	195	6	6	
2055	74	21	74	44	45	4	32	
2056	150	92	109	218	205	22	221	
2057	221	315	233	578	500	217	52	
2058	436	289	460	533	421	203	154	
2059	12	25	49	48	312	99	26	
2060	193	8	75	51	65	34	6	
2061	33	18	193	154	34	8	28	
2062	37	27	301	221	189	12	26	
2063	15	153	343	419	51	2	14	
2064	15	2	136	2	51	2	13	
2065	169	48	246	158	73	22	1	
2066	18	2	2	2	55	2	14	
2067	2	2	343	133	51	2	14	
2068	83	13	94	323	51	2	231	
2069	32	309	499	370	212	8	29	
2070	41	3	54	37	3	84	17	
2071	59	39	49	57	49	140	20	
2072	448	92	109	217	105	22	99	
2073	127	27	219	677	49	267	26	
2074	4	4	4	6	39	4	186	
2075	2	2	366	592	52	2	231	
2076	4	4	342	6	57	4	138	
2077	348	144	96	605	227	93	93	
2078	58	23	4	39	117	4	39	
2079	492	195	294	645	183	11	15	
2080	74	20	20	65	45	4	294	
2081	1	1	61	86	36	181	1	
2082	370	4	4	171	187	4	6	
2083	4	4	4	4	76	4	25	
2084	4	4	4	304	333	4	9	
2085	127	112	71	233	189	12	20	
2086	22	225	449	678	411	65	366	
2087	49	69	20	44	501	4	6	
2088	544	371	559	680	283	268	12	
2089	33	309	34	679	310	8	29	
2090	1	44	61	180	36	22	1	
2091	150	92	195	145	154	22	264	
2092	150	92	109	570	205	22	99	
2093	188	44	61	86	228	1	1	
2094	240	92	109	441	346	22	99	
2095	306	51	61	588	36	22	119	
2096	373	51	61	250	153	22	1	
2097	150	92	411	681	105	22	64	
2098	545	44	560	86	36	36	1	
2099	546	92	109	217	503	22	64	
2100	547	92	561	610	182	22	367	
2101	548	44	509	86	504	22	1	
2102	549	44	61	1	36	1	1	
2103	550	92	563	217	154	22	368	
2104	551	1	61	1	505	22	1	
2105	1	51	61	682	1	269	1	
2106	1	372	158	86	153	181	1	
2107	1	126	245	73	228	33	369	
2108	1	373	158	86	367	22	252	
2109	150	92	564	575	182	22	230	
2110	156	374	109	251	105	22	157	
2111	169	107	89	186	36	270	1	
2112	169	51	156	683	1	22	370	
2113	171	243	61	684	36	22	1	
2114	182	102	158	685	153	22	119	
2115	188	44	158	346	36	22	371	
2116	192	107	158	686	228	270	1	
2117	192	44	61	687	36	22	1	
2118	198	51	158	579	506	22	119	
2119	198	51	158	687	1	22	1	
2120	240	92	355	145	154	22	372	
2121	392	375	509	688	507	36	1	
2122	404	376	65	86	383	187	1	
2123	60	377	65	481	508	22	252	
2124	78	378	65	84	73	271	1	
2125	78	260	65	689	73	36	373	
2126	1	51	543	86	73	36	356	
2127	188	369	61	1	145	22	365	
2128	13	217	45	690	2	155	14	
2129	16	217	48	691	2	2	14	
2130	53	380	20	44	45	4	6	
2131	124	112	91	94	189	12	26	
2132	36	27	67	359	49	12	47	
2133	127	25	71	92	49	12	20	
2134	309	18	516	630	126	8	28	
2135	16	2	94	386	51	2	14	
2136	13	2	474	26	263	2	13	
2137	13	13	263	328	263	44	14	
2138	59	9	12	9	242	6	6	
2139	11	4	4	262	4	4	9	
2140	319	14	385	148	132	244	58	
2141	462	14	143	123	21	11	317	
2142	254	15	275	627	133	11	301	
2143	554	20	19	44	90	24	32	
2144	552	14	26	123	208	10	137	
2145	13	2	47	414	327	2	14	
2146	280	178	299	692	274	106	156	
2147	555	379	565	634	509	220	374	
2148	556	20	148	129	45	4	6	
2149	43	130	262	36	3	3	168	
2150	457	217	45	560	51	2	14	
2151	127	57	67	90	189	12	375	
2152	171	381	190	168	1	22	113	
2153	41	130	566	82	512	60	17	
2154	191	87	71	233	49	272	26	
2155	22	225	376	694	337	65	236	
2156	95	56	112	111	104	4	376	
2157	51	4	14	125	11	273	377	
2158	466	18	482	167	34	8	302	
2159	541	29	557	34	473	11	18	
2160	558	195	293	695	21	11	58	
2161	63	11	66	68	514	16	3	
2162	4	6	568	6	39	4	39	
2163	261	26	71	696	169	224	26	
2164	4	6	15	697	37	4	6	
2165	559	16	25	53	127	9	15	
2166	179	4	569	305	515	274	6	
2167	1	354	147	653	153	1	1	
2168	524	355	539	654	1	261	1	
2169	27	14	540	191	481	262	15	
2170	525	306	541	655	277	86	120	
2171	557	382	567	200	513	8	28	
2172	526	4	203	120	92	30	123	
2173	133	43	542	656	283	154	12	
2174	575	393	580	713	530	258	18	
2175	255	62	581	714	233	11	148	
2176	543	4	558	40	311	4	25	
2177	59	356	12	75	35	6	6	
2178	151	370	431	100	502	14	93	
2179	134	357	151	158	36	1	90	
2180	94	68	108	649	103	157	177	
2181	59	40	81	9	482	37	38	
2182	215	14	26	248	531	10	15	
2183	303	197	326	657	483	136	196	
2184	8	9	6	9	484	6	8	
2185	11	395	4	13	39	4	9	
2186	24	14	287	191	183	11	15	
2187	22	15	102	15	552	11	71	
2188	34	402	33	199	30	8	31	
2189	448	92	544	280	154	22	64	
2190	527	358	126	2	2	2	14	
2191	528	359	545	658	485	85	357	
2192	36	25	598	256	216	12	20	
2193	243	15	596	363	183	11	58	
2194	529	360	71	659	486	263	26	
2195	46	20	20	96	45	264	54	
2196	117	84	141	15	124	62	358	
2197	530	43	546	660	74	145	67	
2198	531	14	253	97	487	11	58	
2199	37	361	49	30	49	21	20	
2200	192	1	547	661	488	22	1	
2201	532	149	548	662	489	106	359	
2202	3	24	607	35	3	16	17	
2203	492	14	589	123	543	11	15	
2204	3	277	606	518	3	16	210	
2205	533	362	549	663	490	265	360	
2206	48	4	15	42	39	4	393	
2207	127	27	35	137	189	12	20	
2208	578	58	45	18	51	39	14	
2209	453	18	22	439	551	8	302	
2210	534	363	232	664	215	107	361	
2211	220	363	550	665	491	103	362	
2212	59	47	402	469	492	6	6	
2213	535	28	36	666	189	12	20	
2214	413	25	551	605	398	14	93	
2215	151	25	552	667	227	14	93	
2216	536	56	487	584	91	4	141	
2217	537	24	66	247	3	15	3	
2218	111	18	336	298	493	8	29	
2219	538	364	553	668	494	103	154	
2220	539	365	554	669	495	266	363	
2221	10	366	19	44	45	12	6	
2222	469	317	523	634	509	220	319	
2223	36	26	36	49	50	12	391	
2224	586	14	587	349	542	262	52	
2225	219	98	357	670	402	171	246	
2226	28	14	27	123	20	11	15	
2227	243	14	604	123	207	11	89	
2228	65	54	49	94	496	12	47	
2229	24	195	555	191	294	11	15	
2230	11	4	4	671	497	4	6	
2231	4	367	14	6	39	4	6	
2232	540	107	368	168	1	22	1	
2233	7	8	5	7	498	6	7	
2234	381	254	170	476	199	68	109	
2235	79	15	354	16	47	65	11	
2236	36	25	556	672	189	12	20	
2237	541	368	557	673	499	11	18	
2238	4	4	14	674	4	4	23	
2239	36	39	67	675	49	12	26	
2240	41	3	54	676	3	15	17	
2241	560	21	20	178	516	275	32	
2242	59	9	389	9	58	83	6	
2243	9	4	14	61	37	276	9	
2244	9	4	15	6	39	4	9	
2245	449	4	15	13	517	4	6	
2246	11	4	4	4	39	4	25	
2247	66	4	4	43	40	4	25	
2248	71	277	570	35	3	16	210	
2249	531	15	571	698	295	11	15	
2250	561	150	572	699	518	223	18	
2251	4	4	13	613	39	4	6	
2252	230	25	431	513	502	14	93	
2253	46	20	573	44	45	24	6	
2254	65	383	49	94	49	12	47	
2255	179	4	4	700	112	4	6	
2256	4	4	15	701	11	30	25	
2257	9	4	14	4	37	4	6	
2258	150	92	195	481	519	22	221	
2259	36	25	67	308	71	12	189	
2260	127	112	71	233	520	12	20	
2261	562	384	574	702	521	11	378	
2262	26	15	293	97	27	11	15	
2263	563	27	35	283	49	12	20	
2264	106	20	74	44	45	4	6	
2265	37	27	71	57	189	21	20	
2266	485	27	71	703	455	12	379	
2267	41	385	110	82	3	16	17	
2268	155	18	200	704	34	8	380	
2269	564	199	92	92	49	12	26	
2270	565	21	9	44	45	4	6	
2271	566	27	35	216	49	12	26	
2272	67	20	19	705	45	4	32	
2273	567	386	35	57	522	14	381	
2274	590	263	415	493	302	170	101	
2275	11	4	4	305	39	4	6	
2276	4	37	14	6	11	4	6	
2277	71	130	66	35	19	16	17	
2278	568	387	575	649	332	260	218	
2279	152	15	102	15	118	11	358	
2280	569	108	96	513	141	69	382	
2281	271	175	576	329	265	120	383	
2282	36	25	71	233	523	12	26	
2283	9	4	4	706	11	30	6	
2284	9	4	374	6	37	4	384	
2285	570	20	9	44	45	4	6	
2286	318	68	577	707	524	260	177	
2287	23	388	354	15	525	65	385	
2288	36	25	49	30	49	277	20	
2289	571	20	197	44	432	4	6	
2290	72	25	71	137	49	12	26	
2291	4	4	203	120	92	30	123	
2292	348	108	96	531	546	14	93	
2293	49	181	20	118	134	124	32	
2294	398	202	603	376	464	144	101	
2295	24	15	293	191	61	11	89	
2296	98	42	92	72	526	12	20	
2297	191	389	91	206	455	12	20	
2298	36	39	67	138	527	12	26	
2299	572	25	578	708	388	278	93	
2300	59	9	62	709	62	25	6	
2301	111	18	323	130	119	8	28	
2302	49	20	19	710	45	4	32	
2303	348	25	500	711	528	14	197	
2304	275	20	148	44	45	4	386	
2305	53	390	9	65	45	4	32	
2306	573	20	9	95	45	12	32	
2307	49	21	20	44	45	4	6	
2308	294	391	579	712	529	6	53	
2309	243	400	555	52	286	18	58	
2310	3	392	164	37	3	16	3	
2311	574	20	17	44	45	4	32	
2312	127	26	224	244	49	12	103	
2313	4	4	4	735	39	4	138	
2314	1	51	158	165	1	22	43	
2315	596	38	35	740	554	12	150	
2316	34	18	594	32	30	8	31	
2317	120	25	127	90	49	283	20	
2318	3	3	66	37	3	16	17	
2319	4	4	4	304	37	50	25	
2320	190	27	599	243	204	284	399	
2321	447	68	108	423	103	157	177	
2322	595	28	37	46	49	14	20	
2323	41	408	605	36	3	60	19	
2324	24	14	293	52	295	18	388	
2325	192	102	61	165	1	1	1	
2326	153	98	602	159	539	68	392	
2327	592	25	269	274	227	14	93	
2328	448	404	586	481	205	22	230	
2329	587	14	590	350	550	262	89	
2330	27	14	143	191	286	11	89	
2331	191	25	35	127	49	12	389	
2332	599	24	3	35	3	288	17	
2333	348	108	168	531	545	14	93	
2334	520	155	537	648	421	103	154	
2335	576	394	582	668	532	103	154	
2336	529	57	71	659	189	12	26	
2337	577	25	583	715	533	279	27	
2338	2	217	366	592	2	2	231	
2339	33	110	157	728	32	8	29	
2340	303	403	584	725	483	136	395	
2341	600	407	593	719	398	14	197	
2342	254	15	275	746	166	11	137	
2343	597	134	347	724	213	68	246	
2344	591	396	377	721	548	14	93	
2345	117	25	168	718	401	14	398	
2346	190	27	532	730	214	104	397	
2347	362	2	45	716	555	2	387	
2348	594	25	585	720	502	14	93	
2349	592	18	597	729	553	8	28	
2350	601	25	592	711	398	14	197	
2351	579	409	601	722	128	58	79	
2352	582	172	242	731	258	112	390	
2353	246	402	477	726	30	281	140	
2354	303	197	326	616	483	136	196	
2355	155	397	336	727	230	8	28	
2356	381	254	170	723	540	68	394	
2357	133	29	352	717	538	85	390	
2358	580	145	253	736	537	280	147	
2359	584	399	589	748	21	245	15	
2360	413	25	32	739	141	14	163	
2361	581	145	588	741	536	218	147	
2362	289	43	218	744	360	286	129	
2363	583	406	582	742	535	103	396	
2364	541	368	557	734	547	11	18	
2365	588	393	595	745	549	223	18	
2366	8	9	6	737	9	6	8	
2367	589	401	591	749	541	58	58	
2368	602	217	2	750	51	2	73	
2369	3	3	608	82	19	16	17	
2370	153	98	600	732	344	171	217	
2371	150	92	349	733	318	22	99	
2372	348	108	31	738	141	14	93	
2373	593	25	269	274	227	14	93	
2374	598	405	258	743	534	287	154	
2375	59	9	12	115	67	40	6	
2376	11	4	4	13	556	4	9	
2377	42	408	69	545	3	16	3	
2378	24	76	610	97	208	11	137	
2379	603	411	4	40	201	4	25	
2380	437	410	609	751	78	34	293	
2381	43	3	66	314	557	16	168	
2382	3	24	3	82	3	16	17	
2383	242	155	611	743	558	103	154	
2384	608	416	617	759	569	106	402	
2385	609	417	618	760	570	289	403	
2386	611	420	581	765	577	11	21	
2387	604	412	612	603	559	85	187	
2388	36	42	91	137	560	12	20	
2389	351	61	99	752	561	6	55	
2390	308	113	475	566	358	6	55	
2391	221	418	233	257	217	11	52	
2392	109	42	35	127	331	132	26	
2393	36	57	613	753	49	12	26	
2394	56	38	35	58	562	12	20	
2395	24	14	287	191	563	11	15	
2396	127	25	393	317	108	132	26	
2397	507	413	99	639	97	6	55	
2398	576	414	614	754	564	103	154	
2399	36	25	37	140	434	12	193	
2400	542	4	160	6	39	30	6	
2401	605	37	4	6	42	4	25	
2402	2	2	94	286	55	2	14	
2403	154	202	603	755	302	246	101	
2404	499	415	615	756	565	239	120	
2405	15	158	365	416	566	105	222	
2406	124	199	435	757	567	12	150	
2407	606	15	616	124	568	11	68	
2408	235	320	619	761	571	223	18	
2409	607	9	12	9	67	6	25	
2410	83	2	94	758	51	2	401	
2411	4	419	15	6	11	290	281	
2412	51	4	4	41	39	30	124	
2413	68	8	75	63	572	34	35	
2414	59	64	81	9	573	37	38	
2415	68	8	75	63	574	34	35	
2416	56	196	91	762	575	12	20	
2417	610	368	620	763	500	11	68	
2418	503	343	515	628	576	11	18	
2419	612	15	253	766	166	11	405	
2420	613	421	572	767	578	11	18	
2421	614	422	621	768	579	11	406	
2422	617	15	623	771	293	106	156	
2423	229	14	26	148	581	10	58	
2424	187	198	92	772	49	12	26	
2425	36	39	71	764	331	12	404	
2426	615	384	622	769	580	11	407	
2427	618	2	255	133	51	2	13	
2428	43	408	605	36	3	16	17	
2429	619	15	235	773	102	11	15	
2430	616	113	371	770	358	6	55	
2431	492	195	235	191	295	11	15	
2432	366	242	152	455	354	291	158	
2433	620	423	624	774	582	86	120	
2434	127	38	35	48	331	12	20	
2435	244	25	583	254	204	104	27	
2436	127	39	35	696	583	12	26	
2437	622	424	625	108	286	282	408	
2438	22	15	102	104	584	11	10	
2439	65	25	127	144	468	12	20	
2440	596	38	35	193	169	12	150	
2441	36	25	49	126	49	21	20	
2442	359	202	390	376	302	170	101	
2443	362	2	45	449	352	2	14	
2444	24	15	388	123	21	11	242	
2445	621	42	78	775	49	12	20	
2446	37	25	49	30	585	21	20	
2447	65	57	49	94	49	14	26	
2448	152	15	102	104	101	11	71	
2449	623	25	49	193	288	12	409	
2450	127	199	35	757	567	12	410	
2451	3	139	66	266	3	16	3	
2452	187	77	626	126	586	12	20	
2453	260	112	241	47	288	12	411	
2454	411	25	627	92	49	12	20	
2455	41	3	605	36	587	16	19	
2456	36	26	71	239	49	12	26	
2457	567	196	628	92	590	12	20	
2458	127	27	219	677	588	12	26	
2459	42	3	52	37	589	16	3	
2460	3	24	3	776	3	16	17	
2461	625	26	241	602	596	12	20	
2462	3	425	164	266	3	81	3	
2463	71	3	632	3	23	16	328	
2464	343	39	67	221	49	12	26	
2465	37	426	219	351	591	12	189	
2466	624	427	629	520	592	292	412	
2467	71	3	60	82	335	16	3	
2468	42	130	69	242	3	60	413	
2469	22	428	102	104	593	201	133	
2470	447	68	630	777	332	11	218	
2471	36	429	312	206	594	12	112	
2472	13	13	30	780	52	2	231	
2473	63	3	66	778	3	16	3	
2474	43	3	631	35	3	81	17	
2475	71	408	87	36	587	293	19	
2476	535	39	322	602	595	12	20	
2477	150	92	411	779	105	22	64	
2478	22	15	102	15	118	11	133	
2479	72	25	71	137	49	12	20	
2480	8	9	6	9	9	6	414	
2481	3	434	3	35	3	16	17	
2482	626	430	92	781	49	12	20	
2483	413	25	432	739	141	14	163	
2484	36	39	67	138	597	12	26	
2485	3	24	178	37	3	78	17	
2486	80	38	633	48	331	12	26	
2487	381	254	170	782	199	68	415	
2488	51	4	4	6	11	4	6	
2489	208	254	170	784	199	68	100	
2490	11	431	4	6	11	4	25	
2491	282	4	4	6	39	4	124	
2492	208	432	434	505	392	68	109	
2493	184	433	201	563	277	86	304	
2494	63	3	51	35	77	294	3	
2495	627	155	460	668	564	103	154	
2496	59	9	634	115	242	6	6	
2497	153	98	152	723	354	68	217	
2498	348	108	431	738	141	14	93	
2499	15	2	2	22	424	2	400	
2500	15	2	635	297	2	44	13	
2501	9	4	15	6	37	4	416	
2502	46	20	636	44	45	12	32	
2503	177	162	22	298	34	8	165	
2504	111	18	123	130	119	8	28	
2505	466	81	157	573	32	8	29	
2506	29	18	32	33	29	213	30	
2507	463	18	480	514	34	142	29	
2508	29	436	642	789	30	8	30	
2509	361	18	22	200	32	8	243	
2510	33	81	334	228	241	8	421	
2511	33	18	645	228	126	76	28	
2512	111	18	645	130	119	8	28	
2513	112	81	182	173	264	8	422	
2514	130	436	129	231	126	90	128	
2515	132	18	646	154	34	8	419	
2516	132	436	200	790	34	8	29	
2517	246	18	644	791	230	72	29	
2518	246	18	182	252	34	296	314	
2519	276	18	638	792	34	110	28	
2520	276	18	638	231	164	90	418	
2521	276	436	643	189	230	8	380	
2522	276	18	647	189	32	8	419	
2523	276	436	643	189	32	8	380	
2524	309	81	22	792	164	8	420	
2525	309	18	648	793	34	8	302	
2526	466	18	482	793	34	8	29	
2527	631	18	248	573	599	142	28	
2528	628	18	637	154	164	295	28	
2529	629	18	132	785	126	8	28	
2530	630	18	34	786	31	8	28	
2531	631	18	248	573	599	8	28	
2532	632	18	638	331	212	110	29	
2533	633	18	22	64	34	8	29	
2534	634	435	38	787	34	8	417	
2535	635	18	441	514	126	142	28	
2536	636	18	639	788	34	142	29	
2537	637	18	640	31	34	8	30	
2538	638	18	641	228	241	8	29	
2539	3	408	164	266	3	81	3	
2540	3	277	631	518	3	16	210	
2541	63	3	58	794	3	16	3	
2542	71	130	110	82	589	60	423	
2543	639	3	66	68	3	16	3	
2544	63	3	58	795	77	16	424	
2545	21	368	649	796	24	11	68	
2546	22	290	102	15	101	11	10	
2547	22	428	102	15	118	11	71	
2548	24	195	540	191	294	11	15	
2549	27	14	652	97	98	297	15	
2550	40	17	39	15	46	298	10	
2551	190	438	532	56	204	11	425	
2552	221	437	233	257	217	11	52	
2553	228	439	352	801	226	299	144	
2554	235	320	619	800	602	223	18	
2555	243	14	651	191	601	11	15	
2556	243	14	259	802	132	11	15	
2557	262	15	275	798	166	232	137	
2558	435	282	654	803	603	158	428	
2559	452	15	467	552	133	232	426	
2560	475	202	415	799	464	144	101	
2561	492	195	235	155	183	11	15	
2562	539	15	253	766	166	11	405	
2563	541	368	557	673	600	11	18	
2564	541	424	625	108	286	282	408	
2565	611	393	595	745	549	223	18	
2566	611	150	653	800	602	223	18	
2567	612	365	554	257	495	266	363	
2568	614	393	595	768	579	11	406	
2569	640	437	233	797	600	240	52	
2570	641	14	652	108	541	11	89	
2571	642	202	603	498	464	170	101	
2572	643	29	557	796	600	11	68	
2573	643	368	649	796	600	11	68	
2574	644	420	581	745	431	223	52	
2575	644	421	572	767	602	11	18	
2576	645	29	557	34	600	11	18	
2577	646	428	650	745	602	11	427	
2578	4	4	4	62	59	300	6	
2579	4	4	18	6	40	4	25	
2580	4	4	4	6	37	302	25	
2581	4	440	4	119	112	4	39	
2582	4	4	4	39	37	4	25	
2583	4	4	4	62	59	303	6	
2584	4	22	13	6	11	4	6	
2585	4	4	202	305	39	4	25	
2586	4	4	4	179	59	4	6	
2587	4	37	203	6	604	30	6	
2588	4	4	13	42	39	64	6	
2589	4	4	4	40	37	30	9	
2590	4	4	4	6	404	4	25	
2591	4	4	15	4	11	30	6	
2592	4	37	4	6	42	4	6	
2593	9	441	4	125	203	30	25	
2594	10	21	9	804	45	4	33	
2595	11	83	4	13	39	4	9	
2596	11	4	4	13	39	4	347	
2597	11	50	4	13	39	4	9	
2598	11	4	655	13	39	4	9	
2599	44	9	12	9	35	6	330	
2600	46	20	148	44	45	12	6	
2601	46	21	19	44	605	4	6	
2602	46	20	74	44	607	24	6	
2603	46	20	9	805	45	24	6	
2604	49	20	20	45	45	4	32	
2605	49	442	656	65	64	4	6	
2606	49	69	657	45	64	4	32	
2607	49	21	19	44	45	254	32	
2608	49	20	19	806	90	24	32	
2609	51	4	4	40	37	4	6	
2610	51	4	14	39	11	6	39	
2611	52	443	20	44	45	4	6	
2612	49	20	9	118	45	12	6	
2613	52	21	20	807	45	4	6	
2614	52	20	9	44	45	4	6	
2615	53	35	20	808	45	4	6	
2616	58	41	14	809	69	4	6	
2617	58	4	374	304	43	4	25	
2618	58	41	14	6	69	4	429	
2619	59	9	62	810	62	25	6	
2620	59	40	658	9	70	6	6	
2621	59	9	345	9	62	83	25	
2622	59	40	82	9	67	247	6	
2623	59	9	12	811	67	6	6	
2624	59	9	400	9	62	6	6	
2625	59	47	59	813	62	23	6	
2626	59	445	62	9	62	25	6	
2627	59	40	76	9	608	6	6	
2628	59	9	113	115	70	6	430	
2629	59	9	402	469	242	6	6	
2630	59	446	59	9	62	23	6	
2631	59	40	82	9	67	304	6	
2632	59	9	659	75	62	6	6	
2633	59	447	113	811	70	6	6	
2634	68	448	75	63	65	34	35	
2635	74	20	9	227	99	24	32	
2636	90	20	9	44	45	4	32	
2637	90	20	74	44	109	4	431	
2638	90	21	485	44	45	4	6	
2639	91	59	19	44	99	38	32	
2640	95	449	112	111	104	4	63	
2641	114	9	62	163	35	305	334	
2642	116	4	15	40	187	30	25	
2643	125	20	507	44	609	28	433	
2644	179	450	5	344	610	4	6	
2645	186	20	9	45	45	4	6	
2646	275	20	148	44	64	4	6	
2647	282	452	4	6	497	306	9	
2648	332	4	4	262	311	4	6	
2649	391	37	14	410	92	30	6	
2650	417	4	14	6	37	4	9	
2651	509	69	19	44	64	4	32	
2652	647	20	19	44	45	24	6	
2653	648	4	661	6	38	4	6	
2654	649	56	93	816	612	4	63	
2655	650	453	662	212	259	4	434	
2656	651	69	20	44	64	4	6	
2657	652	20	9	45	45	4	6	
2658	653	37	4	6	42	4	25	
2659	657	4	663	819	259	308	435	
2660	186	35	20	44	45	4	6	
2661	35	25	92	339	49	12	26	
2662	35	39	49	57	49	12	20	
2663	36	57	312	821	49	12	26	
2664	36	26	71	72	613	12	47	
2665	36	25	67	823	216	12	20	
2666	37	25	49	30	606	21	20	
2667	65	25	664	144	280	12	82	
2668	65	25	127	814	280	12	82	
2669	43	3	66	82	3	81	19	
2670	65	54	49	94	434	12	47	
2671	65	25	127	814	614	12	82	
2672	98	444	91	127	49	46	20	
2673	181	27	207	216	189	12	26	
2674	127	39	35	696	331	12	26	
2675	301	27	254	812	108	12	26	
2676	656	112	78	193	160	12	103	
2677	654	42	92	206	49	12	20	
2678	2	2	30	2	55	44	14	
2679	66	49	4	43	40	4	25	
2680	6	4	4	116	37	4	6	
2681	50	21	19	44	45	49	32	
2682	7	8	5	7	44	6	7	
2683	184	306	201	563	277	86	304	
2684	11	4	4	305	37	4	25	
2685	74	20	20	65	615	4	32	
2686	4	22	4	6	76	4	115	
2687	658	3	52	37	23	16	3	
2688	4	4	14	6	39	301	6	
2689	100	37	4	125	39	50	25	
2690	660	455	665	826	617	309	25	
2691	186	21	148	45	45	4	6	
2692	74	20	9	818	45	12	6	
2693	4	4	15	820	42	4	6	
2694	661	455	666	824	617	4	6	
2695	182	102	158	1	198	22	1	
2696	51	37	14	6	112	30	25	
2697	4	4	4	822	92	30	6	
2698	294	456	371	825	618	6	436	
2699	662	457	667	827	619	4	432	
2700	659	454	6	9	9	6	8	
2701	663	4	383	40	616	4	9	
2702	467	202	483	581	441	184	203	
2703	510	22	68	69	37	4	24	
2704	475	202	518	498	157	246	345	
2705	80	199	35	637	468	253	20	
2706	381	346	522	476	199	254	217	
2707	49	21	148	44	45	4	32	
2708	505	202	483	632	463	219	344	
2709	169	107	158	168	470	77	119	
2710	59	9	12	568	35	6	312	
2711	59	40	12	115	70	6	6	
2712	90	20	524	44	45	12	32	
2713	4	344	14	125	11	4	6	
2714	150	92	109	638	182	22	221	
2715	63	3	517	68	3	16	3	
2716	78	48	61	70	83	22	1	
2717	299	14	119	123	114	10	58	
2718	10	21	19	44	45	188	33	
2719	510	21	9	44	45	4	33	
2720	52	20	19	169	45	4	6	
2721	53	35	19	44	45	311	6	
2722	665	458	669	828	621	312	437	
2723	124	348	71	92	49	12	348	
2724	15	219	45	18	465	252	14	
2725	158	345	101	195	161	6	55	
2726	192	44	61	1	1	22	1	
2727	305	106	520	237	467	12	148	
2728	41	3	51	82	19	248	3	
2729	506	202	519	635	464	170	346	
2730	507	347	384	639	469	6	55	
2731	59	9	6	9	195	6	6	
2732	6	83	528	631	39	4	25	
2733	65	25	78	90	471	12	20	
2734	10	20	19	44	64	4	6	
2735	10	21	17	44	45	4	32	
2736	13	2	45	408	51	2	14	
2737	13	221	370	105	2	2	14	
2738	15	2	94	26	55	2	13	
2739	15	2	162	286	51	2	14	
2740	15	2	128	408	51	2	14	
2741	15	2	474	2	51	2	14	
2742	2	2	2	560	2	2	73	
2743	2	2	635	18	53	2	14	
2744	23	15	449	15	47	11	10	
2745	242	155	258	290	421	103	154	
2746	3	3	58	37	77	16	17	
2747	316	277	87	82	3	81	210	
2748	334	2	343	408	51	2	14	
2749	4	4	15	43	92	4	6	
2750	43	24	262	36	3	3	168	
2751	457	2	45	560	51	2	14	
2752	55	22	13	6	39	4	186	
2753	58	4	14	4	39	4	151	
2754	588	150	653	800	602	223	18	
2755	603	411	4	13	201	4	138	
2756	63	3	66	37	3	67	17	
2757	655	140	93	817	409	4	84	
2758	32	18	22	31	31	8	28	
2759	85	63	101	103	96	6	321	
2760	4	4	4	633	37	4	25	
2761	73	44	65	319	329	22	1	
2762	26	14	514	626	132	245	58	
2763	51	4	4	6	57	274	6	
2764	48	4	525	42	39	4	9	
2765	11	4	4	735	203	4	6	
2766	68	8	75	63	65	34	308	
2767	4	4	521	6	37	4	25	
2768	4	4	670	6	39	4	6	
2769	642	202	603	830	464	319	101	
2770	56	38	35	58	169	12	438	
2771	53	35	20	44	622	4	6	
2772	59	462	12	9	35	6	6	
2773	26	173	589	191	27	313	443	
2774	49	20	19	44	90	24	440	
2775	4	461	4	6	37	4	25	
2776	1	459	188	1	172	36	1	
2777	59	463	59	9	62	6	6	
2778	11	4	675	13	39	4	9	
2779	59	9	12	833	62	6	6	
2780	96	9	113	829	106	6	6	
2781	85	465	101	103	96	6	53	
2782	68	466	75	63	65	34	35	
2783	58	41	14	6	69	316	6	
2784	8	9	6	9	9	6	445	
2785	13	203	343	386	623	2	212	
2786	666	18	672	831	34	321	28	
2787	63	3	66	68	3	314	3	
2788	59	64	81	834	79	37	38	
2789	8	9	6	835	9	6	8	
2790	4	460	14	6	39	4	6	
2791	112	18	674	173	34	320	439	
2792	320	21	74	44	45	4	6	
2793	4	467	4	62	59	4	6	
2794	74	20	20	44	45	4	6	
2795	671	25	683	843	388	14	93	
2796	11	469	4	13	39	4	9	
2797	669	141	45	385	2	13	14	
2798	670	75	678	837	122	61	67	
2799	160	30	679	121	113	61	446	
2800	13	2	474	838	566	322	14	
2801	15	2	676	323	51	2	14	
2802	13	2	680	839	624	44	14	
2803	216	158	263	133	625	105	14	
2804	13	158	45	2	51	105	307	
2805	350	123	681	842	627	324	447	
2806	133	43	682	841	626	61	12	
2807	216	158	369	18	55	105	14	
2808	15	2	45	840	54	2	14	
2809	37	25	49	30	49	323	20	
2810	669	2	372	270	51	2	14	
2811	11	4	4	836	203	4	25	
2812	73	48	677	66	36	22	1	
2813	53	35	20	44	107	4	6	
2814	9	411	14	303	11	4	6	
2815	9	411	14	6	11	4	6	
2816	49	69	485	45	64	38	441	
2817	52	20	19	45	45	6	6	
2818	9	411	14	6	11	38	6	
2819	4	22	4	6	76	325	115	
2820	49	21	485	44	45	12	32	
2821	49	69	485	45	64	4	32	
2822	667	411	14	6	11	4	6	
2823	8	454	57	9	9	6	8	
2824	59	9	12	844	242	6	6	
2825	9	411	14	820	11	4	6	
2826	179	411	15	6	37	50	4	
2827	49	69	19	45	64	4	441	
2828	21	21	21	21	21	21	21	
2829	9	6	14	6	11	4	6	
2830	22	15	102	104	101	11	449	
2831	53	468	154	44	45	4	6	
2832	4	411	14	6	39	4	6	
2833	9	411	14	61	37	4	9	
2834	668	75	265	249	122	26	67	
2835	8	454	6	9	9	6	8	
2836	46	20	19	44	45	4	6	
2837	24	14	43	52	481	18	21	
2838	49	21	485	44	45	12	441	
2839	672	2	288	847	566	322	14	
2840	9	411	14	6	11	4	315	
2841	553	30	117	693	511	61	67	
2842	15	475	343	2	634	2	14	
2843	608	178	714	852	635	106	453	
2844	49	69	485	45	64	4	441	
2845	297	476	715	853	274	106	156	
2846	49	21	19	44	45	12	441	
2847	59	454	12	9	35	6	315	
2848	674	477	716	854	636	106	454	
2849	53	35	154	44	45	4	315	
2850	675	317	717	855	637	336	455	
2851	9	9	14	6	11	4	6	
2852	46	20	4	6	42	4	25	
2853	8	20	20	45	99	12	32	
2854	8	5	6	9	9	6	8	
2855	49	9	6	9	9	6	8	
2856	74	21	74	44	45	6	6	
2857	49	21	19	44	90	12	32	
2858	8	9	6	9	9	35	8	
2859	53	15	39	15	86	11	46	
2860	37	25	49	30	49	310	20	
2861	482	317	495	601	633	220	329	
2862	66	4	712	6	39	4	123	
2863	13	2	30	2	2	2	451	
2864	52	21	20	44	45	334	6	
2865	46	20	20	96	308	29	54	
2866	49	21	19	44	45	335	32	
2867	247	18	430	792	32	8	342	
2868	558	15	725	148	645	11	460	
2869	346	48	245	858	329	36	1	
2870	682	30	265	378	74	20	67	
2871	126	127	726	863	128	58	461	
2872	683	25	727	864	646	14	197	
2873	499	215	728	343	184	153	304	
2874	567	25	35	546	49	12	47	
2875	9	37	4	6	42	4	123	
2876	4	4	4	613	37	4	39	
2877	4	470	14	848	171	30	9	
2878	433	25	711	274	630	14	163	
2879	9	471	14	6	11	4	450	
2880	43	3	66	314	3	342	168	
2881	9	4	14	6	11	30	9	
2882	178	4	4	6	95	4	6	
2883	169	44	65	180	228	1	1	
2884	11	4	4	6	39	50	25	
2885	71	130	53	36	3	3	3	
2886	391	37	4	6	11	4	124	
2887	169	48	245	158	153	22	1	
2888	208	254	170	476	199	68	109	
2889	391	4	15	120	92	4	6	
2890	74	20	74	44	45	4	32	
2891	3	24	285	35	3	16	17	
2892	15	2	2	22	424	2	14	
2893	46	20	74	65	99	4	6	
2894	368	18	22	154	32	8	29	
2895	62	4	4	6	187	4	36	
2896	4	4	68	69	37	4	24	
2897	166	98	170	476	199	254	109	
2898	508	261	527	636	466	186	276	
2899	676	478	718	376	302	170	101	
2900	4	4	4	13	39	4	456	
2901	4	4	4	856	59	4	6	
2902	36	479	36	49	50	12	20	
2903	13	480	255	857	51	2	14	
2904	126	481	215	226	190	58	125	
2905	672	2	288	21	51	2	444	
2906	2	2	719	857	51	340	14	
2907	351	347	99	865	469	6	55	
2908	4	4	4	62	638	4	6	
2909	144	129	165	237	150	337	129	
2910	74	20	20	65	639	4	6	
2911	13	482	105	859	352	2	14	
2912	677	483	720	520	640	338	457	
2913	15	2	343	133	2	341	13	
2914	59	9	721	115	195	339	6	
2915	63	484	51	35	77	27	214	
2916	678	485	722	860	641	183	458	
2917	169	51	158	214	1	22	119	
2918	679	1	723	86	642	22	1	
2919	4	486	4	6	39	4	6	
2920	680	487	724	861	643	11	52	
2921	15	2	263	286	644	2	14	
2922	681	18	183	107	120	8	29	
2923	471	488	373	862	122	61	459	
2924	41	408	605	36	587	60	19	
2925	11	212	4	305	37	4	25	
2926	71	3	87	35	19	16	3	
2927	141	44	158	146	145	22	1	
2928	9	4	14	6	37	4	25	
2929	169	490	89	186	36	33	1	
2930	289	491	218	866	360	61	129	
2931	684	492	729	867	647	11	18	
2932	685	25	490	868	227	343	197	
2933	33	309	157	679	31	8	462	
2934	686	18	730	630	34	72	463	
2935	394	493	731	330	443	182	176	
2936	687	494	732	616	648	136	395	
2937	165	18	733	31	248	8	28	
2938	667	6	14	6	11	4	6	
2939	52	21	20	44	628	4	6	
2940	24	21	19	52	45	18	21	
2941	49	6	14	44	45	12	6	
2942	46	20	20	96	45	29	464	
2943	49	20	19	850	90	24	32	
2944	673	473	713	851	632	228	452	
2945	37	474	49	30	49	21	20	
2946	4	4	4	6	631	4	25	
2947	4	472	14	6	39	4	6	
2948	52	20	19	818	45	4	6	
2949	59	9	62	849	62	25	6	
2950	8	9	6	9	9	344	8	
2951	8	9	6	9	9	304	8	
2952	691	22	15	6	39	4	6	
2953	59	40	113	811	649	6	6	
2954	449	4	15	871	43	4	6	
2955	68	497	75	63	65	34	35	
2956	71	3	570	35	3	16	210	
2957	36	498	312	233	216	12	118	
2958	51	4	14	6	39	4	6	
2959	4	496	14	848	171	30	9	
2960	4	4	4	125	11	30	25	
2961	690	4	15	125	92	30	25	
2962	4	4	18	80	11	4	39	
2963	9	4	15	303	37	4	9	
2964	9	4	14	61	37	4	465	
2965	4	22	13	870	39	4	186	
2966	307	21	9	65	45	4	466	
2967	49	20	735	45	45	4	32	
2968	59	9	80	9	87	6	467	
2969	52	21	20	846	45	4	6	
2970	59	9	73	872	9	6	6	
2971	4	4	4	39	41	4	468	
2972	4	4	4	40	39	4	6	
2973	46	20	736	44	45	24	6	
2974	689	140	93	875	224	109	141	
2975	692	18	738	874	30	8	469	
2976	198	51	158	579	36	22	119	
2977	51	4	14	125	11	30	6	
2978	693	15	739	309	133	11	87	
2979	694	25	31	876	204	11	27	
2980	394	176	740	488	650	182	176	
2981	695	2	30	133	51	2	14	
2982	58	500	90	6	39	4	59	
2983	37	27	35	216	49	12	26	
2984	247	501	512	154	34	8	470	
2985	59	64	81	9	79	345	38	
2986	696	3	741	266	23	16	3	
2987	63	3	51	36	3	60	471	
2988	59	9	12	75	84	221	6	
2989	8	9	6	9	9	6	472	
2990	114	9	62	9	67	346	6	
2991	53	35	20	44	652	4	6	
2992	527	314	239	2	51	2	14	
2993	4	4	4	877	39	4	25	
2994	697	4	160	6	39	30	6	
2995	3	3	58	35	3	16	17	
2996	56	38	35	58	169	12	473	
2997	4	504	4	6	37	4	25	
2998	124	25	37	193	312	12	26	
2999	4	4	68	878	37	4	25	
3000	698	502	742	879	34	142	474	
3001	130	503	129	231	126	90	128	
3002	37	25	78	880	189	12	26	
3003	224	18	182	881	34	213	29	
3004	50	20	19	44	45	28	6	
3005	36	25	302	58	189	12	20	
3006	58	37	4	6	42	4	475	
3007	699	56	487	116	651	4	84	
3008	471	43	117	883	348	145	106	
3009	1	107	158	884	153	36	1	
3010	4	4	4	882	37	4	25	
3011	94	208	743	394	315	122	218	
3012	49	69	20	44	501	4	315	
3013	49	69	20	44	501	7	315	
3014	109	42	35	127	331	12	26	
3015	58	41	14	6	501	4	315	
3016	58	41	14	6	69	4	315	
3017	58	41	14	6	69	276	315	
3018	58	41	14	6	69	4	434	
3019	58	69	14	6	69	4	315	
3020	58	69	20	6	69	326	6	
3021	58	41	14	6	69	326	6	
3022	58	41	14	6	69	22	6	
3023	4	4	4	6	40	4	25	
3024	125	21	197	44	45	4	32	
3025	59	40	744	9	67	6	6	
3026	326	98	745	732	213	171	217	
3027	699	56	93	141	409	4	476	
3028	63	3	51	35	653	27	3	
3029	51	4	4	6	39	4	138	
3030	196	4	4	13	11	4	138	
3031	168	161	228	203	654	11	58	
3032	437	8	16	59	656	4	293	
3033	15	2	746	2	657	2	73	
3034	492	505	747	191	183	347	15	
3035	11	4	4	6	655	4	6	
3036	49	20	19	44	64	24	477	
3037	59	40	12	75	35	83	6	
3038	58	37	4	6	42	4	478	
3039	4	4	14	120	92	30	25	
3040	305	106	466	237	467	12	18	
3041	13	2	45	885	51	2	14	
3042	10	20	17	44	45	12	6	
3043	11	4	4	40	311	4	6	
3044	192	51	72	686	153	358	1	
3045	55	8	5	549	428	4	6	
3046	393	92	109	181	205	22	99	
3047	4	37	15	6	11	4	6	
3048	686	18	138	151	33	208	29	
3049	71	3	110	89	3	16	3	
3050	36	196	35	193	288	12	20	
3051	4	4	68	4	78	4	25	
3052	94	68	108	109	332	11	177	
3053	4	4	4	80	41	4	6	
3054	22	15	102	15	236	11	10	
3055	603	411	4	6	39	4	138	
3056	18	2	30	414	51	2	14	
3057	71	3	66	82	19	81	17	
3058	51	37	4	6	112	30	6	
3059	37	25	49	30	49	21	493	
3060	51	527	18	4	37	4	6	
3061	59	9	59	9	67	359	215	
3062	51	4	15	6	59	4	6	
3063	15	2	773	922	51	2	65	
3064	51	528	14	6	39	4	6	
3065	53	35	19	44	692	4	6	
3066	11	4	4	166	556	4	39	
3067	59	353	59	811	195	6	6	
3068	1	44	158	913	153	1	1	
3069	100	4	4	6	187	30	123	
3070	11	524	4	13	39	4	9	
3071	117	25	168	718	141	14	197	
3072	127	25	35	546	49	12	409	
3073	127	27	35	137	672	12	20	
3074	127	507	92	359	160	12	103	
3075	127	525	767	880	49	12	172	
3076	13	158	263	2	55	105	14	
3077	144	509	466	550	298	12	129	
3078	15	294	44	385	669	2	73	
3079	151	25	552	667	388	14	486	
3080	151	510	759	893	659	14	492	
3081	153	98	768	898	355	68	91	
3082	155	304	179	553	30	208	29	
3083	171	1	190	913	362	22	113	
3084	180	25	67	615	49	12	26	
3085	183	14	765	108	662	9	58	
3086	183	195	765	191	662	11	58	
3087	183	401	196	52	286	11	15	
3088	192	1	65	897	1	269	1	
3089	2	2	762	133	689	2	13	
3090	2	217	46	2	2	155	444	
3091	218	81	182	252	212	213	29	
3092	23	15	23	16	28	11	482	
3093	230	25	500	513	388	14	93	
3094	24	14	287	153	207	11	89	
3095	24	14	287	191	563	11	485	
3096	24	14	293	918	295	18	58	
3097	24	14	43	919	27	18	21	
3098	24	399	589	748	21	245	15	
3099	243	513	294	123	661	11	58	
3100	244	25	532	886	204	356	27	
3101	244	521	532	886	204	356	27	
3102	250	523	770	912	678	112	187	
3103	255	166	280	313	679	11	166	
3104	26	14	26	148	663	11	16	
3105	26	16	25	53	675	9	15	
3106	26	95	43	155	136	11	89	
3107	276	518	647	189	32	8	380	
3108	279	25	96	513	100	14	93	
3109	28	512	27	123	20	11	15	
3110	289	43	751	352	360	61	129	
3111	296	92	130	145	673	22	489	
3112	299	14	753	97	20	11	15	
3113	3	130	766	36	19	133	192	
3114	3	139	66	910	3	16	17	
3115	3	520	3	35	3	16	17	
3116	32	18	22	210	31	8	28	
3117	345	173	294	191	183	158	58	
3118	345	517	294	191	183	158	58	
3119	348	108	772	531	546	14	93	
3120	348	25	96	901	399	14	93	
3121	35	25	35	47	189	12	26	
3122	36	39	67	359	49	12	47	
3123	36	511	78	193	160	12	103	
3124	37	25	219	216	664	46	20	
3125	40	17	39	906	46	11	10	
3126	41	24	66	314	3	60	3	
3127	43	24	58	35	3	133	19	
3128	43	3	191	37	3	81	17	
3129	446	4	4	6	691	74	25	
3130	449	4	15	69	57	4	6	
3131	453	18	22	439	677	8	302	
3132	46	21	115	129	45	24	488	
3133	466	81	157	64	32	8	29	
3134	471	526	416	378	122	61	481	
3135	527	358	126	917	688	354	484	
3136	535	39	322	92	189	12	20	
3137	538	394	611	904	685	348	154	
3138	584	14	143	153	690	11	15	
3139	588	150	653	891	549	11	148	
3140	591	108	431	896	227	14	93	
3141	601	25	592	911	684	14	487	
3142	632	110	754	909	120	8	29	
3143	645	368	750	887	667	11	18	
3144	646	15	650	895	670	11	483	
3145	646	15	758	894	166	11	483	
3146	65	25	78	916	189	12	20	
3147	701	506	760	668	421	103	480	
3148	702	514	765	203	132	11	58	
3149	703	282	756	888	665	11	428	
3150	704	420	653	889	549	223	18	
3151	705	27	92	216	687	12	26	
3152	706	108	771	509	681	14	163	
3153	707	522	71	908	49	12	47	
3154	708	102	61	165	36	1	119	
3155	709	15	769	907	46	65	218	
3156	71	3	53	82	682	357	19	
3157	71	3	60	89	19	16	19	
3158	710	320	572	714	666	11	18	
3159	711	508	748	520	658	338	479	
3160	712	15	752	920	166	232	491	
3161	713	516	761	668	421	350	154	
3162	714	145	757	890	676	218	147	
3163	715	2	343	133	51	355	14	
3164	716	25	96	902	340	353	93	
3165	717	25	96	720	546	160	93	
3166	718	519	764	921	241	8	80	
3167	719	15	102	104	668	11	133	
3168	720	14	24	349	183	11	317	
3169	721	14	43	52	27	18	21	
3170	722	173	293	153	680	11	15	
3171	723	16	25	97	674	9	15	
3172	724	15	293	905	671	11	15	
3173	725	14	289	914	294	11	15	
3174	726	98	755	900	660	171	217	
3175	727	14	749	191	102	11	15	
3176	728	3	52	37	23	16	3	
3177	729	515	760	903	686	349	154	
3178	730	25	168	892	502	14	93	
3179	8	9	6	9	9	6	490	
3180	80	38	633	899	683	12	26	
3181	86	25	759	594	401	14	93	
3182	9	4	763	6	11	4	6	
3183	9	89	18	915	39	4	151	
3184	94	208	298	417	315	351	177	
3185	98	39	92	112	108	352	26	
3186	74	529	20	205	45	8	32	
3187	325	98	768	923	693	68	494	
3188	43	3	58	36	23	16	34	
3189	100	4	14	6	42	30	123	
3190	169	44	156	86	198	1	1	
3191	91	20	148	44	45	4	32	
3192	15	2	94	26	55	2	14	
3193	192	44	65	168	193	1	1	
3194	71	3	774	924	694	60	17	
3195	731	2	174	925	51	2	14	
3196	538	155	611	743	558	103	495	
3197	82	530	93	567	695	360	141	
3198	471	43	776	927	696	61	67	
3199	4	4	14	6	39	4	497	
3200	59	9	12	434	67	6	6	
3201	732	24	180	35	3	16	19	
3202	733	532	61	165	153	1	119	
3203	303	197	777	616	296	136	196	
3204	114	40	12	928	67	6	6	
3205	59	9	778	929	697	6	215	
3206	7	8	5	7	15	361	7	
3207	734	18	779	199	212	8	499	
3208	203	18	216	930	34	8	122	
3209	4	4	780	6	11	4	6	
3210	177	162	22	931	34	8	165	
3211	73	107	65	86	153	270	500	
3212	169	533	156	168	275	36	1	
3213	735	43	416	378	698	362	67	
3214	164	534	781	295	34	8	501	
3215	4	531	775	926	39	4	496	
3216	13	2	45	194	51	363	14	
3217	736	535	782	932	699	364	68	
3218	645	29	750	933	499	365	18	
3219	18	2	41	22	566	2	13	
3220	15	2	474	106	2	2	14	
3221	737	368	783	934	700	11	18	
3222	59	40	12	115	701	6	6	
3223	738	265	784	935	702	185	272	
3224	13	2	382	297	51	44	14	
3225	739	81	785	936	230	8	29	
3226	359	202	603	185	302	366	203	
3227	740	4	14	61	37	4	9	
3228	741	4	569	697	37	4	498	
3229	588	536	786	937	703	11	68	
3230	742	145	246	938	229	94	147	
3231	74	20	19	44	704	4	32	
3232	80	25	435	359	49	12	20	
3233	15	2	343	2	634	2	14	
3234	52	20	19	44	64	4	32	
3235	193	4	203	125	11	4	6	
3236	411	77	767	940	49	12	26	
3237	49	69	787	45	64	4	32	
3238	59	40	788	9	67	6	6	
3239	588	537	789	714	705	11	18	
3240	41	3	191	37	3	16	114	
3241	757	6	9	115	106	40	6	
3242	466	81	482	390	599	8	243	
3243	11	4	4	13	39	4	502	
3244	8	9	6	9	9	367	8	
3245	255	166	280	313	255	11	516	
3246	471	216	776	947	348	26	12	
3247	4	4	4	42	78	4	6	
3248	9	4	14	61	89	4	517	
3249	707	27	71	57	468	12	20	
3250	169	44	329	86	1	36	90	
3251	171	51	190	913	362	269	113	
3252	758	18	646	573	126	8	302	
3253	51	4	14	6	11	30	6	
3254	52	540	148	44	45	4	32	
3255	112	162	377	154	30	213	28	
3256	323	196	67	72	49	12	26	
3257	501	110	512	622	126	8	29	
3258	37	57	35	283	725	371	20	
3259	11	4	4	40	187	4	25	
3260	127	25	92	90	49	12	20	
3261	192	44	158	180	406	77	1	
3262	150	92	341	218	318	22	99	
3263	759	15	800	957	420	384	428	
3264	36	25	92	92	726	12	20	
3265	760	18	801	786	729	8	28	
3266	30	18	38	29	34	8	122	
3267	120	27	37	316	288	12	409	
3268	68	8	75	44	45	34	35	
3269	447	68	108	649	727	260	177	
3270	203	110	306	189	212	8	28	
3271	36	26	803	206	49	12	172	
3272	761	15	802	958	452	11	58	
3273	767	176	808	488	443	182	176	
3274	642	202	603	959	302	170	101	
3275	762	216	804	960	728	385	518	
3276	764	39	312	57	434	12	20	
3277	763	262	806	565	130	183	129	
3278	765	178	549	962	731	106	519	
3279	766	546	440	963	182	387	230	
3280	112	18	674	789	30	8	29	
3281	68	548	75	63	65	34	6	
3282	475	109	332	498	464	390	203	
3283	769	110	42	966	126	8	29	
3284	36	26	807	49	50	12	20	
3285	229	15	810	773	294	11	15	
3286	98	39	92	112	733	12	26	
3287	770	254	522	967	199	68	109	
3288	4	37	4	6	42	4	520	
3289	771	261	527	499	466	186	197	
3290	36	180	302	968	49	12	190	
3291	501	18	512	64	732	8	29	
3292	183	400	196	52	734	11	15	
3293	768	68	809	394	315	11	198	
3294	760	18	641	390	241	90	521	
3295	772	1	158	214	1	22	1	
3296	318	560	814	964	306	370	177	
3297	13	58	229	978	51	2	14	
3298	36	25	37	359	434	12	193	
3299	23	15	23	16	28	389	11	
3300	2	217	239	270	51	2	14	
3301	779	25	49	30	49	21	20	
3302	404	298	65	86	383	391	1	
3303	150	374	795	145	205	22	99	
3304	449	4	14	262	11	300	25	
3305	4	4	14	6	37	4	6	
3306	1	1	61	73	740	77	1	
3307	1	1	61	579	742	1	1	
3308	244	25	31	254	204	104	528	
3309	782	25	817	981	100	278	93	
3310	58	4	68	69	37	4	6	
3311	58	37	818	6	42	4	25	
3312	14	2	2	560	51	2	14	
3313	22	15	221	980	47	65	11	
3314	15	565	819	922	110	2	14	
3315	710	320	619	589	438	223	148	
3316	780	564	650	894	741	11	526	
3317	202	18	480	32	30	8	527	
3318	10	35	20	44	45	4	6	
3319	11	4	4	40	39	4	25	
3320	781	3	66	266	3	16	17	
3321	4	50	4	6	240	4	25	
3322	41	3	51	35	335	16	17	
3323	8	9	6	9	9	6	525	
3324	783	2	45	982	55	2	14	
3325	4	4	14	4	39	4	25	
3326	37	299	35	216	49	12	26	
3327	94	588	827	368	315	122	177	
3328	327	208	828	394	315	149	218	
3329	94	68	108	423	743	157	234	
3330	511	68	526	629	103	250	177	
3331	318	68	794	629	708	370	177	
3332	447	387	829	649	332	260	218	
3333	94	68	108	423	743	157	218	
3334	94	68	298	423	743	157	218	
3335	127	39	35	696	748	12	26	
3336	230	108	269	985	227	14	93	
3337	791	165	830	986	749	394	542	
3338	588	80	619	987	518	223	52	
3339	27	14	625	191	268	11	15	
3340	22	15	39	15	46	11	543	
3341	792	589	831	988	230	8	28	
3342	150	92	195	251	750	22	99	
3343	94	588	743	394	315	122	218	
3344	73	107	65	989	153	22	1	
3345	735	30	416	984	122	61	533	
3346	178	4	4	990	92	4	6	
3347	49	20	19	44	90	395	32	
3348	343	196	219	206	752	12	20	
3349	169	44	156	86	153	1	1	
3350	794	14	235	991	286	196	16	
3351	795	8	75	63	65	34	35	
3352	271	175	833	329	753	120	174	
3353	15	217	126	2	2	2	14	
3354	682	43	117	993	130	362	12	
3355	52	20	9	45	754	4	6	
3356	41	3	66	82	19	60	19	
3357	36	25	834	283	49	12	26	
3358	125	21	197	44	755	4	544	
3359	471	325	28	421	113	61	106	
3360	69	43	28	378	122	61	106	
3361	793	590	832	195	751	6	200	
3362	22	15	102	104	101	11	545	
3363	13	2	40	2	55	2	14	
3364	11	4	4	6	72	4	6	
3365	37	27	35	317	49	12	26	
3366	4	4	4	994	37	4	6	
3367	796	176	825	488	756	121	176	
3368	53	35	835	44	45	4	6	
3369	4	4	4	6	39	4	546	
3370	13	2	378	133	51	2	14	
3371	51	4	14	305	11	4	6	
3372	319	14	837	998	760	10	58	
3373	797	113	371	195	358	6	55	
3374	225	56	386	116	757	4	547	
3375	486	44	836	995	758	36	1	
3376	225	56	93	996	759	209	548	
3377	52	21	20	997	45	4	6	
3378	6	591	4	992	39	4	6	
3379	74	20	74	44	45	12	32	
3380	4	4	4	85	11	30	124	
3381	454	592	482	107	761	8	549	
3382	52	593	20	44	45	4	6	
3383	90	21	19	44	45	49	32	
3384	152	15	102	104	118	11	71	
3385	59	9	12	9	242	37	6	
3386	4	4	14	4	225	4	531	
3387	247	18	512	909	34	8	29	
3388	475	202	518	498	157	390	203	
3389	192	48	329	858	329	36	1	
3390	4	22	13	6	39	4	6	
3391	51	4	14	125	11	4	6	
3392	4	4	4	6	39	4	138	
3393	4	552	4	6	37	4	9	
3394	74	21	9	44	764	12	6	
3395	799	202	415	376	464	170	101	
3396	4	4	4	62	59	397	6	
3397	800	39	71	92	49	12	20	
3398	24	15	838	999	22	11	15	
3399	1	375	839	86	765	22	550	
3400	13	209	370	286	2	2	14	
3401	150	374	795	251	205	22	99	
3402	192	107	65	86	206	36	1	
3403	59	40	790	172	67	6	6	
3404	801	25	840	1000	100	14	93	
3405	727	14	749	1001	102	11	15	
3406	229	14	235	1002	98	11	16	
3407	802	111	841	1003	766	398	551	
3408	13	594	44	408	2	2	14	
3409	803	27	842	1004	767	104	27	
