ST	adk	atpA	dxr	glyA	recA	sodA	tpi	mlst_clade
1	1	1	1	10	1	3	5	2
2	1	1	2	1	5	3	1	1
3	1	1	2	1	1	1	1	1
4	1	2	2	1	1	5	3	1
5	1	6	4	7	2	8	7	3
6	2	1	6	1	1	5	1	1
7	1	1	7	1	1	5	1	1
8	1	1	2	6	1	5	1	1
9	1	1	6	1	1	6	1	1
10	2	1	2	1	1	3	1	1
11	5	8	5	11	9	11	8	5
12	1	1	6	4	3	5	1	1
13	1	1	6	1	5	3	1	1
14	1	1	2	1	5	5	3	1
15	1	1	6	1	8	5	1	1
16	1	1	2	6	1	3	1	1
17	1	1	2	1	1	5	3	1
18	1	1	2	5	1	3	1	1
19	1	1	8	2	1	1	3	1
20	1	1	8	1	1	4	3	1
21	2	2	2	1	1	1	3	1
22	1	1	4	7	2	8	7	3
23	3	7	14	14	11	16	15	4
24	1	1	8	12	1	4	3	1
25	6	6	4	7	2	8	7	3
26	1	1	6	1	4	3	4	1
27	1	1	6	1	1	3	4	1
28	1	1	2	1	1	3	1	1
29	1	1	2	16	1	3	1	1
30	8	7	14	8	6	16	15	4
31	1	5	7	6	1	1	1	1
32	1	1	11	1	1	3	2	2
33	1	1	2	1	6	5	3	1
34	1	5	7	1	1	3	1	1
35	2	5	8	1	1	3	6	1
36	2	1	2	3	1	5	1	1
37	3	7	3	8	6	9	11	4
38	3	7	10	8	6	2	9	4
39	3	7	10	8	7	2	10	4
40	4	5	6	1	3	1	1	1
41	1	1	9	9	1	3	2	2
42	1	1	2	1	1	7	1	1
43	1	7	6	1	1	5	6	1
44	2	5	2	1	1	3	1	1
45	4	1	6	1	1	5	1	1
46	4	1	6	1	1	10	1	1
47	1	1	11	17	1	3	2	2
48	1	1	2	1	1	5	1	1
49	1	1	2	1	5	3	3	1
50	1	1	6	1	5	3	17	1
51	1	1	2	6	1	7	6	1
52	1	1	2	6	1	12	1	1
53	1	2	2	1	1	5	1	1
54	1	4	7	1	1	3	3	1
55	1	1	6	6	1	12	12	1
56	1	3	6	3	1	5	1	1
57	1	1	6	4	3	5	13	1
58	1	5	7	1	1	13	1	1
59	1	3	6	15	1	17	1	1
60	1	3	15	15	1	3	1	1
61	1	5	11	1	1	3	2	2
62	1	1	1	9	1	3	1	2
63	1	1	7	5	1	3	3	1
64	1	1	6	1	1	13	1	1
65	1	1	7	3	1	5	6	1
66	1	1	2	6	1	5	3	1
67	1	1	9	9	1	3	5	2
68	1	4	2	1	5	3	1	1
69	1	1	7	1	1	1	1	1
70	1	3	6	3	1	14	1	1
71	4	1	6	1	1	15	1	1
72	2	1	6	13	1	5	1	1
73	1	2	12	1	1	5	1	1
74	1	1	13	1	3	1	14	1
75	7	3	13	1	10	1	1	1
76	1	1	6	1	1	1	1	1
77	2	1	6	1	3	5	1	1
78	4	1	6	1	1	1	1	1
79	1	3	2	1	1	1	16	1
80	1	1	13	1	3	1	3	1
81	3	1	3	8	6	9	11	4
82	1	1	6	1	1	1	3	1
83	1	1	6	1	1	3	1	1
84	1	9	2	1	1	1	1	1
85	1	10	7	1	1	3	3	1
86	3	7	3	8	6	19	11	4
87	3	7	3	8	6	20	10	4
88	9	7	3	8	6	18	10	4
89	2	1	6	1	1	21	1	1
90	2	1	16	1	1	5	1	1
91	1	1	6	6	1	6	1	1
92	1	1	2	3	1	5	1	1
93	3	7	3	8	11	20	10	4
94	2	1	6	1	1	10	1	1
95	1	5	11	17	1	3	1	2
96	1	6	4	7	12	8	7	3
97	1	1	11	1	1	22	1	2
98	1	1	2	6	1	1	3	1
99	1	11	6	6	1	12	12	1
100	1	1	6	19	2	24	1	1
101	1	2	2	1	1	23	1	1
102	1	1	2	1	5	5	1	1
103	1	1	2	15	8	5	3	1
104	1	1	13	1	1	1	6	1
105	2	2	4	1	1	1	3	1
106	2	1	2	10	1	5	1	1
107	4	1	6	1	3	1	1	1
108	1	1	6	1	8	5	5	1
109	3	12	10	18	6	18	15	4
110	1	1	2	1	13	3	1	1
111	1	1	2	1	1	3	3	1
112	1	1	7	3	1	5	3	1
113	2	1	17	1	1	5	1	1
114	1	1	9	9	1	1	18	2
115	1	1	2	6	1	7	3	1
116	1	1	9	9	1	22	5	2
117	1	1	7	1	2	5	1	1
118	1	13	2	1	1	1	19	1
119	1	1	2	20	1	5	1	1
120	1	1	1	1	5	3	1	2
121	3	7	3	8	7	2	10	4
122	1	1	4	1	1	1	10	
123	1	14	9	1	1	3	2	2
124	11	7	14	14	6	20	9	4
125	4	1	6	1	4	26	1	1
126	1	3	6	1	1	3	3	1
127	11	7	10	8	6	20	15	4
128	1	1	9	21	1	27	2	1
129	1	3	6	1	1	1	3	1
130	1	1	18	9	1	22	2	2
131	2	1	6	8	1	5	1	1
132	5	1	6	1	5	3	1	1
133	1	1	7	1	1	3	3	1
134	1	3	2	15	1	3	3	1
135	1	1	2	8	1	7	1	1
136	2	1	6	16	1	5	13	1
137	1	1	2	3	1	3	1	1
138	2	1	2	16	1	5	1	1
139	2	1	2	1	1	1	3	1
140	1	1	9	9	1	1	2	2
141	1	3	7	1	3	1	6	1
142	8	7	14	8	6	25	15	4
143	1	11	6	16	1	1	1	1
144	1	1	2	2	1	5	3	1
145	4	1	6	1	1	10	12	1
146	1	1	2	6	1	5	4	1
147	10	8	5	11	9	11	8	5
148	5	8	5	11	9	11	20	5
149	1	1	2	6	1	7	1	1
150	1	1	6	1	3	5	1	1
151	1	1	6	1	1	3	3	1
152	1	1	13	1	1	1	3	1
153	1	1	13	5	3	1	1	1
154	1	1	9	1	1	3	2	2
155	12	1	16	1	5	5	1	1
156	1	1	9	22	14	3	2	2
157	1	1	9	23	1	3	2	2
158	3	7	10	8	7	2	15	4
159	3	7	10	8	6	2	10	4
160	2	5	2	6	1	3	1	1
161	5	8	5	11	9	11	21	5
162	1	6	4	7	2	30	7	3
163	5	8	5	24	15	28	23	5
164	5	15	5	27	15	29	20	5
165	1	16	2	1	1	5	1	1
166	5	15	5	25	15	29	8	5
167	5	8	5	27	15	29	22	5
168	10	8	19	11	15	29	22	5
169	5	8	5	26	15	29	8	5
170	9	7	3	8	6	2	15	4
171	1	7	13	1	3	12	1	1
172	1	1	20	3	1	5	3	1
173	5	8	5	11	15	29	24	5
174	5	8	5	28	15	29	23	5
175	1	1	21	1	1	3	2	2
176	1	1	9	9	1	1	25	2
177	13	18	22	33	18	31	28	
178	13	17	22	29	16	31	26	
179	13	17	23	30	17	31	27	
180	13	19	22	32	19	32	28	
181	13	18	22	31	18	31	26	
182	2	1	16	1	5	12	1	1
183	1	1	24	6	1	5	1	1
184	1	1	25	34	1	1	1	1
185	2	1	16	1	5	5	1	1
186	5	8	5	11	15	11	8	5
187	5	8	5	13	9	11	8	5
188	1	1	9	9	14	5	2	2
189	1	1	6	1	1	10	1	1
190	14	1	26	1	4	3	1	1
191	1	5	6	35	1	33	1	1
192	1	5	11	1	1	3	1	2
193	5	8	5	1	9	34	3	5
194	1	1	11	23	1	1	1	2
195	5	20	27	36	9	11	8	5
196	1	1	9	37	14	3	2	2
197	1	1	1	10	1	5	5	2
198	11	7	2	7	20	20	10	4
199	1	1	2	1	1	35	6	1
200	15	21	28	38	21	36	30	
201	1	6	4	7	2	8	31	3
202	13	18	22	31	18	31	32	
203	1	22	2	1	22	1	1	1
204	16	23	29	39	23	37	33	
205	1	3	13	1	5	23	1	1
206	13	18	22	40	18	38	32	
207	5	8	5	41	9	11	8	5
208	2	7	8	1	1	3	6	1
209	1	6	4	7	2	8	11	3
210	1	1	2	1	1	1	11	
211	2	5	8	1	1	3	11	
212	1	4	7	1	1	3	6	1
213	1	11	6	6	1	12	6	1
214	1	1	2	1	5	3	12	1
215	3	7	3	8	6	9	29	4
216	3	7	3	8	6	9	6	4
217	3	7	3	8	6	9	1	4
218	2	5	8	1	1	3	1	1
219	3	7	3	1	6	9	11	4
220	1	4	7	8	1	3	3	1
221	1	6	4	7	2	8	29	3
222	1	1	1	1	1	3	2	2
223	1	1	11	17	1	3	5	2
224	1	1	9	10	1	3	2	2
225	1	1	6	5	1	33	5	1
226	1	1	9	23	14	1	2	2
227	1	1	1	1	1	3	1	2
228	1	1	11	5	1	33	1	2
229	1	1	9	5	1	33	2	2
230	1	1	9	9	14	3	1	2
231	1	1	9	9	14	3	2	2
232	1	5	9	9	1	3	5	2
233	1	1	2	16	1	12	1	1
234	1	3	6	1	1	5	1	1
235	1	3	6	1	1	5	6	1
236	1	1	6	16	1	17	6	1
237	1	1	2	1	1	12	1	1
238	3	12	10	8	6	18	15	4
239	1	3	6	1	1	1	6	1
240	1	1	7	8	2	5	1	1
241	11	7	10	14	6	20	15	4
242	1	1	2	1	1	18	1	1
243	11	7	14	14	6	20	10	4
244	1	1	2	15	1	1	1	1
245	1	5	6	1	22	1	1	1
246	1	5	2	6	1	3	1	1
247	2	5	2	1	1	3	6	1
248	1	1	2	1	1	5	12	1
249	1	1	2	1	5	5	16	1
250	1	1	2	5	3	1	1	1
251	2	1	6	3	1	5	1	1
252	1	5	9	37	1	1	2	2
253	1	1	18	9	1	3	2	2
254	11	7	14	14	6	20	15	4
255	2	1	6	3	8	1	1	1
256	1	1	6	1	5	5	1	1
257	1	3	6	1	1	35	1	1
258	5	24	5	11	9	11	36	5
259	11	25	10	42	6	20	15	4
260	17	7	14	43	6	39	15	4
261	3	7	3	8	7	20	37	4
262	11	7	10	44	6	20	10	4
263	1	1	2	6	1	40	3	1
264	1	1	9	9	1	41	2	2
265	1	1	2	1	5	42	1	1
266	3	26	10	8	6	18	15	4
267	1	1	2	1	1	43	35	1
268	1	1	6	1	1	44	1	1
269	18	1	11	9	1	3	5	2
270	1	5	7	1	1	13	34	1
271	1	1	2	45	1	1	1	1
272	1	1	6	1	24	5	1	1
273	11	7	14	46	6	20	9	4
274	1	1	2	1	1	1	15	
275	5	8	5	47	1	11	8	5
276	1	1	9	23	1	3	38	2
277	1	1	9	23	1	1	39	2
278	2	1	6	6	1	12	12	1
279	13	18	22	33	18	32	32	
280	5	8	5	27	15	28	8	5
281	1	1	2	1	1	22	2	
282	1	1	16	1	5	5	1	
283	11	25	14	42	6	20	15	
284	1	1	2	1	3	5	10	
285	1	6	4	7	25	8	7	3
286	1	1	2	3	1	5	3	1
287	2	1	2	1	1	1	11	1
288	1	1	2	3	1	5	6	1
289	1	1	7	1	5	3	1	1
290	13	17	22	33	26	38	40	
291	1	1	6	1	1	5	6	1
292	1	27	6	1	1	1	6	1
293	1	1	2	1	27	1	1	1
294	1	3	6	46	1	1	6	1
295	1	28	2	1	5	3	1	1
296	1	1	6	1	8	1	1	1
297	13	17	22	33	18	31	26	
298	11	7	10	14	6	20	10	4
299	1	5	6	1	4	3	4	1
300	19	7	14	43	6	45	15	4
301	1	1	6	9	1	33	41	1
302	1	1	16	1	1	1	1	1
303	13	18	22	33	18	31	32	
304	1	1	30	1	5	3	1	
305	20	1	2	6	1	5	1	1
306	2	5	2	1	1	3	43	1
307	21	1	32	1	1	1	1	1
308	1	1	33	1	1	5	44	1
309	1	1	2	49	1	5	1	1
310	11	32	14	14	6	20	10	4
311	15	33	31	48	21	46	42	
312	1	1	13	1	1	1	45	1
313	1	1	2	3	28	5	44	1
314	13	31	22	40	26	31	26	
315	5	8	5	27	15	29	8	5
316	5	8	5	27	15	29	23	5
317	22	8	5	11	9	11	8	5
318	1	1	6	1	4	3	6	1
319	1	11	2	5	1	5	1	1
320	11	7	10	43	6	20	15	4
321	1	1	2	15	8	5	6	1
322	1	1	2	6	1	12	3	1
323	1	5	2	1	1	5	1	1
324	1	7	2	6	1	5	1	1
325	2	1	2	3	1	3	1	1
