ST	acsA	aroE	guaA	mutL	nuoD	ppsA	trpE	clonal_complex
1	1	1	1	1	1	1	1	
2	6	130	1	3	4	4	17	
3	9	22	110	13	15	6	5	
4	17	137	1	3	11	12	111	
5	17	138	6	11	4	91	7	
6	18	139	77	118	4	4	7	
7	19	5	91	119	4	15	2	
8	19	10	1	5	4	92	118	
9	6	6	4	3	3	4	7	
10	27	1	112	13	12	6	119	
11	28	5	11	7	3	13	7	
12	28	5	1	3	4	4	120	
13	28	5	36	3	3	13	121	
14	28	5	11	18	3	13	3	
15	28	5	11	18	3	7	27	
16	28	5	12	11	27	1	44	
17	11	5	1	7	9	4	7	
18	6	4	1	11	4	7	10	
19	14	146	10	6	6	10	5	
20	15	5	11	3	1	7	11	
21	16	5	12	11	1	2	1	
22	6	4	4	3	3	11	2	
23	18	4	5	5	5	4	4	
24	18	5	12	11	2	6	2	
25	19	5	12	7	4	10	7	
26	16	8	1	3	3	13	3	
27	6	5	6	7	4	6	7	
28	15	10	11	3	2	7	12	
29	7	11	3	3	3	2	7	
30	17	87	5	3	1	4	13	
31	18	5	5	3	1	4	13	
32	18	13	13	11	11	4	14	
33	19	5	9	3	4	12	7	
34	4	5	16	3	3	7	3	
35	22	14	17	3	3	6	7	
36	11	28	11	3	1	14	15	
37	23	16	11	4	4	6	3	
38	4	5	16	3	1	4	13	
39	18	5	5	3	1	6	13	
40	4	5	16	11	11	7	14	
41	28	5	6	11	4	4	14	
42	4	102	16	5	2	7	7	
43	25	5	17	5	4	15	7	
44	4	5	6	7	1	16	7	
45	11	5	12	12	1	6	3	
46	4	5	16	3	1	17	13	
47	17	5	5	12	1	10	16	
48	6	5	5	13	1	4	4	
49	38	5	3	12	1	6	3	
50	6	75	11	5	2	4	7	
51	38	19	3	3	11	10	18	
52	11	19	12	12	1	6	3	
53	11	5	19	4	4	4	3	
54	2	5	12	11	4	4	16	
55	5	5	20	13	1	2	4	
56	13	48	5	7	3	6	19	
57	11	5	1	12	1	12	3	
58	4	5	16	13	1	2	4	
59	11	4	11	11	4	12	20	
60	18	4	17	15	4	4	3	
61	13	4	9	3	1	6	11	
62	2	5	5	16	3	1	19	
63	5	4	21	5	1	6	15	
64	28	4	22	7	9	10	7	
65	29	4	5	12	1	6	3	
66	5	10	23	5	4	2	7	
67	5	4	6	5	2	6	7	
68	32	20	24	3	3	17	15	
69	28	4	3	3	5	6	11	
70	4	4	16	17	10	12	22	
71	28	4	5	18	3	4	7	
72	4	4	16	19	13	10	23	
73	33	5	25	20	1	6	24	
74	4	5	1	19	13	4	23	
75	17	5	26	13	1	17	25	
76	17	58	21	17	1	17	1	
77	17	22	12	12	1	4	3	
78	11	11	11	3	3	19	19	
79	38	11	3	12	1	13	3	
80	35	91	27	6	6	4	5	
81	37	5	29	3	4	4	26	
82	32	5	24	3	14	17	7	
83	11	5	1	3	14	17	7	
84	6	11	1	5	4	4	27	
85	5	11	3	13	1	4	4	
86	38	4	3	3	15	15	3	
87	5	24	25	3	4	4	7	
88	22	4	17	7	4	13	7	
89	13	8	5	13	1	7	25	
90	39	14	9	7	9	20	7	
91	17	5	5	1	1	1	1	
92	105	5	30	3	1	4	8	
93	22	5	11	13	1	15	4	
94	24	5	3	5	16	6	28	
95	7	4	7	5	2	7	7	
96	6	5	1	11	27	7	2	
97	11	5	1	4	4	20	3	
98	41	87	4	3	3	4	14	
99	17	26	5	3	3	4	7	
100	33	3	17	3	4	12	7	
101	7	22	5	3	3	14	19	
102	15	5	5	3	4	4	3	
103	17	5	12	22	14	22	29	
104	4	4	16	3	1	6	30	
105	42	28	4	3	18	4	7	
106	22	20	11	23	1	3	3	
107	4	4	16	21	1	6	1	
108	39	5	20	5	1	6	31	
109	4	4	16	24	1	6	3	
110	15	5	1	3	2	12	7	
111	17	5	5	4	4	4	3	
112	6	5	1	25	1	12	1	
113	17	5	5	4	19	4	3	
114	28	5	11	3	85	6	91	
115	28	5	36	11	4	42	7	
116	28	24	22	18	3	15	7	
117	28	48	11	3	1	15	5	
118	6	6	4	3	20	4	7	
119	6	5	6	7	3	6	7	
120	6	22	6	7	4	6	7	
121	17	5	5	3	1	14	3	
122	6	5	7	27	1	7	33	
123	17	5	5	1	1	12	2	
124	24	8	5	4	4	4	3	
125	36	1	28	1	1	7	1	
126	5	27	5	13	1	13	4	
127	43	30	31	26	4	24	32	
128	28	140	11	77	3	4	92	
129	6	5	6	7	2	6	7	
130	15	8	25	28	4	4	34	
131	6	5	11	29	11	15	1	
132	6	20	1	3	4	4	2	
133	1	20	32	3	4	25	3	
134	6	20	11	7	1	12	19	
135	23	20	7	30	4	4	10	
136	29	141	113	120	1	1	122	
137	31	5	57	13	1	40	3	
138	17	32	33	3	1	18	7	
139	35	5	36	11	4	42	7	
140	17	5	1	3	13	18	7	
141	38	11	3	13	1	13	4	
142	39	6	36	11	3	15	2	
143	39	84	5	34	3	10	11	
144	39	143	36	29	4	47	37	
145	40	5	12	3	4	4	14	
146	6	5	11	3	4	23	1	
147	40	5	6	11	3	4	68	
148	17	5	1	3	13	6	7	
149	11	5	5	5	4	15	19	
150	11	5	6	8	4	18	7	
151	19	5	11	7	4	15	26	
152	6	5	19	3	4	6	7	
153	28	5	6	11	4	4	1	
154	6	6	4	21	3	25	7	
155	28	5	36	3	3	13	7	
156	37	27	28	3	4	13	7	
157	48	5	1	7	9	4	7	
158	36	27	28	21	4	13	7	
159	28	38	5	3	3	14	19	
160	11	5	6	32	4	6	26	
161	40	5	91	3	27	15	10	
162	6	5	6	34	27	3	7	
163	6	6	4	3	3	4	39	
164	1	5	1	11	4	10	10	
165	1	19	7	5	4	4	2	
166	40	5	36	122	3	4	7	
167	40	5	11	5	4	38	37	
168	40	5	12	3	4	15	10	
169	40	5	30	67	3	33	14	
170	36	5	29	7	4	10	7	
171	28	5	5	3	3	14	19	
172	41	55	7	61	2	29	7	
173	30	10	1	3	2	7	7	
174	47	8	7	6	8	12	40	
175	28	22	5	3	3	14	19	
176	3	3	4	4	4	4	19	
177	3	3	4	4	4	4	7	
178	36	27	28	3	4	12	7	
179	36	27	28	3	4	13	7	
180	36	27	28	31	4	13	7	
181	28	5	11	3	4	12	3	
182	6	5	1	7	4	18	7	
183	11	5	36	36	2	12	2	
184	11	5	6	32	4	6	36	
185	6	5	19	31	4	6	7	
186	6	5	11	3	3	10	14	
187	6	5	1	7	9	4	7	
188	36	27	28	31	4	15	7	
189	26	143	1	3	4	4	10	
190	6	3	1	3	2	14	1	
191	87	5	114	123	86	93	5	
192	1	5	7	5	4	4	2	
193	16	5	1	11	4	10	10	
194	11	36	4	3	3	4	7	
195	89	30	64	26	48	24	32	
196	6	5	10	5	4	15	19	
197	36	1	28	1	1	7	7	
198	11	5	11	11	3	27	7	
199	108	10	5	11	4	15	2	
200	118	144	85	100	60	54	123	
201	28	22	5	21	3	14	19	
202	11	5	1	3	9	4	7	
203	36	27	28	3	3	13	38	
204	11	37	11	3	2	4	2	
205	123	14	79	3	10	7	124	
206	39	5	18	11	29	5	2	
207	47	4	5	33	1	6	40	
208	6	41	38	11	3	4	37	
209	125	5	11	7	1	12	7	
210	17	5	36	3	3	13	7	
211	125	5	36	3	3	15	2	
212	6	5	1	4	4	4	17	
213	125	76	36	3	61	14	3	
214	125	145	11	5	1	6	7	
215	58	106	85	86	60	73	72	
216	59	1	115	124	16	7	23	
217	28	5	11	18	4	13	3	
218	8	5	1	10	1	4	9	
219	17	5	6	11	4	4	1	
220	83	5	7	5	4	4	2	
221	8	5	65	3	3	10	9	
222	10	15	8	31	62	57	6	
223	12	8	9	3	1	17	15	
224	20	30	64	26	78	24	32	
225	21	5	1	5	4	7	2	
226	11	5	36	3	1	29	7	
227	38	11	3	9	1	2	4	
228	28	22	5	3	1	14	19	
229	39	5	2	4	4	4	3	
230	38	11	5	13	1	2	4	
231	6	5	36	63	4	30	2	
232	17	5	11	64	4	4	2	
233	16	5	30	11	4	31	41	
234	1	5	11	3	4	10	3	
235	38	11	3	13	1	2	4	
236	28	5	1	5	4	32	10	
237	85	1	59	6	1	33	42	
238	5	1	59	6	1	33	42	
239	28	5	1	5	4	32	43	
240	28	5	1	5	43	32	10	
241	17	5	11	5	4	4	7	
242	28	5	5	11	3	15	44	
243	86	1	59	6	1	33	42	
244	17	5	12	3	14	4	7	
245	39	6	12	11	3	15	2	
246	5	62	67	3	1	16	50	
247	101	5	11	5	4	4	7	
248	38	64	69	13	1	2	51	
249	18	54	5	5	1	6	8	
250	28	5	36	3	1	13	7	
251	17	2	11	70	3	7	19	
252	6	28	4	3	3	4	7	
253	4	4	16	12	1	6	3	
254	6	5	58	11	3	4	37	
255	11	3	5	3	3	6	26	
256	6	5	5	3	3	13	9	
257	35	24	36	11	4	15	14	
258	40	5	11	5	2	38	37	
259	40	5	11	3	4	15	9	
260	14	5	10	7	4	13	7	
261	105	5	30	3	3	4	14	
262	17	5	1	3	4	15	7	
263	28	61	66	6	1	33	55	
264	14	63	10	7	4	13	7	
265	38	64	39	13	1	2	51	
266	16	5	11	72	44	7	52	
267	19	5	12	11	11	4	14	
268	23	5	70	7	1	12	7	
269	6	5	11	3	4	3	7	
270	22	3	17	5	2	10	7	
271	102	24	37	5	4	7	7	
272	17	5	11	3	3	4	2	
273	104	4	36	71	4	4	53	
274	23	5	11	7	1	12	7	
275	11	5	20	5	4	4	52	
276	11	5	11	7	1	12	7	
277	39	5	9	11	27	5	2	
278	6	5	32	7	3	12	19	
279	5	3	57	3	1	33	47	
280	28	5	36	3	3	13	52	
281	11	57	1	5	4	4	2	
282	6	5	11	7	3	12	19	
283	17	5	72	4	4	4	3	
284	17	5	5	4	4	4	50	
285	16	22	6	74	2	41	2	
286	6	5	1	3	49	18	56	
287	15	5	11	11	50	42	57	
288	15	5	11	75	50	42	57	
289	6	5	36	11	51	15	1	
290	108	5	11	73	3	15	1	
291	6	5	5	3	52	4	2	
292	109	10	73	3	4	4	3	
293	11	5	74	28	3	40	7	
294	6	5	6	7	4	39	7	
295	6	5	1	7	2	39	7	
296	44	8	5	3	15	6	26	
297	91	4	5	5	5	20	4	
298	18	4	13	3	1	17	13	
299	17	5	36	3	3	7	3	
300	5	55	7	61	1	4	45	
301	38	4	57	62	1	1	26	
302	17	5	5	13	45	4	3	
303	16	5	12	11	3	4	18	
304	82	11	3	13	1	2	4	
305	92	8	11	11	4	43	7	
306	33	59	60	3	1	6	4	
307	32	11	61	13	1	6	54	
308	13	4	5	5	12	7	15	
309	13	8	9	3	1	17	15	
310	5	59	60	3	1	6	4	
311	13	8	9	3	1	17	4	
312	5	3	57	6	1	33	47	
313	47	8	7	6	8	11	40	
314	6	4	62	66	3	6	26	
315	5	4	57	62	1	18	26	
316	13	8	9	3	1	6	9	
317	93	4	16	12	1	6	3	
318	11	5	1	7	46	4	7	
319	5	4	3	3	1	11	8	
320	94	7	63	13	8	7	8	
321	6	5	1	7	4	4	7	
322	11	5	1	7	9	25	7	
323	95	11	3	13	1	2	4	
324	18	8	27	68	15	7	3	
325	35	1	25	6	6	7	5	
326	96	4	16	12	1	7	3	
327	38	1	25	6	6	7	5	
328	33	56	65	5	1	10	49	
329	5	20	1	3	4	4	2	
330	6	20	36	67	1	6	3	
331	97	20	11	3	3	3	7	
332	98	5	57	13	1	40	3	
333	33	5	1	13	4	4	7	
334	99	5	6	7	4	6	7	
335	99	57	1	5	47	24	2	
336	13	5	12	3	14	4	7	
337	17	58	21	17	10	16	22	
338	33	7	63	13	8	7	8	
339	9	5	1	7	9	4	7	
340	11	5	57	13	1	40	3	
341	5	14	25	3	1	16	46	
342	4	11	3	13	1	2	4	
343	11	20	1	65	45	4	10	
344	81	8	5	67	1	40	13	
345	6	4	5	5	12	7	15	
346	33	60	64	69	48	24	48	
347	40	5	17	5	4	15	7	
348	22	20	11	3	3	3	7	
349	89	30	64	78	48	24	32	
350	16	5	5	74	2	10	10	
351	106	66	11	3	29	4	9	
352	107	3	20	62	4	7	3	
353	88	27	28	3	4	13	7	
354	16	5	5	79	2	10	10	
355	3	5	72	13	2	4	26	
356	3	5	6	13	2	4	26	
357	2	4	5	3	1	6	11	
358	41	5	26	3	1	15	18	
359	111	30	80	26	54	44	32	
360	15	5	36	11	27	4	2	
361	35	8	82	3	15	7	3	
362	28	5	6	5	55	29	1	
363	15	5	1	3	2	6	7	
364	39	5	9	11	56	5	2	
365	27	11	5	3	1	6	64	
366	87	70	79	80	53	48	1	
367	36	53	29	7	4	10	7	
368	90	70	79	80	53	48	1	
369	1	5	20	16	3	4	7	
370	6	5	36	63	4	49	2	
371	17	5	29	3	13	6	7	
372	90	70	29	80	53	48	1	
373	36	53	29	7	4	10	58	
374	6	5	11	81	4	23	1	
375	37	69	30	11	4	31	41	
376	6	5	36	63	4	30	59	
377	103	8	5	5	1	6	4	
378	1	14	3	11	1	15	1	
379	39	5	11	28	4	4	63	
380	112	5	1	7	4	4	7	
381	11	20	1	65	4	4	10	
382	113	5	81	3	1	6	25	
383	35	8	27	3	15	45	3	
384	17	5	11	3	52	4	2	
385	15	5	5	5	50	4	14	
386	17	5	11	18	4	10	3	
387	28	5	11	11	4	12	3	
388	17	14	11	11	1	15	2	
389	17	22	5	3	1	14	3	
390	39	5	1	3	4	46	56	
391	2	71	26	3	4	6	65	
392	40	10	1	4	3	4	66	
393	16	5	83	11	4	3	7	
394	17	5	11	18	4	4	3	
395	6	5	1	1	1	12	1	
396	114	73	32	3	4	50	1	
397	114	73	84	3	4	50	1	
398	115	5	1	2	2	15	2	
399	11	5	1	2	2	15	2	
400	11	5	1	2	4	15	2	
401	11	5	1	2	2	51	2	
402	11	5	11	3	1	4	3	
403	17	5	11	11	4	12	3	
404	28	72	11	11	4	12	67	
405	40	5	11	1	4	13	7	
406	40	5	11	3	4	13	7	
407	6	5	1	3	1	12	1	
408	17	5	37	3	1	4	2	
409	6	5	65	3	3	4	9	
410	6	48	11	7	3	12	19	
411	6	28	4	31	3	4	7	
412	11	8	11	5	4	4	7	
413	23	10	1	31	4	6	7	
414	6	48	11	3	4	23	1	
415	6	32	7	31	4	23	1	
416	22	20	11	3	3	4	7	
417	28	48	11	18	4	13	3	
418	6	48	7	3	4	23	1	
419	11	6	6	31	3	7	1	
420	6	28	39	3	3	4	7	
421	6	6	6	5	4	4	7	
422	11	8	32	7	4	6	7	
423	16	48	1	3	4	15	7	
424	17	22	2	3	1	14	3	
425	39	20	20	5	1	6	31	
426	17	48	5	11	1	15	18	
427	15	5	11	1	3	7	3	
428	28	5	11	1	3	7	3	
429	6	28	4	31	3	3	7	
430	11	46	19	15	4	4	3	
431	6	48	11	21	3	6	1	
432	11	48	11	11	3	6	27	
433	2	5	11	7	27	6	7	
434	6	48	4	11	4	12	16	
435	11	48	73	31	4	4	3	
436	5	8	25	28	11	4	34	
437	28	22	11	8	4	13	3	
438	11	2	1	11	9	4	7	
439	6	68	20	11	4	4	7	
440	19	5	5	11	11	4	14	
441	17	5	12	76	14	4	7	
442	6	5	10	1	1	12	1	
443	15	5	5	5	50	4	1	
444	6	5	75	7	3	12	19	
445	54	5	1	7	9	4	7	
446	18	4	5	3	1	17	13	
447	40	5	11	3	1	47	60	
448	40	5	11	3	1	47	8	
449	6	5	1	7	4	6	7	
450	28	5	11	77	3	4	1	
451	17	22	11	3	4	4	7	
452	35	5	36	11	4	10	7	
453	16	5	11	7	1	7	61	
454	38	4	10	3	1	17	13	
455	6	14	12	11	1	4	20	
456	28	68	5	11	3	15	44	
457	38	11	10	13	1	2	4	
458	13	8	9	3	1	17	3	
459	28	24	10	5	1	6	4	
460	40	57	11	3	4	28	37	
461	28	5	36	3	3	13	3	
462	17	5	12	76	14	4	2	
463	6	5	5	3	1	6	3	
464	17	5	5	4	11	4	7	
465	9	54	78	72	4	20	7	
466	6	5	11	7	1	12	7	
467	6	5	11	18	4	12	3	
468	5	67	76	3	1	4	62	
469	17	66	5	77	3	4	7	
470	6	6	1	5	27	4	7	
471	17	5	11	5	4	4	2	
472	6	48	7	31	57	23	1	
473	11	5	12	3	1	52	2	
474	105	28	1	3	58	7	19	
475	16	31	11	85	59	15	10	
476	17	48	11	7	1	53	1	
477	6	48	6	83	27	3	7	
478	27	48	57	13	1	40	70	
479	39	48	17	84	1	6	31	
480	11	5	11	3	1	6	27	
481	13	75	5	5	12	7	15	
482	117	5	32	3	4	25	3	
483	116	5	6	5	3	12	68	
484	40	5	11	82	4	13	7	
485	11	76	5	3	61	14	3	
486	5	75	3	3	1	11	8	
487	11	5	6	18	4	15	19	
488	16	27	11	5	4	38	7	
489	40	5	87	3	4	13	7	
490	15	78	11	11	1	15	1	
491	16	55	7	61	1	4	45	
492	40	5	30	61	1	7	14	
493	29	26	9	13	1	6	23	
494	1	5	1	3	4	29	2	
495	6	80	4	3	3	4	7	
496	6	5	26	3	3	38	61	
497	11	5	1	7	3	56	7	
498	6	28	65	3	3	4	7	
499	11	5	7	27	2	7	33	
500	11	57	7	3	4	15	1	
501	17	78	6	18	4	1	18	
502	5	81	76	3	1	7	62	
503	14	5	10	7	4	13	74	
504	17	83	1	4	2	58	3	
505	6	20	1	11	4	4	2	
506	15	84	12	5	5	13	1	
507	13	52	9	3	1	6	9	
508	15	5	11	3	2	4	3	
509	11	52	11	5	4	4	7	
510	104	75	36	71	4	4	53	
511	6	85	1	5	1	4	68	
512	1	5	1	3	4	10	10	
513	117	5	32	3	4	25	75	
514	1	5	32	3	4	25	3	
515	57	68	20	11	4	4	7	
516	89	86	64	90	48	59	32	
517	118	79	85	92	60	54	72	
518	5	87	65	28	10	60	78	
519	40	5	11	3	4	61	76	
520	9	92	63	13	8	7	8	
521	28	88	1	21	3	53	7	
522	27	91	5	3	1	6	64	
523	40	5	11	7	4	13	7	
524	6	5	1	72	1	15	27	
525	16	5	5	11	2	10	10	
526	19	29	1	3	1	15	7	
527	16	52	11	85	59	15	10	
528	118	5	85	86	60	54	71	
529	11	5	11	11	3	18	27	
530	1	5	1	5	4	15	10	
531	6	55	4	21	3	4	7	
532	5	4	5	5	5	20	4	
533	38	11	3	13	66	2	4	
534	38	93	3	13	1	2	4	
535	15	78	11	11	1	18	1	
536	40	5	11	31	4	13	7	
537	5	77	25	88	1	1	42	
538	44	52	5	3	15	6	26	
539	18	75	13	3	1	17	13	
540	4	75	16	12	1	6	3	
541	28	5	92	3	3	13	7	
542	28	24	91	5	4	40	14	
543	6	5	78	6	3	4	14	
544	11	5	1	7	3	56	79	
545	111	82	11	93	62	57	73	
546	23	94	11	7	1	12	7	
547	40	5	93	3	4	13	7	
548	28	5	90	94	4	18	14	
549	7	5	12	3	4	1	7	
550	119	10	3	5	64	6	77	
551	4	75	16	12	1	29	3	
552	28	5	11	7	27	6	7	
553	17	5	1	11	4	4	45	
554	16	5	12	3	2	15	12	
555	16	5	30	11	3	20	7	
556	1	5	1	3	4	25	3	
557	11	5	12	11	4	4	20	
558	40	22	1	3	2	6	7	
559	11	5	77	5	3	6	68	
560	5	5	57	13	1	40	3	
561	39	80	12	11	3	15	2	
562	15	5	11	3	4	4	3	
563	6	75	26	5	1	4	26	
564	6	10	5	11	2	15	2	
565	113	75	5	67	1	17	26	
566	6	78	1	3	2	14	1	
567	6	5	36	7	4	42	7	
568	17	5	17	3	13	6	7	
569	11	5	11	11	3	6	27	
570	11	5	5	95	4	4	26	
571	121	20	26	13	3	64	2	
572	28	20	94	3	67	4	10	
573	16	5	30	11	3	65	7	
574	89	99	64	90	48	24	81	
575	11	5	83	2	4	13	7	
576	122	5	1	7	3	56	7	
577	17	5	11	64	4	66	2	
578	6	98	12	11	1	4	20	
579	28	5	36	3	3	13	82	
580	39	97	12	11	3	15	2	
581	39	5	20	5	1	67	31	
582	123	98	79	3	1	10	77	
583	124	5	6	3	4	4	1	
584	17	5	5	18	4	12	83	
585	6	5	1	7	68	15	13	
586	89	99	64	26	48	24	55	
587	6	5	36	96	4	68	7	
588	5	98	95	3	1	1	84	
589	15	5	11	3	4	12	7	
590	105	5	1	3	3	4	34	
591	6	5	11	7	4	1	9	
592	39	5	11	6	1	4	7	
593	38	89	3	13	1	2	4	
594	17	5	12	31	14	4	7	
595	17	5	12	5	14	4	7	
596	16	78	1	5	1	55	61	
597	17	5	12	3	4	4	7	
598	11	5	36	3	1	29	2	
599	17	75	11	11	1	63	23	
600	17	89	88	4	4	62	3	
601	11	5	88	4	4	4	3	
602	17	5	1	7	3	56	7	
603	16	5	5	7	3	10	10	
604	6	100	5	11	2	15	2	
605	39	5	20	3	1	6	10	
606	23	5	57	30	1	4	3	
607	42	20	1	3	4	4	2	
608	40	5	11	3	69	13	7	
609	16	22	5	11	4	6	10	
610	120	90	89	91	65	40	3	
611	17	5	12	98	4	14	10	
612	28	5	58	11	4	15	44	
613	13	75	9	3	71	6	9	
614	11	5	26	3	27	4	85	
615	6	20	1	3	4	4	86	
616	29	26	97	99	70	20	87	
617	16	101	11	97	4	69	88	
618	6	5	6	1	1	12	1	
619	28	22	5	31	3	14	19	
620	9	7	63	13	8	7	8	
621	15	5	20	5	1	4	25	
622	38	91	3	13	1	2	4	
623	17	3	5	3	1	71	26	
624	28	103	7	11	2	6	1	
625	6	48	1	1	1	12	1	
626	11	5	11	5	2	38	37	
627	11	19	6	31	4	1	7	
628	108	4	5	5	12	7	15	
629	1	5	30	11	4	31	41	
630	17	5	17	3	14	4	7	
631	32	8	5	3	5	6	89	
632	5	5	1	1	1	12	1	
633	125	5	6	3	4	13	23	
634	16	5	11	11	1	4	7	
635	6	5	11	3	1	6	27	
636	11	5	1	7	9	72	7	
637	118	104	85	100	72	73	90	
638	1	14	3	11	1	15	69	
639	11	19	19	3	4	4	7	
640	11	5	98	5	3	10	85	
641	6	5	6	5	4	4	7	
642	125	105	36	3	3	15	2	
643	28	5	12	3	4	1	18	
644	28	3	94	13	1	4	10	
645	6	5	5	3	3	13	1	
646	11	5	6	11	2	4	19	
647	17	5	6	3	4	15	10	
648	126	8	7	6	8	11	40	
649	11	84	11	3	4	4	7	
650	81	4	5	3	1	17	13	
651	38	11	3	13	3	2	4	
652	36	5	29	7	29	10	7	
653	11	5	11	5	4	4	7	
654	17	5	26	3	4	4	26	
655	11	6	19	11	4	15	9	
656	6	5	1	2	2	15	2	
657	38	11	3	13	1	4	32	
658	13	8	9	13	1	17	15	
659	39	5	9	3	27	5	2	
660	38	11	3	11	1	2	4	
661	6	5	1	4	1	12	1	
662	13	4	5	1	12	2	15	
663	6	5	11	29	3	15	1	
664	9	5	11	3	4	40	18	
665	6	19	1	3	4	4	2	
666	6	5	58	11	3	7	37	
667	5	67	76	3	1	7	62	
668	6	5	1	11	2	15	2	
669	28	5	91	5	4	4	14	
670	17	5	36	5	73	25	7	
671	5	5	57	13	1	74	3	
672	6	5	6	3	74	13	7	
673	127	71	3	101	75	75	5	
674	9	4	99	13	1	7	8	
675	40	84	11	3	4	76	91	
676	28	5	11	77	3	4	92	
677	28	5	36	102	3	13	7	
678	47	106	7	6	8	11	40	
679	128	106	85	92	76	54	93	
680	6	5	11	3	4	6	1	
681	6	5	40	3	4	23	1	
682	11	5	1	3	13	6	7	
683	6	5	11	3	4	4	1	
684	28	5	11	5	4	10	95	
685	17	5	11	5	4	10	95	
686	6	5	11	3	4	4	45	
687	6	5	11	3	4	4	7	
688	11	5	1	103	9	4	7	
689	39	5	11	30	4	15	94	
690	11	76	4	3	1	4	1	
691	18	4	13	3	1	17	10	
692	4	75	16	12	1	6	10	
693	11	5	11	11	4	4	14	
694	5	8	3	6	12	6	3	
695	104	4	36	5	4	4	53	
696	38	11	3	13	1	17	4	
697	17	24	37	5	3	7	25	
698	15	2	11	3	3	4	3	
699	7	5	7	3	4	1	7	
700	22	5	6	7	4	6	7	
701	29	1	9	13	1	6	23	
702	6	5	4	3	3	4	7	
703	39	107	11	3	1	6	45	
704	141	30	64	26	48	24	96	
705	118	108	85	92	72	54	72	
706	16	101	11	3	4	40	9	
707	36	5	68	3	4	10	7	
708	11	3	11	3	1	4	60	
709	40	6	19	11	4	15	9	
710	129	117	47	49	36	77	97	
711	133	119	50	52	38	77	102	
712	31	12	65	19	13	7	23	
713	23	3	1	30	3	4	10	
714	143	28	100	108	34	81	7	
715	135	109	44	50	34	77	103	
716	37	5	64	3	1	28	2	
717	36	27	35	3	4	13	26	
718	6	48	36	3	4	47	7	
719	140	30	64	26	78	24	32	
720	16	101	36	3	4	40	26	
721	6	110	4	107	33	80	99	
722	144	111	4	109	32	4	100	
723	132	118	49	105	37	83	101	
724	136	113	102	111	77	84	106	
725	137	114	103	57	33	77	104	
726	138	115	53	104	41	82	105	
727	139	116	44	112	80	79	108	
728	2	120	26	3	1	15	1	
729	5	5	57	13	1	40	109	
730	28	5	11	11	1	12	3	
731	6	5	1	3	3	4	10	
732	15	4	26	5	1	6	26	
733	40	10	1	4	3	4	10	
734	17	5	11	5	2	4	37	
735	28	5	5	13	3	10	44	
736	11	22	6	1	4	15	26	
737	11	5	100	18	4	15	19	
738	40	5	19	11	4	15	9	
739	11	5	11	5	4	4	3	
740	39	6	9	11	3	15	2	
741	145	5	26	3	4	6	26	
742	16	5	30	11	4	4	41	
743	16	75	30	11	4	31	41	
744	5	4	30	5	5	31	4	
745	38	11	3	13	1	20	4	
746	2	4	5	3	1	2	11	
747	37	27	35	3	4	13	7	
748	37	22	36	5	4	6	26	
749	6	5	104	3	4	6	7	
750	39	22	26	7	4	1	10	
751	9	3	26	3	1	15	1	
752	40	5	12	43	14	4	7	
753	28	7	63	13	8	7	8	
754	1	5	11	3	4	38	3	
755	16	3	26	3	1	15	1	
756	31	12	65	19	13	7	3	
757	13	8	9	43	2	6	9	
758	39	5	9	5	27	5	2	
759	50	13	105	28	16	7	47	
760	15	121	36	5	4	15	8	
761	6	5	11	103	4	1	9	
762	5	9	79	20	1	7	24	
763	28	122	11	5	3	7	7	
764	7	5	7	43	4	1	19	
765	113	5	24	43	1	6	25	
766	17	5	12	43	14	4	7	
767	17	5	12	98	4	7	10	
768	6	76	11	3	1	4	3	
769	81	5	9	11	3	6	12	
770	11	2	6	3	4	7	8	
771	9	7	63	13	4	38	3	
772	17	5	5	43	4	4	3	
773	5	4	5	5	5	7	8	
774	17	5	1	4	4	15	7	
775	28	5	11	5	4	4	7	
776	19	5	91	3	3	15	2	
777	28	22	5	5	73	4	2	
778	28	123	11	5	3	4	7	
779	125	5	11	31	3	7	26	
780	35	24	36	11	15	15	14	
781	23	5	11	113	76	12	7	
782	15	3	3	11	1	15	1	
783	15	124	3	11	1	15	1	
784	55	3	3	11	1	15	1	
785	15	3	3	114	1	15	1	
786	56	5	36	3	3	13	7	
787	16	125	30	72	4	13	7	
788	16	5	30	72	4	13	7	
789	17	5	11	72	3	12	15	
790	17	5	11	3	81	38	3	
791	15	5	106	3	4	4	7	
792	6	5	11	3	2	15	1	
793	19	5	5	5	1	20	110	
794	17	22	5	11	3	86	19	
795	23	5	12	30	1	4	10	
796	36	5	1	3	2	6	1	
797	1	14	3	11	1	15	10	
798	11	22	6	1	4	6	26	
799	17	22	7	3	3	15	3	
800	17	22	11	3	3	15	3	
801	17	126	1	3	11	12	111	
802	11	127	1	3	4	25	3	
803	15	5	11	3	4	4	7	
804	16	5	12	3	2	15	18	
805	16	28	11	61	1	15	45	
806	16	28	7	61	1	15	45	
807	28	5	11	5	15	12	7	
808	28	5	91	5	4	4	7	
809	36	3	6	13	3	6	26	
810	105	5	30	3	3	10	14	
811	28	128	36	3	3	13	7	
812	39	35	71	81	56	36	54	
813	27	5	25	6	6	7	7	
814	15	5	5	4	4	4	3	
815	103	11	61	5	1	6	8	
816	5	1	65	13	10	7	23	
817	50	103	11	3	3	3	7	
818	17	22	2	3	3	14	19	
819	17	5	2	21	4	4	3	
820	11	5	38	11	4	6	7	
821	5	5	20	16	1	10	7	
822	16	5	107	3	4	15	7	
823	32	13	24	13	1	6	25	
824	38	11	77	13	1	2	4	
825	1	5	36	5	2	42	7	
826	1	5	1	5	4	87	1	
827	1	129	36	3	4	3	19	
828	4	4	16	12	4	6	3	
829	5	1	25	16	12	6	26	
830	5	13	109	5	1	1	47	
831	6	3	5	3	2	3	112	
832	6	4	1	3	1	4	10	
833	6	5	11	5	4	4	7	
834	6	5	11	5	4	18	7	
835	6	5	1	3	3	4	2	
836	6	5	1	5	27	15	7	
837	6	5	1	3	2	13	10	
838	6	5	1	18	3	4	3	
839	6	5	11	5	82	4	7	
840	6	5	4	11	4	12	16	
841	6	5	1	5	15	4	3	
842	6	10	5	3	4	3	10	
843	9	4	110	13	15	6	5	
844	11	4	11	5	4	6	113	
845	11	5	1	7	4	4	7	
846	11	5	111	3	1	4	2	
847	11	5	36	3	1	88	2	
848	11	5	11	11	4	6	27	
849	11	5	11	11	4	13	1	
850	11	5	6	3	4	4	19	
851	11	8	78	72	4	13	7	
852	11	8	6	115	4	13	18	
853	11	19	19	116	4	4	7	
854	11	20	94	3	1	4	10	
855	11	76	5	31	61	14	3	
856	11	131	6	3	2	4	19	
857	11	132	11	11	3	6	114	
858	11	133	11	11	3	15	19	
859	11	133	11	5	3	15	19	
860	11	134	11	5	4	6	7	
861	15	5	36	117	27	4	2	
862	15	5	36	117	27	4	115	
863	15	5	11	7	3	4	116	
864	15	5	36	11	29	4	2	
865	15	5	83	11	4	4	7	
866	15	5	11	3	4	10	7	
867	15	5	36	11	44	4	10	
868	15	5	6	3	1	6	7	
869	15	135	36	11	44	4	2	
870	16	3	1	5	1	13	83	
871	16	3	1	5	1	55	61	
872	16	3	26	3	4	89	117	
873	16	5	11	72	1	7	52	
874	16	5	17	11	4	13	7	
875	16	5	36	3	4	13	7	
876	16	5	36	3	83	90	1	
877	16	22	5	77	84	15	10	
878	16	52	11	85	4	76	18	
879	16	136	1	3	4	4	7	
880	17	2	11	3	3	38	3	
881	17	3	12	3	4	1	18	
882	17	5	11	3	4	6	37	
883	17	5	11	5	3	4	7	
884	17	5	10	18	4	33	7	
885	17	5	4	5	4	15	19	
886	17	5	11	5	4	18	7	
887	17	5	6	3	4	4	1	
888	17	5	4	11	3	15	19	
889	17	5	77	18	4	33	7	
890	17	5	5	2	1	55	5	
891	17	5	1	3	3	4	2	
892	17	5	36	7	73	4	7	
893	17	10	73	3	1	12	3	
894	17	75	11	7	74	4	19	
895	11	5	1	11	3	4	7	
896	11	5	36	3	1	18	2	
897	11	136	5	11	27	4	8	
898	15	5	12	11	11	4	20	
899	16	5	1	3	4	29	7	
900	16	17	1	11	7	15	5	
901	17	5	12	11	4	4	68	
902	17	5	17	7	4	15	10	
903	17	5	36	5	4	15	14	
904	17	136	36	3	3	4	3	
905	17	18	14	5	4	4	21	
906	28	5	6	11	1	64	19	
907	28	5	12	3	11	4	18	
908	39	6	4	14	4	6	2	
909	40	3	6	13	2	6	26	
910	34	5	20	31	1	15	10	
911	45	5	15	35	17	8	2	
912	46	5	114	37	53	9	7	
913	49	21	34	38	22	21	35	
914	28	5	7	5	4	4	7	
915	6	5	4	18	4	13	10	
916	11	19	11	11	4	38	14	
917	125	145	11	11	1	6	7	
918	15	5	1	3	15	12	2	
919	15	5	1	11	4	4	10	
920	15	48	5	5	50	4	14	
921	18	23	3	5	1	7	4	
922	27	11	5	3	1	6	8	
923	4	4	3	62	5	6	80	
924	6	28	36	3	3	4	7	
925	23	25	6	3	4	15	10	
926	29	1	97	99	24	20	87	
927	51	146	109	6	25	26	98	
928	39	5	1	3	4	4	107	
929	40	5	5	61	3	33	54	
930	33	142	9	121	1	33	125	
931	17	3	12	3	1	1	18	
932	6	5	1	5	3	4	10	
933	28	5	11	5	2	4	19	
934	40	5	11	5	4	4	2	
935	28	61	3	1	1	33	42	
936	23	5	11	7	20	12	7	
937	15	5	11	43	2	4	3	
938	15	20	26	13	3	64	2	
939	17	5	11	7	1	53	28	
940	17	71	3	3	4	6	7	
941	11	8	6	5	1	20	14	
942	11	5	36	3	4	40	1	
943	9	1	1	6	12	6	4	
944	7	5	7	3	4	6	7	
945	27	4	25	62	1	1	4	
946	26	5	68	3	4	4	4	
947	118	108	85	92	54	73	72	
948	17	20	36	3	1	4	1	
949	1	2	11	11	4	15	7	
950	15	5	11	18	4	13	3	
951	15	22	5	3	3	14	19	
952	17	5	1	11	13	6	7	
953	15	5	19	3	4	6	7	
954	52	57	1	5	4	4	2	
955	118	108	85	39	57	73	72	
956	17	5	1	3	13	37	7	
957	11	5	11	29	26	15	11	
958	11	5	1	40	9	4	7	
959	6	5	11	7	3	70	19	
960	17	5	41	34	4	6	7	
961	53	30	42	26	54	24	32	
962	17	5	1	41	2	13	10	
963	111	30	31	26	28	24	32	
964	145	5	26	3	4	4	26	
965	118	5	85	86	60	54	79	
966	17	3	5	4	4	4	3	
967	5	2	5	11	4	7	8	
968	6	5	5	3	3	6	26	
969	6	5	11	11	3	10	19	
970	6	5	11	3	4	3	3	
971	38	8	5	67	2	40	13	
972	19	4	12	3	4	7	7	
973	6	5	6	5	4	94	7	
974	23	10	1	3	4	6	7	
975	23	5	57	13	4	74	3	
976	38	11	3	13	28	2	4	
977	89	30	64	26	28	24	32	
978	13	4	5	5	12	7	41	
979	6	8	11	5	2	4	14	
980	16	5	11	3	4	12	3	
981	17	135	11	3	3	38	3	
982	5	5	20	16	3	10	19	
983	17	3	11	72	3	10	3	
984	6	28	4	3	3	4	2	
985	32	8	57	3	4	15	25	
986	17	5	12	3	14	4	2	
987	11	5	11	34	4	13	2	
988	16	5	36	3	4	7	3	
989	38	11	3	13	5	2	4	
990	28	5	12	3	14	4	7	
991	6	3	12	3	3	6	7	
992	16	52	11	85	4	12	10	
993	28	5	26	3	4	4	7	
994	9	5	78	72	3	13	7	
995	5	71	1	42	13	7	34	
996	28	5	5	44	3	15	44	
997	36	5	29	45	4	10	7	
998	39	5	45	3	1	3	7	
999	61	16	25	13	1	1	127	
1000	62	8	3	11	1	15	1	
1001	5	1	59	6	1	95	42	
1002	60	39	61	6	1	6	128	
1003	22	5	83	2	4	13	7	
1004	22	4	5	5	12	7	15	
1005	15	5	7	46	4	4	1	
1006	87	42	114	37	53	97	129	
1007	1	5	5	7	4	6	7	
1008	6	84	11	3	4	76	91	
1009	39	4	1	11	4	12	2	
1010	28	5	36	3	3	1	7	
1011	11	3	11	3	4	15	2	
1012	121	20	26	13	3	64	7	
1013	121	20	26	13	3	13	7	
1014	19	3	12	11	3	14	1	
1015	38	11	3	13	4	2	4	
1016	6	5	1	13	3	4	7	
1017	13	8	9	21	1	17	15	
1018	6	48	6	13	1	13	7	
1019	32	8	3	18	1	88	118	
1020	5	54	26	31	1	33	40	
1021	27	14	25	3	1	16	46	
1022	35	8	57	27	2	6	3	
1023	18	11	57	3	1	26	20	
1024	2	4	24	3	1	6	25	
1025	6	5	5	3	3	13	26	
1026	40	22	12	11	4	15	10	
1027	32	5	61	13	1	6	54	
1028	32	8	5	5	1	6	4	
1029	28	5	11	11	4	29	7	
1030	6	10	91	30	3	4	10	
1031	28	10	1	3	2	7	7	
1032	15	5	36	3	4	4	14	
1033	11	22	5	3	61	14	3	
1034	15	44	11	5	4	4	7	
1035	11	10	11	5	4	15	27	
1036	15	84	5	5	50	4	14	
1037	17	5	48	3	4	4	7	
1038	17	5	51	3	14	4	7	
1039	63	18	52	5	31	4	132	
1040	64	5	1	7	2	13	9	
1041	6	5	65	11	3	4	37	
1042	5	1	54	13	1	4	133	
1043	23	5	11	51	1	12	7	
1044	6	5	36	11	2	4	2	
1045	128	106	85	53	60	54	72	
1046	17	45	20	5	4	4	2	
1047	18	8	5	5	1	6	4	
1048	11	5	55	11	3	27	7	
1049	6	5	11	7	4	32	26	
1050	1	47	11	5	4	15	10	
1051	47	4	56	33	12	6	15	
1052	6	5	1	3	3	4	3	
1053	28	5	12	11	4	4	18	
1054	11	5	78	6	3	4	14	
1055	17	5	11	5	2	98	37	
1056	5	5	57	13	1	40	34	
1057	17	10	11	11	3	76	134	
1058	17	5	11	5	2	38	37	
1059	17	5	37	62	1	7	25	
1060	6	40	114	13	3	96	112	
1061	17	5	26	31	4	4	7	
1062	22	5	91	33	4	4	1	
1063	87	34	114	123	35	99	135	
1064	8	49	6	28	2	20	23	
1065	17	5	5	43	4	42	3	
1066	125	5	6	3	4	13	7	
1067	39	4	1	11	4	12	136	
1068	23	5	11	7	1	12	137	
1069	40	68	20	11	29	4	7	
1070	11	55	11	4	4	4	45	
1071	5	3	57	6	1	33	42	
1072	5	13	25	6	1	7	3	
1073	28	5	36	3	4	10	95	
1074	6	130	1	4	2	4	17	
1075	17	5	5	11	4	4	3	
1076	5	4	57	62	1	1	26	
1077	89	30	64	26	54	24	140	
1078	5	1	109	54	1	1	1	
1079	36	5	86	5	3	4	7	
1080	15	2	96	5	3	38	3	
1081	38	11	3	13	1	4	4	
1082	6	5	6	5	4	2	7	
1083	11	8	3	5	4	4	7	
1084	38	55	7	61	2	29	7	
1085	16	3	3	3	1	15	18	
1086	38	16	5	3	1	19	15	
1087	11	5	36	31	1	88	2	
1088	36	27	28	3	4	13	1	
1089	66	5	101	7	1	12	7	
1090	6	5	1	3	49	46	56	
1091	6	5	11	5	3	6	1	
1092	119	10	3	55	73	6	77	
1093	5	11	57	33	1	6	26	
1094	16	22	5	3	2	15	10	
1095	17	5	1	1	1	12	19	
1096	6	5	11	30	4	6	27	
1097	6	5	1	30	4	6	27	
1098	15	5	1	3	4	4	10	
1099	119	3	36	3	50	15	7	
1100	119	3	36	3	4	15	7	
1101	16	134	11	7	4	15	19	
1102	11	62	17	14	4	53	2	
1103	36	5	11	77	27	6	7	
1104	25	19	36	5	4	15	113	
1105	23	5	12	30	1	4	7	
1106	1	3	1	5	1	13	64	
1107	6	28	4	3	31	4	7	
1108	6	3	17	7	3	4	7	
1109	16	14	3	11	1	15	1	
1110	29	8	5	5	1	6	4	
1111	17	14	3	11	1	15	19	
1112	103	1	79	28	1	1	124	
1113	1	5	36	7	27	7	7	
1114	27	4	25	3	1	20	11	
1115	6	122	1	1	3	4	3	
1116	5	51	11	6	1	101	139	
1117	16	5	11	3	4	4	9	
1118	11	5	57	11	1	4	8	
1119	41	5	4	3	3	4	2	
1120	87	34	114	37	86	100	41	
1121	67	50	65	31	1	6	26	
1122	15	22	1	11	4	4	5	
1123	15	2	5	5	3	38	3	
1124	17	5	37	5	1	7	7	
1125	11	5	11	13	3	4	1	
1126	17	5	7	11	27	6	19	
1127	23	5	17	30	1	4	7	
1128	39	5	9	11	27	4	2	
1129	22	5	91	3	4	4	7	
1130	11	5	5	11	4	15	19	
1131	23	4	5	3	1	17	13	
1132	4	5	1	7	4	4	7	
1133	11	4	3	2	5	6	80	
1134	28	5	11	3	4	13	3	
1135	6	8	11	63	4	15	2	
1136	22	20	116	3	3	3	7	
1137	68	106	85	95	60	73	72	
1138	5	3	79	5	1	7	47	
1139	28	22	20	3	3	14	19	
1140	38	11	20	13	1	2	4	
1141	113	4	5	67	1	17	26	
1142	35	11	112	16	1	6	42	
1143	8	5	9	3	1	4	9	
1144	39	10	1	3	4	6	7	
1145	15	5	1	1	1	12	1	
1146	5	11	57	33	1	6	3	
1147	17	3	5	3	1	6	26	
1148	16	5	12	3	2	1	18	
1149	18	11	57	5	1	20	26	
1150	47	4	5	3	1	6	40	
1151	17	5	11	31	4	6	37	
1152	5	74	5	5	5	7	8	
1153	2	4	5	31	1	6	11	
1154	1	101	11	1	1	40	7	
1155	23	102	109	5	1	1	47	
1156	40	5	36	1	2	12	7	
1157	1	74	11	5	4	12	7	
1158	5	4	3	6	1	33	42	
1159	17	3	11	3	52	4	2	
1160	5	4	3	31	1	11	8	
1161	17	5	36	31	14	4	7	
1162	38	11	3	13	9	2	4	
1163	11	5	1	7	1	4	7	
1164	11	8	11	5	1	4	7	
1165	17	5	1	31	4	15	7	
1166	6	5	6	5	14	4	7	
1167	6	5	11	31	4	7	141	
1168	17	5	6	31	4	15	10	
1169	16	5	11	5	4	4	1	
1170	17	5	11	31	3	4	2	
1171	70	5	11	11	3	10	2	
1172	71	95	64	93	39	102	142	
1173	111	96	64	26	48	24	32	
1174	89	99	64	56	48	57	7	
1175	5	75	5	5	5	20	4	
1176	7	5	36	11	27	4	2	
1177	11	55	106	3	4	4	45	
1178	6	4	56	5	1	4	26	
1179	9	10	6	3	4	15	9	
1180	65	112	11	31	1	12	138	
1181	101	5	12	3	14	4	7	
1182	5	1	109	54	1	1	47	
1183	89	30	64	58	48	59	143	
1184	6	5	36	3	3	103	2	
1185	11	4	5	3	1	17	13	
1186	39	5	20	59	1	20	15	
1187	35	22	5	3	1	104	4	
1188	69	147	5	11	2	15	2	
1189	72	5	11	72	3	105	3	
1190	45	148	15	35	53	106	19	
1191	45	148	15	35	53	106	3	
1192	5	4	57	31	1	6	26	
1193	17	5	1	1	1	12	1	
1194	28	24	10	5	1	6	2	
1195	87	34	43	37	53	107	126	
1196	28	122	11	5	3	7	27	
1197	5	8	119	6	12	6	3	
1198	68	144	120	125	60	54	123	
1199	15	5	1	3	2	12	148	
1200	27	149	25	6	16	1	47	
1201	118	106	85	92	3	54	123	
1202	6	5	11	5	2	4	7	
1203	33	1	25	6	6	7	5	
1204	6	5	78	5	15	4	3	
1205	6	5	11	126	4	64	9	
1206	5	1	9	3	40	7	149	
1207	11	150	11	7	27	6	7	
1208	6	5	6	127	4	6	150	
1209	121	4	26	11	4	38	9	
1210	6	5	7	30	1	4	10	
1211	11	38	11	131	3	53	1	
1212	11	10	11	72	3	10	3	
1213	22	20	11	31	3	3	7	
1214	40	19	11	3	4	13	7	
1215	11	5	36	7	2	12	2	
1216	18	75	5	3	1	17	13	
1217	39	80	12	11	3	51	2	
1218	40	10	11	5	1	15	19	
1219	13	75	9	3	1	6	9	
1220	16	20	94	3	1	6	10	
1221	89	30	64	90	48	24	32	
1222	89	30	64	90	48	24	81	
1223	17	3	6	18	4	1	18	
1224	32	52	5	3	5	6	26	
1225	118	106	85	92	60	54	72	
1226	11	66	11	3	29	4	9	
1227	17	5	12	3	11	4	7	
1228	11	5	5	29	4	4	26	
1229	28	5	11	11	4	15	7	
1230	15	5	36	72	4	42	19	
1231	15	3	11	11	1	18	1	
1232	6	5	4	3	4	6	25	
1233	17	5	11	3	4	6	7	
1234	17	98	11	11	1	15	2	
1235	40	89	11	3	4	13	7	
1236	11	5	4	7	3	12	19	
1237	40	5	36	61	1	7	14	
1238	11	5	11	2	4	38	10	
1239	16	5	1	3	4	15	7	
1240	28	5	11	7	1	6	61	
1241	15	84	12	5	4	13	1	
1242	39	54	5	5	1	6	9	
1243	41	5	1	4	2	4	7	
1244	22	10	11	3	4	28	3	
1245	6	5	6	5	19	4	7	
1246	11	5	12	3	4	14	18	
1247	15	5	77	72	3	6	68	
1248	18	11	57	5	1	20	139	
1249	23	13	109	5	1	1	47	
1250	28	10	5	3	58	7	3	
1251	35	11	25	6	13	6	84	
1252	39	5	9	11	27	5	19	
1253	5	8	57	6	1	33	3	
1254	5	11	57	33	1	6	10	
1255	11	20	1	65	4	4	2	
1256	11	20	1	65	4	4	47	
1257	113	4	5	67	1	17	3	
1258	113	4	5	67	1	17	10	
1259	5	152	25	5	1	20	10	
1260	5	152	25	5	1	20	26	
1261	5	152	25	5	1	20	156	
1262	5	152	25	5	1	20	157	
1263	5	5	57	13	2	40	157	
1264	6	5	36	63	4	30	157	
1265	16	22	5	3	2	15	157	
1266	89	153	123	136	30	24	3	
1267	5	5	57	6	1	40	3	
1268	5	5	57	13	1	7	3	
1269	16	5	11	5	44	7	52	
1270	6	5	12	34	4	13	7	
1271	40	5	9	31	4	4	2	
1272	39	5	5	13	27	5	2	
1273	63	5	12	98	4	14	10	
1274	1	5	1	11	4	33	10	
1275	28	107	1	3	1	6	45	
1276	28	5	36	10	3	13	7	
1277	5	1	25	7	12	6	26	
1278	20	30	64	26	48	24	32	
1279	13	75	5	5	5	6	15	
1280	16	101	36	3	58	7	7	
1281	2	4	5	12	44	6	11	
1282	4	4	11	12	1	6	3	
1283	6	137	1	3	11	12	111	
1284	32	8	5	3	5	6	26	
1285	6	5	12	3	3	6	7	
1286	6	75	5	3	1	17	13	
1287	47	75	5	12	1	6	3	
1288	5	5	12	13	1	40	3	
1289	28	5	26	3	4	4	26	
1290	39	22	36	3	58	7	2	
1291	16	5	11	7	1	12	7	
1292	17	5	1	3	1	4	1	
1293	16	5	30	5	3	20	1	
1294	16	20	1	65	4	4	10	
1295	11	5	124	67	4	115	3	
1296	81	5	3	3	1	4	7	
1297	1	4	11	5	4	15	10	
1298	6	5	10	7	1	15	10	
1299	5	154	26	5	10	7	42	
1300	22	5	1	3	4	4	7	
1301	23	155	11	7	1	12	7	
1302	15	5	36	11	3	4	10	
1303	23	5	11	7	1	18	7	
1304	22	4	16	12	1	6	3	
1305	36	27	28	3	4	3	7	
1306	6	20	4	3	27	4	7	
1307	38	5	3	13	1	2	7	
1308	11	5	59	11	1	12	7	
1309	17	5	26	3	86	4	26	
1310	35	8	125	68	15	7	3	
1311	17	151	5	11	13	4	7	
1312	40	5	11	82	4	13	152	
1313	11	5	1	7	9	4	153	
1314	17	89	5	4	4	62	155	
1315	36	5	29	132	4	10	7	
1316	28	5	36	3	3	114	7	
1317	11	5	1	135	3	56	7	
1318	40	5	11	134	4	13	7	
1319	17	5	5	18	4	111	83	
1320	22	20	122	3	3	3	7	
1321	16	5	5	11	2	10	154	
1322	6	85	1	128	1	4	68	
1323	5	98	95	129	1	1	84	
1324	6	5	6	130	4	6	151	
1325	34	5	12	5	3	112	10	
1326	75	5	11	7	1	12	7	
1327	28	103	11	11	7	6	1	
1328	118	104	85	86	42	54	90	
1329	5	58	9	54	1	7	47	
1330	76	5	30	3	2	12	18	
1331	77	5	12	3	4	1	7	
1332	6	157	26	5	1	4	26	
1333	6	5	5	3	3	116	1	
1334	5	14	25	5	16	7	159	
1335	28	19	36	3	3	13	7	
1336	16	10	5	11	3	4	1	
1337	6	5	11	3	4	7	141	
1338	17	5	12	3	87	4	7	
1339	113	5	24	3	1	6	25	
1340	6	5	11	137	2	15	1	
1341	28	5	36	3	5	13	7	
1342	1	5	26	3	1	10	3	
1343	14	9	10	6	6	10	5	
1344	17	5	5	1	10	12	2	
1345	18	5	13	11	2	6	2	
1346	7	11	14	3	3	2	7	
1347	20	8	5	4	4	4	3	
1348	15	12	5	3	1	4	13	
1349	21	5	5	3	1	4	13	
1350	19	5	15	3	4	12	7	
1351	11	15	11	3	1	14	15	
1352	24	3	3	12	1	7	3	
1353	4	13	16	5	2	7	7	
1354	6	5	4	13	1	4	4	
1355	24	5	3	12	1	6	3	
1356	26	17	11	5	2	4	7	
1357	24	19	3	3	11	10	18	
1358	2	5	5	11	4	4	16	
1359	27	5	20	13	1	2	8	
1360	13	17	5	14	3	6	19	
1361	28	4	17	15	4	4	3	
1362	5	4	21	5	12	10	15	
1363	29	4	16	12	1	18	21	
1364	30	10	23	5	4	2	7	
1365	31	4	6	5	2	6	7	
1366	32	20	24	3	1	17	15	
1367	28	4	3	3	1	6	11	
1368	4	5	1	19	13	7	23	
1369	17	21	12	5	1	17	1	
1370	17	22	12	12	1	18	3	
1371	34	11	3	12	1	13	3	
1372	35	23	27	6	6	4	5	
1373	5	24	25	21	4	4	7	
1374	39	25	9	7	9	20	7	
1375	17	5	5	1	1	21	1	
1376	40	5	30	3	1	4	8	
1377	6	5	1	11	17	7	2	
1378	41	12	4	3	3	4	14	
1379	33	3	3	3	4	12	7	
1380	17	22	5	3	4	14	3	
1381	11	5	7	27	1	7	33	
1382	6	5	6	8	2	6	7	
1383	5	8	25	28	4	24	34	
1384	11	5	6	32	24	18	7	
1385	45	10	11	3	4	28	3	
1386	37	27	28	3	25	13	7	
1387	49	27	28	21	4	13	7	
1388	17	43	36	3	3	13	7	
1389	1	19	7	37	4	4	2	
1390	39	69	9	11	27	5	2	
1391	16	5	30	11	3	31	41	
1392	40	5	11	3	4	15	3	
1393	17	5	36	5	73	15	7	
1394	11	5	6	3	74	13	7	
1395	25	5	36	5	4	117	7	
1396	16	160	12	3	3	1	18	
1397	28	161	6	4	4	4	162	
1398	17	5	36	63	27	7	7	
1399	28	10	1	3	27	4	7	
1400	44	54	99	48	1	1	163	
1401	35	5	36	11	4	15	14	
1402	6	5	6	7	88	6	7	
1403	16	3	26	3	4	4	117	
1404	16	5	6	3	4	7	1	
1405	17	3	3	119	1	1	18	
1406	29	146	9	5	1	1	160	
1407	1	5	1	11	4	10	7	
1408	17	22	5	3	1	4	3	
1409	5	9	3	6	1	33	42	
1410	13	158	5	5	12	7	15	
1411	18	159	24	13	12	86	161	
1412	79	5	12	3	14	4	7	
1413	15	8	7	3	2	7	68	
1414	40	5	6	5	2	4	26	
1415	16	22	6	11	4	6	10	
1416	6	2	12	7	1	12	68	
1417	16	10	11	85	4	4	10	
1418	84	120	26	3	1	15	1	
1419	11	162	126	7	1	3	3	
1420	5	163	25	5	1	20	125	
1421	23	5	124	7	1	12	7	
1422	11	20	127	13	4	13	10	
1423	17	5	128	3	14	4	7	
1424	2	4	5	138	1	6	11	
1425	11	5	5	139	1	15	8	
1426	11	5	5	139	1	15	164	
1427	6	5	1	140	3	6	3	
1428	130	67	61	3	1	4	165	
1429	92	30	64	141	54	24	32	
1430	16	48	20	142	2	15	14	
1431	111	30	64	58	48	118	32	
1432	89	30	64	26	90	24	55	
1433	11	3	11	3	91	4	60	
1434	111	30	64	26	54	119	32	
1435	16	4	26	3	4	120	1	
1436	14	5	10	7	4	121	7	
1437	40	5	5	3	4	13	166	
1438	131	5	11	7	1	12	7	
1439	15	5	1	3	4	4	164	
1440	6	5	11	3	4	7	164	
1441	6	5	4	3	4	6	167	
1442	17	5	11	5	4	4	168	
1443	17	66	11	3	29	4	169	
1444	134	8	57	3	12	6	3	
1445	142	152	65	3	13	1	23	
1446	16	74	30	11	4	31	41	
1447	11	162	11	7	27	6	7	
1448	111	165	64	139	48	24	32	
1449	17	166	6	140	4	4	13	
1450	113	5	6	3	1	6	25	
1451	6	5	24	5	4	4	7	
1452	28	5	1	3	4	4	19	
1453	28	61	3	6	1	33	42	
1454	20	167	64	26	48	122	32	
1455	15	5	11	3	58	42	9	
1456	11	13	109	5	1	1	47	
1457	38	11	3	13	1	38	4	
1458	66	74	10	3	4	13	7	
1459	11	15	6	3	4	38	3	
1460	16	5	36	3	4	6	9	
1461	111	30	64	26	48	24	55	
1462	47	8	7	59	8	11	40	
1463	11	32	36	134	3	1	1	
1464	17	24	36	11	4	15	14	
1465	36	3	6	33	3	18	26	
1466	23	5	11	7	1	13	7	
1467	17	5	7	134	14	4	7	
1468	6	48	6	11	3	4	112	
1469	33	26	112	6	6	7	5	
1470	28	5	6	4	4	4	172	
1471	6	161	6	5	4	4	173	
1472	16	5	30	6	4	31	41	
1473	39	5	20	5	1	6	21	
1474	16	101	36	3	58	12	7	
1475	39	5	1	3	4	15	107	
1476	39	1	26	3	1	72	65	
1477	140	30	64	26	48	24	156	
1478	20	30	9	26	48	4	32	
1479	17	5	5	7	15	4	7	
1480	11	10	94	3	1	12	26	
1481	17	5	12	7	14	4	7	
1482	17	5	5	7	15	4	38	
1483	1	5	1	5	3	12	7	
1484	17	5	7	3	14	4	7	
1485	17	5	36	7	27	7	7	
1486	35	3	3	3	1	104	4	
1487	11	5	1	3	4	25	3	
1488	13	4	5	5	12	7	8	
1489	28	98	7	7	1	4	174	
1490	11	5	130	31	93	18	175	
1491	5	146	131	5	10	33	47	
1492	17	5	5	12	4	4	3	
1493	45	5	15	3	17	4	177	
1494	147	27	28	3	4	13	7	
1495	1	5	132	5	4	4	2	
1496	36	27	28	148	4	13	7	
1497	39	5	4	7	3	15	2	
1498	16	5	20	5	4	4	10	
1499	36	5	36	3	3	13	7	
1500	1	5	83	11	4	4	7	
1501	4	4	5	12	1	6	7	
1502	4	20	5	12	1	6	3	
1503	5	11	57	18	13	6	47	
1504	6	5	36	63	4	15	2	
1505	6	5	11	3	1	6	1	
1506	6	5	1	5	3	4	2	
1507	6	5	10	11	3	15	44	
1508	6	28	12	3	3	4	7	
1509	6	32	63	13	4	7	8	
1510	6	33	6	7	4	56	7	
1511	6	5	6	34	27	3	178	
1512	7	5	12	3	4	15	7	
1513	11	91	57	3	13	6	7	
1514	11	5	1	28	3	40	7	
1515	11	5	36	21	4	4	7	
1516	11	5	1	65	4	4	10	
1517	11	5	30	3	3	10	14	
1518	11	5	11	5	2	38	179	
1519	14	32	10	7	4	13	7	
1520	15	131	11	3	4	4	164	
1521	16	3	12	11	1	1	18	
1522	16	5	83	11	4	42	7	
1523	16	5	2	11	4	13	7	
1524	17	5	5	21	4	4	3	
1525	17	5	5	11	1	15	18	
1526	17	20	1	65	4	4	10	
1527	17	10	129	5	4	112	19	
1528	17	122	11	5	2	76	37	
1529	17	5	1	7	9	4	7	
1530	17	19	12	3	11	4	7	
1531	17	177	12	3	14	4	7	
1532	17	13	83	3	94	4	7	
1533	23	27	11	7	1	12	7	
1534	23	4	12	7	1	12	7	
1535	23	5	11	21	1	4	10	
1536	28	32	11	18	4	13	3	
1537	28	22	94	3	1	4	10	
1538	28	5	30	3	3	4	14	
1539	28	22	11	18	3	15	7	
1540	28	5	36	3	3	14	19	
1541	30	5	5	5	50	4	14	
1542	34	5	11	31	1	15	10	
1543	36	5	28	3	4	13	7	
1544	36	11	28	3	4	13	7	
1545	37	133	11	5	3	40	19	
1546	37	5	1	1	1	12	1	
1547	38	5	36	13	4	2	4	
1548	38	5	3	13	1	2	2	
1549	40	5	11	3	4	76	91	
1550	41	5	1	5	4	4	7	
1551	44	5	11	21	4	4	5	
1552	47	5	12	3	1	3	7	
1553	63	7	36	3	3	13	7	
1554	70	5	6	3	4	7	5	
1555	89	30	64	26	48	24	7	
1556	99	5	1	1	1	12	1	
1557	122	5	1	7	9	4	7	
1558	122	5	11	11	1	6	83	
1559	123	5	79	3	10	7	124	
1560	9	8	5	67	95	20	9	
1561	15	5	36	11	27	5	2	
1562	17	5	26	3	4	2	26	
1563	32	8	5	3	5	4	26	
1564	17	48	26	31	4	6	26	
1565	6	5	58	3	3	12	3	
1566	40	5	6	3	2	15	182	
1567	32	8	3	18	1	123	118	
1568	17	5	1	3	2	13	10	
1569	11	4	46	11	1	11	8	
1570	78	4	16	12	1	6	3	
1571	4	166	16	12	1	6	3	
1572	15	5	12	3	14	4	7	
1573	5	5	112	3	1	1	158	
1574	5	11	79	5	1	7	47	
1575	28	5	11	11	7	6	1	
1576	6	166	1	1	1	4	1	
1577	39	5	9	11	3	3	2	
1578	28	4	11	11	7	6	1	
1579	47	164	5	33	1	6	40	
1580	16	11	30	11	4	4	7	
1581	18	4	16	3	1	6	8	
1582	17	5	5	7	4	4	7	
1583	11	50	1	7	9	13	7	
1584	38	5	3	13	1	2	4	
1585	17	5	3	5	1	4	7	
1586	23	138	11	7	1	12	7	
1587	15	5	11	11	2	4	9	
1588	17	5	26	3	1	4	26	
1589	11	5	12	12	14	4	7	
1590	6	4	1	1	1	12	1	
1591	16	5	11	11	4	13	7	
1592	38	11	5	5	1	7	15	
1593	47	4	5	33	1	11	40	
1594	18	11	36	5	1	20	139	
1595	22	8	5	5	2	1	7	
1596	39	3	1	3	3	4	1	
1597	104	5	1	5	1	4	10	
1598	40	24	11	3	4	47	21	
1599	16	23	5	61	4	1	11	
1600	16	5	19	3	4	13	7	
1601	5	4	5	3	5	11	8	
1602	11	162	7	7	1	3	3	
1603	18	4	5	3	1	17	19	
1604	28	14	11	5	3	15	1	
1605	16	5	6	11	2	15	2	
1606	11	138	16	11	4	6	7	
1607	4	4	16	12	14	6	3	
1608	28	4	5	61	4	13	1	
1609	16	98	11	5	1	15	1	
1610	17	4	16	12	1	6	3	
1611	11	5	70	11	3	27	7	
1612	36	5	11	77	4	13	7	
1613	17	5	36	5	4	10	95	
1614	11	5	66	3	96	15	1	
1615	1	5	20	13	3	4	7	
1616	1	5	6	34	4	6	19	
1617	2	5	11	3	2	4	3	
1618	2	4	5	3	4	6	11	
1619	4	4	16	5	1	6	3	
1620	5	5	5	61	4	1	11	
1621	5	54	99	48	1	6	3	
1622	6	3	5	5	4	14	3	
1623	6	5	6	3	4	4	7	
1624	6	5	6	11	1	64	19	
1625	6	5	9	11	27	5	2	
1626	6	5	11	61	3	6	1	
1627	6	5	36	11	4	42	7	
1628	6	8	7	6	8	11	40	
1629	6	8	26	11	1	4	9	
1630	6	72	11	3	1	4	3	
1631	8	5	12	3	3	3	10	
1632	9	13	3	6	64	33	42	
1633	9	4	63	13	8	7	8	
1634	9	7	63	13	8	7	11	
1635	11	3	11	11	4	38	14	
1636	11	5	1	30	3	4	10	
1637	11	5	3	3	8	1	9	
1638	11	5	6	11	3	4	19	
1639	11	5	6	61	3	7	1	
1640	11	5	9	11	4	4	20	
1641	11	10	1	3	27	4	7	
1642	11	22	5	3	58	14	3	
1643	11	22	12	3	2	14	18	
1644	11	55	1	5	1	15	45	
1645	15	1	25	6	6	7	5	
1646	15	5	7	3	2	7	68	
1647	15	5	36	11	3	4	2	
1648	16	3	1	5	3	55	61	
1649	16	5	12	77	11	4	18	
1650	16	5	26	3	4	15	8	
1651	16	10	5	11	4	4	1	
1652	16	14	11	5	1	15	1	
1653	16	14	11	31	1	15	1	
1654	16	20	83	3	1	4	10	
1655	16	20	94	3	1	4	10	
1656	16	52	11	85	1	15	10	
1657	16	55	7	61	27	4	45	
1658	16	56	11	85	59	15	10	
1659	17	3	5	3	4	15	26	
1660	17	5	5	11	4	12	83	
1661	17	5	12	3	1	4	7	
1662	17	5	36	5	1	55	14	
1663	17	18	17	5	4	4	9	
1664	17	18	17	5	4	4	21	
1665	17	22	11	3	15	15	3	
1666	17	76	5	5	2	4	10	
1667	17	143	6	1	4	7	9	
1668	18	5	11	5	4	20	1	
1669	22	5	91	33	4	15	1	
1670	22	20	11	3	4	3	7	
1671	23	5	36	63	4	30	2	
1672	23	5	11	7	5	12	7	
1673	27	1	112	16	12	6	119	
1674	28	5	12	11	53	1	44	
1675	29	12	65	19	13	7	23	
1676	32	3	9	5	1	17	9	
1677	32	8	57	3	1	15	25	
1678	33	5	36	63	4	30	2	
1679	37	4	5	3	1	6	11	
1680	39	5	4	11	4	12	16	
1681	39	5	9	11	1	5	2	
1682	39	6	4	14	4	15	2	
1683	39	6	9	7	3	15	2	
1684	39	6	9	11	3	3	2	
1685	39	6	12	11	1	15	2	
1686	39	55	7	11	1	6	45	
1687	40	5	65	3	3	13	7	
1688	40	6	19	11	3	15	9	
1689	40	10	65	3	1	10	9	
1690	41	5	7	5	2	4	7	
1691	47	8	7	6	4	11	40	
1692	47	4	26	5	12	6	15	
1693	64	5	11	5	2	4	19	
1694	109	10	73	3	1	4	3	
1695	111	30	80	78	48	24	55	
1696	17	32	26	3	4	4	26	
1697	36	19	29	7	4	10	7	
1698	16	164	30	11	4	31	41	
1699	16	5	30	130	4	31	41	
1700	16	74	30	130	4	31	41	
1701	17	5	12	54	14	4	7	
1702	16	74	30	29	4	31	41	
1703	18	4	134	33	97	6	4	
1704	16	8	1	3	1	4	61	
1705	6	5	6	7	4	4	7	
1706	11	6	19	3	4	4	9	
1707	16	24	1	149	4	125	19	
1708	8	5	135	10	1	4	9	
1709	118	106	85	92	3	54	90	
1710	11	5	36	30	3	4	171	
1711	128	144	85	53	60	54	90	
1712	16	5	30	11	4	31	7	
1713	4	5	17	11	4	10	10	
1714	68	106	85	86	60	54	90	
1715	36	5	5	11	3	15	18	
1716	68	106	85	92	72	54	72	
1717	28	24	91	5	4	4	14	
1718	28	5	12	3	3	4	185	
1719	6	5	1	5	27	15	52	
1720	89	30	64	69	48	24	32	
1721	28	24	5	6	1	33	5	
1722	40	5	5	3	3	10	56	
1723	13	91	9	3	1	17	15	
1724	38	91	3	9	1	2	4	
1725	13	52	9	3	1	17	15	
1726	41	91	3	9	1	2	4	
1727	38	91	9	9	1	2	8	
1728	38	91	3	9	1	2	26	
1729	4	75	16	12	1	18	3	
1730	13	52	9	3	12	17	15	
1731	11	5	1	25	1	15	1	
1732	128	3	85	53	60	54	90	
1733	5	154	26	21	24	33	42	
1734	11	10	6	11	4	4	7	
1735	6	5	5	3	3	4	26	
1736	17	78	12	3	1	1	18	
1737	39	80	12	11	1	15	2	
1738	28	30	64	78	30	24	55	
1739	6	22	4	3	1	92	2	
1740	31	12	65	19	12	7	23	
1741	5	1	109	3	12	1	47	
1742	17	5	11	3	12	6	37	
1743	15	181	1	63	4	15	10	
1744	118	106	85	86	72	73	71	
1745	36	176	28	150	4	13	176	
1746	13	4	5	5	12	7	172	
1747	6	5	1	4	4	6	17	
1748	16	5	30	11	4	13	7	
1749	111	99	31	144	48	24	32	
1750	6	5	5	5	52	4	7	
1751	16	5	11	146	3	4	14	
1752	2	75	5	3	1	6	11	
1753	5	58	21	17	10	16	22	
1754	11	182	5	5	3	10	25	
1755	11	5	5	11	4	4	7	
1756	28	5	11	29	3	53	1	
1757	28	23	3	61	4	1	11	
1758	17	48	5	4	4	4	3	
1759	16	70	30	29	4	31	41	
1760	16	76	30	11	4	31	41	
1761	5	156	26	31	1	33	40	
1762	16	56	30	11	2	31	41	
1763	118	104	85	86	60	54	123	
1764	81	11	57	5	13	20	139	
1765	39	6	4	14	61	15	2	
1766	5	3	95	5	93	6	47	
1767	16	5	36	153	4	7	19	
1768	16	5	36	153	4	7	13	
1769	89	30	64	136	48	24	187	
1770	17	89	99	3	14	96	5	
1771	17	89	98	3	87	96	5	
1772	17	89	12	3	14	4	5	
1773	38	91	3	13	91	2	11	
1774	15	89	70	3	4	43	12	
1775	16	19	30	11	91	31	5	
1776	17	19	68	3	14	87	5	
1777	28	89	6	11	4	4	9	
1778	6	94	68	3	91	6	6	
1779	6	19	11	98	3	96	20	
1780	15	94	70	98	3	87	5	
1781	8	89	12	3	87	4	5	
1782	39	99	12	22	88	117	5	
1783	17	89	88	3	88	87	5	
1784	15	19	43	3	87	4	5	
1785	16	19	36	11	63	31	5	
1786	16	89	30	11	4	96	5	
1787	24	39	99	13	91	2	6	
1788	38	39	66	13	91	2	11	
1789	38	39	3	13	1	2	35	
1790	1	89	80	3	4	10	3	
1791	62	89	12	3	4	4	5	
1792	17	89	93	3	4	15	5	
1793	35	89	11	29	3	23	2	
1794	35	4	3	62	5	6	35	
1795	70	89	11	11	3	10	5	
1796	134	8	57	27	1	96	3	
1797	13	73	9	97	97	17	15	
1798	5	5	5	11	1	4	5	
1799	18	19	13	3	1	17	13	
1800	11	5	73	3	4	4	3	
1801	16	5	17	11	4	13	188	
1802	121	20	26	13	98	64	2	
1803	13	8	9	3	1	127	9	
1804	28	183	11	4	3	6	1	
1805	11	20	11	7	27	6	7	
1806	40	5	1	7	9	4	7	
1807	38	8	6	3	1	13	18	
1808	11	22	6	7	4	6	7	
1809	6	5	6	1	4	6	26	
1810	5	4	3	3	1	17	8	
1811	119	10	11	3	64	6	77	
1812	5	4	5	3	5	20	4	
1813	13	8	9	5	1	6	4	
1814	39	184	12	11	3	4	2	
1815	6	5	10	7	3	13	7	
1816	40	5	11	3	4	40	2	
1817	89	30	64	26	48	24	156	
1818	17	5	12	3	14	4	1	
1819	17	185	11	28	1	15	1	
1820	11	5	1	11	3	29	10	
1821	6	5	5	4	4	4	2	
1822	142	14	25	6	1	1	8	
1823	11	186	5	3	3	4	9	
1824	18	20	13	3	4	6	13	
1825	11	5	11	1	1	4	1	
1826	5	1	25	16	12	6	4	
1827	11	133	11	5	1	4	7	
1828	2	5	5	3	1	6	11	
1829	38	11	3	13	1	2	11	
1830	38	4	5	3	1	6	11	
1831	2	4	5	3	1	6	7	
1832	5	4	3	3	1	6	8	
1833	38	11	3	9	1	2	7	
1834	6	5	11	3	1	10	4	
1835	16	20	30	3	3	13	7	
1836	156	8	119	6	12	6	3	
1837	28	62	17	3	13	13	7	
1838	5	1	112	5	1	26	119	
1839	17	5	12	9	14	4	7	
1840	28	5	36	3	2	13	7	
1841	15	5	36	17	27	4	2	
1842	11	5	30	72	4	4	7	
1843	1	5	17	16	3	4	7	
1844	38	11	5	13	1	20	9	
1845	28	5	12	3	3	4	186	
1846	5	4	1	13	1	4	7	
1847	38	4	5	3	1	2	4	
1848	5	5	11	5	1	12	130	
1849	5	4	5	5	5	20	14	
1850	28	5	12	11	4	1	44	
1851	38	11	3	13	1	2	2	
1852	63	74	11	138	3	50	29	
1853	16	22	11	5	4	4	10	
1854	17	5	44	110	14	81	7	
1855	5	54	44	48	14	81	3	
1856	30	2	44	110	1	97	7	
1857	28	54	44	110	4	79	3	
1858	17	2	11	3	81	38	3	
1859	17	5	36	7	27	4	5	
1860	17	5	44	3	14	77	5	
1861	17	20	49	110	11	79	10	
1862	17	20	12	110	4	81	10	
1863	39	189	1	3	4	46	56	
1864	39	5	1	154	4	46	56	
1865	39	5	1	3	4	46	7	
1866	1	5	1	98	1	10	10	
1867	6	94	133	1	1	12	1	
1868	23	5	11	98	1	12	7	
1869	15	24	5	5	50	4	14	
1870	17	11	3	13	1	2	4	
1871	28	22	5	43	3	14	19	
1872	11	5	1	117	9	4	190	
1873	1	5	11	3	2	4	3	
1874	29	188	95	13	8	6	11	
1875	29	188	95	127	8	6	11	
1876	40	181	11	11	3	4	9	
1877	119	10	83	43	3	6	77	
1878	15	100	66	5	50	4	14	
1879	15	5	11	3	67	4	3	
1880	13	8	9	97	52	124	9	
1881	22	20	11	48	3	3	7	
1882	16	5	26	124	4	3	26	
1883	17	5	11	97	4	12	56	
1884	17	5	12	3	99	4	7	
1885	5	5	57	9	1	40	3	
1886	7	133	36	63	74	15	2	
1887	11	10	1	61	27	4	7	
1888	11	10	1	3	4	4	7	
1889	15	121	36	5	10	15	8	
1890	5	1	11	13	10	7	23	
1891	17	83	1	61	3	4	2	
1892	17	5	4	66	4	15	19	
1893	101	8	78	72	4	13	7	
1894	17	187	1	3	4	15	3	
1895	17	6	4	14	4	6	2	
1896	5	3	5	3	1	33	189	
1897	7	162	12	3	3	4	185	
1898	15	5	83	11	4	62	7	
1899	39	5	70	28	4	4	63	
1900	39	5	68	28	4	4	63	
1901	16	101	11	13	4	69	88	
1902	11	94	7	98	2	7	33	
1903	23	5	11	13	1	12	137	
1904	6	103	11	63	4	15	2	
1905	6	4	42	5	1	4	26	
1906	16	3	1	28	1	55	61	
1907	11	5	11	131	3	53	1	
1908	11	6	19	5	4	15	9	
1909	17	5	5	4	4	4	191	
1910	15	5	5	85	8	4	14	
1911	11	3	70	3	1	4	60	
1912	11	48	11	3	1	15	14	
1913	11	48	98	5	3	10	85	
1914	6	14	12	7	1	4	20	
1915	19	22	32	3	3	6	14	
1916	28	5	32	3	3	6	14	
1917	47	4	3	13	1	6	40	
1918	32	5	61	9	1	126	54	
1919	14	5	10	155	4	13	7	
1920	27	13	9	156	1	7	192	
1921	39	5	136	3	4	46	56	
1922	17	3	6	33	27	4	10	
1923	157	5	1	3	4	46	56	
1924	38	11	3	13	91	2	4	
1925	7	5	7	4	52	1	7	
1926	13	5	5	5	12	7	15	
1927	45	8	15	30	17	8	2	
1928	7	2	7	1	4	1	7	
1929	22	5	91	3	1	4	7	
1930	6	5	1	3	2	7	7	
1931	2	4	5	3	1	4	11	
1932	45	5	15	35	17	8	177	
1933	142	12	65	6	1	16	125	
1934	15	5	36	140	27	4	2	
1935	15	121	36	31	4	15	8	
1936	99	19	19	15	4	4	3	
1937	99	162	7	7	1	3	3	
1938	146	122	1	18	3	4	3	
1939	82	11	3	13	1	2	163	
1940	82	93	3	13	1	2	4	
1941	17	35	12	3	14	4	7	
1942	82	16	5	21	1	19	15	
1944	9	8	5	73	95	20	9	
1945	23	35	11	7	1	12	7	
1946	71	30	64	26	48	59	143	
1947	99	6	19	11	4	15	9	
1948	99	5	5	22	1	6	3	
1949	70	35	12	119	3	1	18	
1950	40	22	11	14	4	4	7	
1951	88	35	28	3	4	13	7	
1952	33	4	57	62	1	1	26	
1953	12	93	5	21	5	6	118	
1954	81	4	13	3	93	17	13	
1955	2	4	5	21	1	6	11	
1956	1	4	1	11	4	10	10	
1957	99	57	7	21	4	15	1	
1958	39	35	9	140	27	5	2	
1959	99	4	11	31	4	4	113	
1960	16	5	77	3	1	4	7	
1961	15	5	29	31	4	4	7	
1962	88	27	3	31	4	13	7	
1963	18	5	5	3	1	17	13	
1964	16	66	11	3	4	29	7	
1965	158	4	1	10	3	6	3	
1966	6	5	11	3	4	3	141	
1967	39	166	41	5	4	6	7	
1968	17	166	6	157	4	4	13	
1969	111	30	31	141	30	24	55	
1970	11	10	36	3	4	38	3	
1971	32	190	3	62	8	7	26	
1972	17	134	1	3	4	15	7	
1973	1	5	91	7	4	12	7	
1974	39	5	6	11	4	7	193	
1975	25	76	36	11	44	4	10	
1976	17	76	11	72	3	10	3	
1977	47	8	7	6	8	14	40	
1978	45	148	15	35	17	8	177	
1979	89	191	137	158	78	128	32	
1980	17	10	11	5	4	112	19	
1981	28	22	5	158	3	14	19	
1982	2	4	5	4	1	6	11	
1983	28	166	5	11	1	13	3	
1984	17	5	1	7	9	4	3	
1985	16	5	1	5	1	55	61	
1986	11	20	1	4	4	4	10	
1987	28	10	1	65	4	4	7	
1988	11	76	5	3	27	14	3	
1989	16	5	91	3	83	15	1	
1990	5	14	25	5	16	7	28	
1991	5	4	5	5	1	6	8	
1992	125	5	1	3	3	4	3	
1993	148	5	1	3	1	124	181	
1994	33	11	25	133	91	20	125	
1995	11	22	1	7	9	4	7	
1996	17	27	28	3	4	13	3	
1997	36	5	36	63	4	30	7	
1998	11	4	5	33	1	6	19	
1999	17	11	3	13	1	2	141	
2000	38	4	5	5	1	6	4	
2001	28	11	3	13	1	2	19	
2002	17	4	5	3	1	6	141	
2003	2	5	1	7	9	4	11	
2004	28	5	17	3	4	15	19	
2005	40	11	3	13	1	2	2	
2006	38	5	12	3	3	1	4	
2007	38	22	5	3	3	14	4	
2008	28	4	5	3	1	17	19	
2009	11	11	57	5	1	20	7	
2010	38	11	3	13	100	2	4	
2011	5	4	3	13	1	11	8	
2012	15	5	11	72	4	15	3	
2013	16	192	26	5	3	1	7	
2014	38	11	69	13	1	2	4	
2015	6	5	1	2	2	15	193	
2016	13	22	1	30	2	3	15	
2017	103	4	16	12	1	6	8	
2018	28	5	11	3	4	7	19	
2019	23	5	1	7	9	4	13	
2020	118	194	85	86	60	54	195	
2021	11	5	37	34	4	13	7	
2022	16	76	7	11	44	6	45	
2023	87	195	43	87	53	131	196	
2024	23	5	11	7	4	12	7	
2025	11	196	12	34	4	13	18	
2026	70	5	30	11	4	31	41	
2027	17	3	11	11	4	38	7	
2028	73	197	114	123	53	106	180	
2029	15	28	11	3	3	38	10	
2030	5	61	79	11	10	7	124	
2031	87	198	141	87	53	109	197	
2032	5	8	115	28	10	7	5	
2033	15	5	30	72	3	6	68	
2034	40	5	142	162	73	75	60	
2035	16	14	3	11	1	132	1	
2036	6	5	1	1	1	4	117	
2037	15	199	5	5	50	4	14	
2038	5	200	11	6	1	101	139	
2039	87	34	118	89	53	110	147	
2040	47	8	7	163	8	11	40	
2041	16	22	19	11	3	15	2	
2042	111	201	64	26	30	59	55	
2043	5	1	27	6	12	6	4	
2044	40	5	17	3	4	15	2	
2045	6	5	4	11	2	6	25	
2046	5	4	143	5	5	20	4	
2047	87	34	144	37	53	107	126	
2048	40	5	11	5	2	4	37	
2049	32	4	5	5	1	36	26	
2050	20	30	31	26	48	24	32	
2051	11	5	5	3	4	133	7	
2052	11	5	74	28	3	134	7	
2053	16	5	4	74	2	7	10	
2054	15	5	30	72	64	6	68	
2055	16	24	1	149	4	129	19	
2056	11	122	36	164	3	12	27	
2057	142	12	65	165	1	16	198	
2058	16	5	11	11	2	15	1	
2059	1	3	12	3	1	135	4	
2060	40	202	145	7	1	12	1	
2061	15	5	5	3	3	15	3	
2062	16	5	138	5	2	4	9	
2063	36	27	28	159	4	13	7	
2064	11	5	1	160	9	4	7	
2065	32	4	139	27	2	18	26	
2066	159	5	5	3	4	4	3	
2067	6	5	140	1	1	12	1	
2068	11	6	1	11	1	12	1	
2069	35	5	36	72	4	42	1	
2070	6	3	32	29	4	6	10	
2071	2	193	1	3	4	130	11	
2072	159	5	5	4	4	4	3	
2073	16	17	1	11	7	15	22	
2074	6	5	11	3	4	12	2	
2075	2	22	5	3	2	14	11	
2076	6	20	11	65	4	4	1	
2077	11	5	1	11	68	15	10	
2078	11	4	5	5	12	7	2	
2079	16	5	11	7	1	12	3	
2080	28	5	1	27	2	7	7	
2081	11	20	36	3	3	3	33	
2082	22	76	7	3	1	4	7	
2083	11	131	11	3	2	4	1	
2084	11	11	4	13	1	2	19	
2085	38	76	6	3	1	4	4	
2086	11	11	61	5	1	6	1	
2087	40	22	5	3	1	14	2	
2088	17	1	12	11	4	4	3	
2089	17	22	5	3	3	14	3	
2090	28	5	5	7	9	4	19	
2091	11	5	32	3	4	7	194	
2092	39	5	5	3	1	6	2	
2093	4	5	16	3	1	6	3	
2094	22	5	1	7	9	4	1	
2095	11	5	36	102	3	13	14	
2096	118	106	85	166	3	54	90	
2097	36	27	28	3	101	13	7	
2098	9	4	65	167	15	6	7	
2099	17	4	11	11	1	63	23	
2100	17	8	3	11	1	15	1	
2101	15	3	11	11	1	15	1	
2102	11	138	46	11	4	6	7	
2103	127	71	3	168	75	136	5	
2104	9	8	5	3	1	6	4	
2105	11	5	11	3	27	4	10	
2106	15	14	3	11	1	15	1	
2107	17	4	19	3	3	38	1	
2108	47	147	5	33	73	6	40	
2109	36	27	28	4	4	13	7	
2110	160	20	11	3	3	3	7	
2111	11	22	11	11	3	28	2	
2112	6	5	1	5	15	18	7	
2113	17	5	26	1	4	4	26	
2114	5	4	3	1	1	11	8	
2115	16	5	19	3	4	7	7	
2116	47	4	5	33	1	137	40	
2117	20	203	64	26	48	138	199	
2118	28	20	94	5	73	6	10	
2119	5	67	76	3	1	7	135	
2120	74	122	11	5	3	7	201	
2121	5	8	119	6	12	6	40	
2122	5	67	76	3	1	7	200	
2123	6	5	36	3	3	15	2	
2124	5	1	112	5	1	6	119	
2125	40	14	30	72	2	25	7	
2126	13	4	5	5	12	139	15	
2127	98	78	20	21	3	10	7	
2128	15	24	17	3	1	33	7	
2129	15	5	11	5	1	3	141	
2130	89	30	64	26	102	24	156	
2131	28	5	11	3	15	6	91	
2132	11	5	11	11	3	6	7	
2133	111	30	64	26	48	24	32	
2134	63	5	10	4	45	4	3	
2135	5	4	5	5	1	7	4	
2136	23	5	10	7	4	13	7	
2137	17	55	12	3	14	4	7	
2138	121	74	36	138	1	13	7	
2139	30	22	5	54	3	14	19	
2140	11	5	12	3	3	1	18	
2141	17	28	17	11	4	15	19	
2142	9	4	63	13	1	7	8	
2143	25	4	94	3	3	6	8	
2144	84	52	26	71	4	7	53	
2145	67	50	57	33	1	126	8	
2146	5	4	65	31	12	6	26	
2147	109	10	73	3	4	4	42	
2148	17	20	6	34	4	6	19	
2149	5	4	3	6	1	33	60	
2150	16	5	140	1	1	12	9	
2151	6	5	10	4	4	4	1	
2152	6	5	11	1	1	12	19	
2153	6	5	140	3	2	7	1	
2154	6	5	17	3	3	15	7	
2155	22	20	11	3	4	23	7	
2156	23	5	36	3	3	13	7	
2157	1	5	16	5	4	38	2	
2158	11	19	3	13	1	2	10	
2159	6	5	4	3	4	15	3	
2160	38	22	5	3	1	14	4	
2161	11	5	5	3	3	14	7	
2162	6	5	16	12	1	6	3	
2163	11	5	3	13	1	2	7	
2164	18	11	11	3	4	38	139	
2165	87	42	114	37	53	97	147	
2166	47	50	115	31	1	6	8	
2167	11	143	1	7	3	94	26	
2168	30	19	12	54	45	1	151	
2169	35	150	12	138	19	1	31	
2170	30	150	36	116	19	1	31	
2171	89	30	64	26	48	24	55	
2172	28	4	5	3	1	6	19	
2173	2	20	7	3	3	3	11	
2174	11	20	32	65	4	4	10	
2175	28	5	35	161	4	13	3	
2176	4	20	4	12	1	6	3	
2177	5	43	1	65	4	4	8	
2178	28	22	114	37	53	97	19	
2179	16	5	12	11	3	15	18	
2180	35	4	139	3	1	18	26	
2181	16	4	26	169	1	4	10	
2182	5	8	146	170	1	40	3	
2183	111	9	31	144	48	24	32	
2184	28	23	5	61	4	1	11	
2185	17	5	36	116	3	7	3	
2186	17	10	129	5	4	112	10	
2187	17	5	36	5	4	10	1	
2188	101	84	11	3	4	4	7	
2189	11	5	3	3	93	1	9	
2190	100	3	94	13	1	4	10	
2191	111	30	64	26	48	140	7	
2192	35	8	27	3	15	7	3	
2193	18	4	5	12	1	18	2	
2194	16	204	11	3	4	76	1	
2195	11	8	9	3	1	6	9	
2196	38	11	3	13	1	2	193	
2197	38	11	3	65	13	2	10	
2198	32	52	5	85	13	6	3	
2199	38	11	3	13	22	2	3	
2200	5	61	79	11	25	7	124	
2201	38	11	3	13	91	2	3	
2202	38	11	3	13	1	2	3	
2203	87	4	114	13	53	38	3	
2204	17	32	5	13	4	4	3	
2205	38	176	3	13	13	2	3	
2206	38	150	3	11	13	2	3	
2207	82	75	5	133	13	7	3	
2208	38	150	3	11	12	2	3	
2209	6	196	11	11	4	4	193	
2210	13	52	9	138	13	6	3	
2211	87	34	114	37	86	100	170	
2212	87	70	79	80	53	48	129	
2213	87	34	43	60	53	109	196	
2214	73	34	118	87	86	109	145	
2215	118	106	85	86	72	54	123	
2216	36	5	28	11	4	4	7	
2217	40	22	7	3	3	14	37	
2218	15	3	5	3	3	14	1	
2219	39	22	11	3	3	14	7	
2220	6	5	5	3	1	76	3	
2221	87	5	114	37	86	100	1	
2222	7	5	26	72	3	47	10	
2223	32	5	61	13	1	126	54	
2224	161	5	59	77	4	33	5	
2225	111	30	64	26	48	24	156	
2226	38	52	3	33	1	18	183	
2227	128	106	85	86	60	141	72	
2228	73	205	118	87	86	109	145	
2229	68	106	85	92	3	73	72	
2230	87	198	114	123	86	93	146	
2231	39	5	11	28	103	4	63	
2232	20	30	123	171	48	24	32	
2233	38	11	3	172	1	2	4	
2234	28	206	11	3	4	6	1	
2235	6	5	1	13	3	4	10	
2236	9	52	5	67	95	20	9	
2237	82	39	119	13	13	2	4	
2238	6	10	1	3	27	4	7	
2239	6	75	6	10	3	6	3	
2240	6	76	5	138	61	14	3	
2241	11	5	36	3	3	1	1	
2242	5	146	79	20	1	7	24	
2243	13	52	3	3	1	17	15	
2244	13	52	9	10	1	17	15	
2245	13	17	9	3	1	17	15	
2246	13	75	5	10	12	7	15	
2247	13	52	9	21	1	17	3	
2248	13	5	9	3	1	33	1	
2249	19	5	36	36	2	12	2	
2250	4	75	16	10	1	6	3	
2251	4	75	16	10	14	6	3	
2252	11	144	11	5	60	4	7	
2253	17	28	12	3	14	4	7	
2254	28	5	11	11	4	75	60	
2255	17	4	11	72	3	10	3	
2256	28	5	36	3	3	13	190	
2257	22	5	11	3	3	3	7	
2258	36	4	28	3	4	13	7	
2259	4	13	16	12	1	6	3	
2260	5	5	109	5	1	1	47	
2261	11	27	20	5	4	4	52	
2262	36	20	28	3	4	13	7	
2263	47	52	7	6	8	11	40	
2264	39	5	12	11	3	15	2	
2265	11	11	1	7	9	4	7	
2266	17	20	12	3	14	4	7	
2267	39	80	9	11	3	3	2	
2268	13	52	9	72	1	6	9	
2269	28	5	12	3	3	13	7	
2270	108	5	7	11	3	6	7	
2271	92	5	7	21	4	4	2	
2272	28	5	7	21	4	49	7	
2273	6	5	7	116	3	10	14	
2274	28	5	12	21	4	15	10	
2275	92	5	6	21	4	10	10	
2276	16	28	6	21	4	10	10	
2277	16	78	83	21	4	4	1	
2278	37	27	28	3	4	15	7	
2279	6	5	7	3	3	10	14	
2280	16	27	11	21	4	38	7	
2281	11	5	36	3	3	12	1	
2282	6	5	12	3	3	12	1	
2283	7	5	12	3	14	4	7	
2284	41	5	11	28	1	20	7	
2285	5	75	5	21	5	20	4	
2286	1	5	1	173	4	10	10	
2287	11	5	6	7	9	4	7	
2288	6	5	6	8	9	4	7	
2289	11	5	6	8	9	4	7	
2290	32	52	5	3	5	18	26	
2291	25	20	7	3	3	3	7	
2292	92	20	7	3	3	3	7	
2293	81	75	13	3	1	17	13	
2294	28	5	58	21	4	15	44	
2295	17	5	26	3	4	6	8	
2296	87	5	43	60	53	108	44	
2297	4	4	16	21	1	6	3	
2298	87	138	43	60	53	108	10	
2299	13	75	5	21	12	7	15	
2300	37	5	29	3	4	10	7	
2301	39	5	6	3	4	46	56	
2302	28	5	6	3	4	15	7	
2303	28	5	65	21	4	15	44	
2304	11	5	148	11	3	6	27	
2305	16	5	6	2	3	4	184	
2306	6	5	83	2	4	6	7	
2307	17	5	36	7	27	4	7	
2308	5	5	65	9	1	74	3	
2309	6	5	5	3	4	15	7	
2310	5	5	65	5	1	74	3	
2311	11	20	6	65	4	4	10	
2312	16	22	5	21	4	18	10	
2313	6	5	7	8	4	1	9	
2314	6	5	6	8	4	6	7	
2315	6	5	6	8	4	18	7	
2316	6	5	5	2	4	4	1	
2317	11	136	5	11	1	15	8	
2318	28	5	5	3	4	4	3	
2319	17	5	91	3	4	15	20	
2320	28	209	3	28	1	20	5	
2321	39	5	9	21	27	5	2	
2322	13	208	9	3	1	6	7	
2323	16	52	11	3	59	15	10	
2324	16	52	7	85	59	15	10	
2325	13	208	9	3	1	6	9	
2326	47	4	5	33	1	6	202	
2327	87	207	43	174	53	107	203	
2328	17	5	12	175	14	4	204	
2329	134	8	57	27	1	6	3	
2330	6	5	11	3	4	92	3	
2331	28	5	11	176	4	75	205	
2332	15	5	91	11	3	4	2	
2333	40	5	11	5	1	90	26	
2334	38	3	3	11	1	15	4	
2335	9	4	11	3	8	7	8	
2336	6	3	1	3	2	13	1	
2337	30	202	11	4	4	4	7	
2338	16	5	1	54	58	7	19	
2339	11	5	11	5	1	6	2	
2340	9	131	5	6	12	17	8	
2341	16	5	1	3	58	7	19	
2342	17	5	5	4	4	4	26	
2343	9	131	5	6	1	17	8	
2344	6	5	30	3	4	142	1	
2345	163	6	11	5	3	6	1	
2346	15	5	36	11	27	4	206	
2347	11	5	1	7	9	143	7	
2348	6	5	26	3	4	10	3	
2349	36	27	28	3	4	13	207	
2350	6	5	5	3	1	5	15	
2351	6	3	6	5	2	4	9	
2352	39	162	12	11	3	15	2	
2353	6	5	11	7	4	1	2	
2354	11	5	12	3	11	1	18	
2355	38	11	3	21	1	2	4	
2356	13	4	5	3	12	7	15	
2357	1	5	1	11	3	15	10	
2358	6	5	58	10	3	4	37	
2359	4	4	5	12	3	14	3	
2360	6	5	1	11	3	15	7	
2361	15	4	16	12	50	4	47	
2362	6	5	1	29	92	4	68	
2363	6	5	11	11	4	4	1	
2364	5	5	20	5	1	4	25	
2365	11	5	9	11	27	5	2	
2366	28	5	6	11	4	4	7	
2367	15	5	1	63	4	15	10	
2368	11	5	11	3	4	6	37	
2369	2	4	5	5	1	6	11	
2370	125	5	11	61	1	12	7	
2371	17	5	7	3	4	4	7	
2372	125	5	11	7	73	12	7	
2373	125	5	11	7	1	5	7	
2374	17	5	26	3	4	4	7	
2375	28	5	11	2	4	38	9	
2376	36	27	28	3	52	13	7	
2377	4	1	59	6	1	33	42	
2378	17	5	11	7	1	12	7	
2379	11	5	6	61	3	7	37	
2380	28	5	11	2	4	38	7	
2381	17	3	6	3	4	1	18	
2382	28	5	58	61	4	15	44	
2383	23	5	11	7	1	4	7	
2384	1	5	26	3	4	10	3	
2385	38	22	3	13	1	2	26	
2386	140	30	9	26	48	24	32	
2387	11	162	149	11	11	112	7	
2388	11	5	6	61	104	7	1	
2389	164	3	7	5	2	13	3	
2390	23	5	11	7	2	12	7	
2391	16	196	5	11	2	10	10	
2392	164	3	7	3	2	13	3	
2393	164	3	7	5	4	13	3	
2394	28	22	5	138	3	14	19	
2395	28	5	36	116	3	13	7	
2396	28	5	36	138	55	13	31	
2397	5	1	25	16	12	6	25	
2398	14	5	10	8	4	13	31	
2399	4	4	16	12	16	6	8	
2400	28	150	11	7	27	6	32	
2401	11	5	11	11	3	6	8	
2402	11	5	1	11	104	6	3	
2403	39	5	11	133	69	4	31	
2404	39	5	11	28	49	4	31	
2405	125	5	11	7	105	12	7	
2406	29	8	36	67	1	6	3	
2407	40	210	37	3	2	15	182	
2408	28	5	5	11	27	6	44	
2409	17	5	11	61	3	4	2	
2410	89	30	31	58	48	24	32	
2411	33	211	26	5	24	33	42	
2412	33	211	9	5	10	7	5	
2413	28	151	5	77	4	20	7	
2414	15	5	11	3	4	42	9	
2415	11	5	1	2	2	15	7	
2416	17	5	57	64	4	4	2	
2417	38	5	1	13	1	4	120	
2418	111	30	64	141	30	24	156	
2419	17	5	36	28	103	18	1	
2420	111	30	64	26	30	24	32	
2421	22	5	5	3	3	10	56	
2422	5	4	66	3	1	11	8	
2423	18	4	5	3	16	17	13	
2424	11	5	1	3	4	6	17	
2425	17	40	36	3	3	4	83	
2426	107	4	3	27	12	7	10	
2427	5	4	3	3	12	11	8	
2428	11	19	6	18	4	15	19	
2429	6	66	11	3	29	4	9	
2430	28	5	1	3	2	13	10	
2431	9	12	5	5	1	6	47	
2432	1	22	7	5	4	4	2	
2433	173	5	5	3	3	13	9	
2434	6	76	153	3	4	4	10	
2435	174	5	11	131	3	53	1	
2436	11	20	1	65	4	4	212	
2437	28	3	7	7	1	4	174	
2438	36	5	11	61	4	4	45	
2439	6	11	17	7	3	4	7	
2440	123	12	79	3	10	7	124	
2441	28	5	70	94	1	4	31	
2442	19	5	5	11	4	4	7	
2443	37	5	11	3	4	6	37	
2444	11	5	5	139	1	15	7	
2445	11	5	11	3	3	42	45	
2446	111	30	64	26	30	59	55	
2447	23	150	11	7	27	6	1	
2448	111	212	64	26	48	24	32	
2449	11	5	11	11	2	4	10	
2450	16	14	12	3	3	6	18	
2451	19	5	32	3	3	6	14	
2452	20	167	64	171	78	24	32	
2453	28	215	26	11	1	20	213	
2454	36	5	29	11	4	10	7	
2455	175	5	1	11	3	15	7	
2456	17	14	1	11	73	13	1	
2457	11	14	6	11	1	15	23	
2458	16	5	11	74	2	7	10	
2459	111	201	64	183	48	24	55	
2460	6	5	36	3	3	6	1	
2461	15	5	11	11	58	42	19	
2462	16	5	11	3	3	28	3	
2463	4	4	16	12	2	38	8	
2464	1	216	11	3	4	10	3	
2465	17	5	11	5	4	29	2	
2466	173	5	91	7	2	12	7	
2467	111	30	64	26	78	140	32	
2468	17	106	5	4	4	4	3	
2469	6	5	11	184	82	4	7	
2470	32	214	5	5	1	36	26	
2471	20	165	64	26	48	24	214	
2472	44	54	99	48	106	1	163	
2473	6	5	11	131	3	53	1	
2474	15	5	10	3	2	12	7	
2475	22	6	1	3	1	76	1	
2476	28	5	11	18	64	13	3	
2477	58	106	85	92	60	54	72	
2478	142	152	5	3	13	1	23	
2479	134	5	9	11	27	5	2	
2480	91	4	3	6	1	33	42	
2481	89	165	64	25	48	24	32	
2482	28	5	11	29	3	13	7	
2483	25	4	11	3	3	6	8	
2484	25	4	5	3	3	6	8	
2485	17	5	65	4	4	4	3	
2486	17	5	12	21	14	4	7	
2487	17	5	36	11	27	4	2	
2488	16	181	1	30	2	3	3	
2489	16	5	30	11	3	42	7	
2490	15	5	11	11	27	4	2	
2491	15	8	5	5	1	6	4	
2492	15	3	3	5	1	15	1	
2493	15	122	36	3	4	12	5	
2494	13	8	19	99	1	6	9	
2495	11	5	36	72	2	4	14	
2496	11	22	5	11	4	6	10	
2497	5	4	3	3	1	33	42	
2498	28	5	11	18	4	13	10	
2499	87	5	114	37	53	97	1	
2500	17	5	11	3	3	142	2	
2501	173	217	5	3	3	13	9	
2502	6	5	11	29	4	15	11	
2503	47	213	5	33	1	6	40	
2504	11	84	11	182	4	4	7	
2505	17	5	1	3	4	6	215	
2506	87	5	5	3	1	6	1	
2507	17	5	11	5	4	4	216	
2508	176	5	11	5	2	4	19	
2509	11	5	1	185	9	4	7	
2510	17	5	154	4	4	4	3	
2511	28	5	11	77	3	4	217	
2512	17	5	11	3	4	28	7	
2513	48	150	115	11	21	6	31	
2514	70	78	83	11	21	4	15	
2515	39	75	1	11	21	12	29	
2516	82	39	59	13	93	2	35	
2517	82	39	59	13	13	2	35	
2518	70	78	83	79	21	4	15	
2519	63	10	129	21	52	112	34	
2520	63	3	94	138	73	1	10	
2521	33	140	112	13	93	40	26	
2522	109	150	11	73	3	49	15	
2523	109	48	11	73	3	49	15	
2524	17	5	11	72	3	4	3	
2525	63	10	129	21	103	112	34	
2526	33	164	115	21	12	104	35	
2527	33	75	59	6	40	33	19	
2528	99	78	11	138	93	4	60	
2529	99	48	11	11	15	4	21	
2530	39	48	26	164	27	4	29	
2531	48	78	11	61	13	4	35	
2532	48	78	94	138	3	6	31	
2533	36	22	11	77	4	13	7	
2534	1	8	11	3	4	10	2	
2535	40	5	11	5	2	4	83	
2536	103	14	12	11	1	4	20	
2537	11	5	36	77	27	29	2	
2538	111	201	64	26	48	24	55	
2539	6	8	9	3	1	6	9	
2540	11	48	11	77	4	4	7	
2541	16	5	5	3	4	42	3	
2542	40	5	11	3	4	13	209	
2543	5	11	65	33	12	6	26	
2544	5	54	99	48	1	1	3	
2545	6	5	11	5	2	42	7	
2546	13	8	9	54	1	6	9	
2547	16	4	26	3	2	4	1	
2548	118	106	85	86	60	54	72	
2549	5	8	25	62	10	33	5	
2550	123	128	57	28	1	33	23	
2551	32	59	99	13	1	7	40	
2552	17	5	1	3	3	6	10	
2553	6	28	4	3	4	4	7	
2554	15	5	11	7	4	12	7	
2555	13	4	9	3	1	6	9	
2556	16	3	11	5	4	7	10	
2557	19	5	11	8	4	15	26	
2558	16	5	147	94	4	15	1	
2559	92	5	30	11	4	31	41	
2560	16	5	30	140	4	31	41	
2561	28	5	12	3	14	22	7	
2562	5	5	57	9	4	40	3	
2563	19	5	36	3	4	1	7	
2564	3	75	16	9	1	18	3	
2565	4	5	6	3	4	38	19	
2566	47	75	5	21	1	18	40	
2567	162	91	5	120	73	4	1	
2568	28	129	7	3	4	12	3	
2569	11	5	1	4	4	6	17	
2570	28	5	11	77	4	15	92	
2571	47	7	7	6	8	11	40	
2572	28	5	4	77	3	15	10	
2573	18	8	5	11	1	6	4	
2574	16	3	1	18	4	55	61	
2575	9	5	1	3	1	40	18	
2576	11	5	11	5	3	6	7	
2577	38	11	3	13	1	31	4	
2578	16	5	30	11	1	31	41	
2579	2	4	12	3	1	6	11	
2580	33	1	25	6	1	7	5	
2581	16	3	1	18	6	31	61	
2582	9	5	32	3	1	55	18	
2583	16	5	36	3	4	7	61	
2584	40	5	17	2	4	14	7	
2585	16	5	11	3	4	4	3	
2586	11	5	26	5	3	40	7	
2587	16	5	26	3	4	4	117	
2588	17	101	36	5	4	15	14	
2589	11	55	11	3	4	4	45	
2590	6	5	11	3	2	4	7	
2591	16	10	94	3	1	12	26	
2592	2	219	5	3	1	6	11	
2593	39	28	45	3	1	3	7	
2594	6	14	3	11	1	13	1	
2595	11	76	4	5	1	4	1	
2596	17	5	5	3	4	42	3	
2597	11	17	11	18	3	4	3	
2598	16	5	6	2	3	4	60	
2599	6	28	5	3	3	4	7	
2600	5	11	57	18	1	6	47	
2601	25	130	11	11	4	14	2	
2602	89	30	156	141	54	24	32	
2603	113	218	65	31	93	6	26	
2604	15	220	36	11	64	13	1	
2605	16	10	94	3	1	12	218	
2606	9	5	155	3	4	40	18	
2607	16	5	36	3	1	7	3	
2608	18	64	5	5	1	6	4	
2609	17	181	12	3	14	4	7	
2610	9	5	11	3	4	40	4	
2611	17	41	12	3	14	4	11	
2612	104	75	3	186	5	6	35	
2614	38	221	3	13	1	2	4	
2615	16	5	83	11	4	13	7	
2616	28	5	11	5	3	4	7	
2617	84	3	20	71	4	7	1	
2618	17	5	11	5	2	4	7	
2619	17	5	1	3	4	4	3	
2620	18	8	24	3	1	6	26	
2621	11	3	11	3	3	10	10	
2622	40	3	17	133	3	10	7	
2623	2	13	61	3	1	6	11	
2624	23	5	11	7	73	12	7	
2625	114	73	32	3	4	4	1	
2626	40	6	19	11	52	15	9	
2627	16	5	36	3	1	13	14	
2628	19	5	1	116	3	111	2	
2629	28	20	94	3	1	4	10	
2630	17	5	12	13	14	4	7	
2631	6	5	1	5	3	1	10	
2632	23	5	11	7	3	12	7	
2633	11	177	11	18	3	4	3	
2634	6	40	5	13	4	3	112	
2635	23	5	11	7	1	1	7	
2636	17	5	11	7	1	53	1	
2637	38	11	3	13	1	2	18	
2638	9	8	57	62	1	1	26	
2639	18	8	9	13	12	6	139	
2640	5	1	25	5	1	7	23	
2641	17	166	41	34	4	6	7	
2642	6	5	30	3	1	64	1	
2643	39	143	36	29	4	15	7	
2644	5	11	3	5	1	12	130	
2645	38	4	3	13	1	2	4	
2646	17	5	12	60	76	4	7	
2647	39	5	20	5	3	142	10	
2648	16	5	147	18	3	15	3	
2649	5	43	109	6	1	16	131	
2650	5	1	65	188	1	1	5	
2651	6	5	1	11	2	15	7	
2652	40	5	30	3	3	4	14	
2653	16	5	1	63	4	7	2	
2654	18	8	5	5	5	6	4	
2655	87	5	43	60	53	4	3	
2656	5	4	5	5	53	7	8	
2657	40	5	26	3	15	28	222	
2658	16	5	6	72	1	6	18	
2659	17	5	1	3	4	6	7	
2660	23	5	32	7	27	12	7	
2661	11	5	11	5	3	4	3	
2662	28	8	11	3	4	38	5	
2663	6	5	11	3	4	23	223	
2664	18	8	16	33	64	6	3	
2665	32	5	139	13	1	6	54	
2666	11	5	6	11	15	15	1	
2667	23	5	11	7	1	12	221	
2668	18	8	11	31	1	7	163	
2669	17	5	5	3	4	42	1	
2670	11	5	11	3	1	4	7	
2671	16	5	11	5	2	15	1	
2672	22	224	11	3	3	3	7	
2673	11	5	158	3	1	4	61	
2674	177	5	11	187	3	146	19	
2675	16	5	30	3	83	90	1	
2676	32	190	3	5	8	7	26	
2677	19	5	11	34	4	15	26	
2678	1	129	5	3	4	6	19	
2679	5	3	1	11	1	6	4	
2680	6	130	1	5	4	4	17	
2681	6	5	5	3	1	6	224	
2682	1	5	7	11	2	15	10	
2683	11	5	83	2	4	6	7	
2684	125	160	1	5	1	6	3	
2685	23	5	7	30	1	4	10	
2686	39	225	1	3	4	46	56	
2687	28	22	157	3	3	14	19	
2688	113	5	57	5	1	7	26	
2689	5	8	3	5	1	11	3	
2690	22	20	11	3	3	3	60	
2691	11	5	36	7	9	4	7	
2692	17	5	36	5	107	4	220	
2693	122	76	4	5	1	4	1	
2694	16	5	1	3	4	4	2	
2695	6	5	5	3	4	13	10	
2696	19	5	1	61	55	12	3	
2697	40	101	5	61	3	33	54	
2698	40	222	7	29	4	4	7	
2699	11	10	6	5	27	6	9	
2700	32	4	57	28	15	6	219	
2701	11	5	150	3	4	4	61	
2702	178	5	26	3	4	4	5	
2703	18	4	5	61	108	17	13	
2704	15	223	5	21	50	4	14	
2705	15	5	1	3	2	4	2	
2706	28	182	37	5	4	6	25	
2707	16	130	36	3	3	12	1	
2708	84	3	20	71	4	7	53	
2709	16	22	11	3	4	12	3	
2710	15	223	5	3	50	4	14	
2711	6	5	6	11	4	64	19	
2712	9	7	63	13	8	7	47	
2713	7	223	5	3	4	4	14	
2714	40	5	11	5	4	15	37	
2715	28	5	11	7	1	7	61	
2716	15	223	5	31	4	4	68	
2717	11	48	12	5	4	4	2	
2718	17	5	36	7	27	13	7	
2719	1	57	11	3	3	13	5	
2720	5	5	5	6	1	55	47	
2721	17	151	5	77	27	64	7	
2722	16	5	6	7	3	6	18	
2723	28	5	11	11	3	13	3	
2724	13	4	7	33	1	6	40	
2725	5	5	57	30	1	4	3	
2726	6	10	5	3	4	3	112	
2727	15	5	5	61	15	12	3	
2728	11	5	3	3	8	20	9	
2729	5	141	65	151	1	33	50	
2730	15	48	20	142	4	7	7	
2731	15	223	5	5	50	4	14	
2732	17	17	6	157	4	4	19	
2733	40	5	3	162	73	75	2	
2734	6	5	5	3	3	6	19	
2735	13	8	9	3	1	4	9	
2736	9	5	5	3	4	40	18	
2737	17	5	5	4	4	4	4	
2738	11	5	36	36	2	12	12	
2739	7	40	36	3	3	4	83	
2740	17	5	11	3	4	147	37	
2741	23	130	1	4	1	4	17	
2742	116	5	6	5	104	12	68	
2743	15	220	3	140	64	15	1	
2744	11	5	17	2	74	15	2	
2745	4	4	16	12	18	6	3	
2746	16	134	11	190	3	15	19	
2747	11	22	6	72	3	15	27	
2748	40	4	5	3	1	6	11	
2749	39	5	11	5	2	4	7	
2750	165	10	1	3	27	4	7	
2751	81	5	11	5	2	4	7	
2752	25	5	11	31	4	12	7	
2753	25	5	11	3	4	12	7	
2754	40	5	11	3	4	23	1	
2755	47	4	5	5	12	7	15	
2756	70	5	36	3	4	13	7	
2757	17	226	1	3	4	4	2	
2758	23	5	11	189	1	12	7	
2759	36	4	16	12	1	6	3	
2760	40	10	1	31	27	4	7	
2761	36	5	17	3	4	15	2	
2762	40	5	11	3	3	10	14	
2763	182	5	11	31	4	23	1	
2764	89	30	9	26	48	151	32	
2765	40	14	91	3	4	10	7	
2766	40	14	91	31	4	4	7	
2767	40	14	91	3	4	4	7	
2768	40	5	17	31	4	15	2	
2769	40	5	17	21	4	15	2	
2770	32	4	5	16	1	1	23	
2771	39	5	1	3	4	4	56	
2772	23	241	11	7	1	12	7	
2773	165	10	1	21	27	4	7	
2774	125	5	1	3	1	33	7	
2775	13	8	9	3	1	17	241	
2776	179	4	16	12	1	37	7	
2777	36	27	35	3	4	13	7	
2778	17	5	5	3	4	4	7	
2779	40	6	19	3	4	15	9	
2780	6	5	11	30	1	4	14	
2781	5	11	26	31	1	33	40	
2782	40	5	17	192	4	15	2	
2783	166	5	11	7	1	12	7	
2784	23	5	1	7	1	12	7	
2785	167	27	28	3	4	13	7	
2786	28	5	7	11	4	4	92	
2787	168	5	17	31	110	15	210	
2788	17	24	11	11	1	15	14	
2789	40	5	17	192	4	144	2	
2790	36	5	11	7	4	12	7	
2791	22	20	11	180	3	3	7	
2792	22	20	11	197	3	3	7	
2794	28	5	58	3	1	4	10	
2795	40	5	17	143	4	15	2	
2796	28	229	36	82	3	13	7	
2797	183	237	94	3	1	4	3	
2798	28	240	5	3	3	14	19	
2799	40	5	17	3	4	15	3	
2800	169	18	17	5	4	4	229	
2801	28	22	5	5	3	14	19	
2802	40	5	17	143	4	145	2	
2803	170	5	5	11	3	15	44	
2804	171	5	7	5	4	4	2	
2805	181	4	16	12	1	6	7	
2806	28	3	162	13	1	4	10	
2807	28	103	11	11	7	25	1	
2808	28	5	11	131	3	53	1	
2809	28	22	5	3	3	14	7	
2810	32	4	57	13	15	6	219	
2811	28	5	5	11	3	157	44	
2812	187	5	1	204	4	15	7	
2813	170	232	160	11	3	15	44	
2815	40	5	77	3	73	13	7	
2816	11	5	6	34	3	13	19	
2817	36	27	7	3	4	13	7	
2818	6	130	164	4	2	4	17	
2819	28	5	11	3	3	13	7	
2820	36	4	3	3	1	11	8	
2821	35	24	36	203	4	15	14	
2822	28	5	36	3	3	28	7	
2823	11	248	165	3	1	4	60	
2824	73	34	15	123	53	109	146	
2825	1	5	11	5	3	15	1	
2826	28	5	36	3	3	13	226	
2827	36	5	7	5	4	4	2	
2828	6	10	1	3	115	15	10	
2829	7	89	6	54	45	6	7	
2830	28	22	10	3	3	14	19	
2831	36	5	11	7	4	10	7	
2832	28	5	11	3	2	15	5	
2833	23	89	75	8	91	12	7	
2834	188	5	11	7	1	12	7	
2835	28	20	94	3	4	4	2	
2836	82	91	59	9	93	2	4	
2837	191	5	36	3	3	149	3	
2838	82	91	59	9	91	2	89	
2839	7	89	94	54	14	87	7	
2840	23	5	11	7	1	12	152	
2841	188	5	11	7	1	12	237	
2842	188	5	11	7	1	12	239	
2843	7	91	94	54	91	87	7	
2844	23	5	7	30	3	4	10	
2845	82	91	96	5	91	26	220	
2846	6	249	4	11	1	4	2	
2847	180	5	11	3	2	4	1	
2848	193	14	3	11	1	15	242	
2849	28	20	11	3	4	4	2	
2850	18	8	65	5	1	6	8	
2851	16	5	11	7	2	7	10	
2852	11	17	1	11	7	15	34	
2853	28	3	5	5	4	15	20	
2854	185	239	5	11	1	4	1	
2855	182	48	166	5	4	64	1	
2856	188	5	11	7	1	12	238	
2857	28	5	36	3	3	159	7	
2858	17	5	12	193	14	4	7	
2859	23	5	11	3	1	12	7	
2860	40	5	30	72	4	4	7	
2861	7	22	26	5	1	10	85	
2862	11	57	1	5	4	161	2	
2863	13	4	5	5	12	7	249	
2864	36	27	28	3	4	13	194	
2865	39	54	5	210	1	6	9	
2866	188	5	11	202	1	12	7	
2867	11	5	11	2	27	15	10	
2868	28	236	5	3	3	14	19	
2869	23	5	163	7	1	12	7	
2870	15	5	1	1	1	12	243	
2871	194	5	11	3	4	4	10	
2872	38	250	3	13	1	2	4	
2874	17	251	5	4	4	4	244	
2875	17	5	5	3	4	4	3	
2876	17	5	36	3	4	15	245	
2877	17	112	12	11	4	4	1	
2878	17	252	167	98	2	14	10	
2879	89	253	9	78	48	24	32	
2880	11	254	11	3	2	4	10	
2881	22	5	168	29	4	4	7	
2882	188	5	11	7	1	155	7	
2883	6	255	6	7	4	6	7	
2884	188	5	11	205	44	7	7	
2885	36	256	28	3	4	13	7	
2886	106	5	55	3	3	12	10	
2887	188	189	11	7	1	12	7	
2888	40	5	36	153	116	7	19	
2889	184	5	1	2	2	15	2	
2890	38	11	169	13	1	2	4	
2892	15	145	1	5	4	12	7	
2893	13	4	170	3	1	6	9	
2894	11	257	1	7	9	4	7	
2895	192	5	11	7	1	12	7	
2896	195	10	5	11	117	15	2	
2897	23	5	11	31	1	12	7	
2898	28	20	94	3	4	4	236	
2899	15	5	171	11	27	4	2	
2900	11	8	6	5	1	13	14	
2901	196	17	1	208	7	15	5	
2902	188	245	11	7	1	12	7	
2903	40	5	1	3	2	6	7	
2904	17	258	5	3	3	4	1	
2905	28	5	5	11	3	15	7	
2906	186	121	36	5	4	15	8	
2907	36	27	28	3	114	13	7	
2908	39	5	1	7	4	46	56	
2909	1	22	6	72	3	15	7	
2910	23	3	11	18	1	12	7	
2911	16	22	172	3	4	12	3	
2912	40	5	11	29	4	4	7	
2913	197	6	1	7	4	76	1	
2914	36	27	28	3	4	13	240	
2915	23	5	7	30	3	15	10	
2916	11	8	173	5	4	4	7	
2917	6	5	3	13	3	20	1	
2918	16	3	6	157	4	6	19	
2919	17	259	12	3	14	4	7	
2920	17	5	3	5	3	4	8	
2921	28	5	36	3	3	112	7	
2922	40	5	30	11	1	4	246	
2923	125	5	4	5	3	15	14	
2924	17	134	12	3	11	1	18	
2925	5	8	5	3	1	19	247	
2926	17	5	11	7	3	14	2	
2927	188	89	11	7	1	12	7	
2928	22	5	5	5	11	15	7	
2929	189	5	1	3	4	25	56	
2930	109	5	1	3	4	46	56	
2931	190	5	6	11	4	4	3	
2932	11	19	19	3	4	4	3	
2933	16	3	6	146	3	4	14	
2934	11	5	11	63	4	15	2	
2935	111	30	64	26	28	24	32	
2936	190	5	6	31	4	4	3	
2937	11	260	1	3	4	6	61	
2938	163	261	36	209	4	28	10	
2939	87	262	114	123	86	160	248	
2940	11	5	11	7	92	10	68	
2941	17	5	36	211	27	7	7	
2942	17	5	10	18	4	3	7	
2943	15	263	139	212	4	4	250	
2944	5	4	25	3	5	11	8	
2945	6	10	10	5	3	4	7	
2946	11	5	4	3	1	12	26	
2947	15	5	5	31	50	4	14	
2948	16	5	36	3	4	13	14	
2949	17	5	30	3	4	12	7	
2950	17	5	1	11	4	4	7	
2951	17	3	11	11	4	38	14	
2952	23	25	6	3	4	15	9	
2953	28	10	91	30	4	4	10	
2954	111	30	31	141	48	24	55	
2955	114	5	11	5	1	4	45	
2956	1	4	6	5	15	29	1	
2957	5	122	25	3	5	11	8	
2958	11	5	12	11	4	14	18	
2959	38	264	3	13	1	2	4	
2960	17	5	36	3	3	4	3	
2961	5	211	26	5	24	33	42	
2962	22	5	4	3	4	15	19	
2963	6	76	5	3	3	28	3	
2964	22	265	11	3	3	3	7	
2965	17	14	3	11	1	15	1	
2966	15	5	36	72	1	42	19	
2967	11	5	3	3	96	15	1	
2968	5	5	30	77	3	6	77	
2969	15	5	5	5	50	4	251	
2970	15	5	11	2	4	12	10	
2971	11	5	11	2	4	12	18	
2972	28	5	5	213	3	15	44	
2973	11	5	11	12	4	12	18	
2974	11	76	5	3	4	28	3	
2975	11	5	11	12	4	4	10	
2976	6	5	16	12	4	4	10	
2977	6	5	16	12	4	6	3	
2978	103	5	5	2	4	6	10	
2979	11	4	11	5	1	12	4	
2980	11	5	11	12	1	4	10	
2981	103	8	5	5	4	4	10	
2982	11	8	11	2	27	15	10	
2983	6	5	16	12	1	4	4	
2984	6	5	16	12	4	6	4	
2985	15	8	11	2	4	6	10	
2986	4	4	5	5	4	4	10	
2987	11	8	11	3	27	15	10	
2988	6	5	16	12	4	1	4	
2989	6	5	16	12	4	4	18	
2990	11	5	11	2	4	6	10	
2991	11	4	12	5	4	12	4	
2992	103	8	11	5	4	6	3	
2993	11	5	11	12	4	23	10	
2994	15	8	11	2	4	23	10	
2995	11	5	11	2	27	15	4	
2996	11	5	1	3	4	6	61	
2997	17	5	11	3	73	4	14	
2998	1	22	6	72	3	15	27	
2999	6	5	30	3	4	64	1	
3000	17	185	30	11	1	15	1	
3001	13	4	5	5	12	7	7	
3002	40	101	11	3	4	40	2	
3003	16	122	5	11	4	4	19	
3004	11	5	19	5	4	25	9	
3005	36	5	36	61	4	4	52	
3006	11	5	91	3	83	90	1	
3007	28	5	11	7	3	15	7	
3008	17	186	5	3	3	4	9	
3009	16	3	11	3	4	15	182	
3010	17	24	11	11	1	4	14	
3011	28	5	91	5	3	7	1	
3012	17	10	9	3	4	4	7	
3013	5	141	65	5	1	16	50	
3014	16	5	12	3	3	1	18	
3015	15	135	5	11	4	4	10	
3016	118	106	85	92	42	73	71	
3017	6	24	1	11	3	15	14	
3018	28	5	11	18	4	13	255	
3019	5	152	176	5	1	20	157	
3020	6	5	1	5	15	164	256	
3021	13	4	5	5	12	126	15	
3022	38	64	3	13	1	2	4	
3023	39	5	36	11	4	4	45	
3024	6	5	11	2	27	15	10	
3025	2	4	25	3	1	6	11	
3026	17	4	5	3	1	6	11	
3027	33	1	25	3	6	7	7	
3028	5	16	65	99	10	20	119	
3029	20	167	64	171	48	24	32	
3030	35	8	27	68	118	7	3	
3031	28	71	65	214	4	20	252	
3032	122	266	12	11	4	112	7	
3033	16	267	94	215	4	7	253	
3034	17	2	11	3	3	163	3	
3035	19	5	174	3	68	47	10	
3036	17	268	11	7	1	53	1	
3037	89	269	64	26	48	59	32	
3038	16	5	36	11	4	28	254	
3039	89	30	31	26	119	24	143	
3040	5	270	1	11	1	6	4	
3041	11	271	175	3	4	12	10	
3042	198	22	36	5	4	117	7	
3043	87	272	43	60	53	108	144	
3044	40	5	91	11	1	15	10	
3045	198	24	5	3	1	12	19	
3046	17	5	1	30	3	4	10	
3047	17	5	6	11	1	64	19	
3048	22	20	11	3	3	3	18	
3049	9	1	57	6	12	6	4	
3050	4	5	6	3	4	4	19	
3051	28	273	5	77	1	33	42	
3052	6	274	6	7	4	6	7	
3053	200	267	11	5	4	4	10	
3054	38	11	3	13	1	2	257	
3055	17	5	36	5	1	4	220	
3056	28	20	94	3	4	6	10	
3057	36	48	28	3	4	13	7	
3058	17	48	5	3	4	38	3	
3059	22	3	6	11	4	15	19	
3060	16	48	11	7	27	15	7	
3061	1	48	32	3	4	25	3	
3062	15	37	11	3	4	15	27	
3063	6	5	1	1	1	12	258	
3064	17	48	11	3	52	4	2	
3065	45	179	15	35	17	8	177	
3066	17	19	36	3	3	29	7	
3067	111	203	64	26	48	24	32	
3068	17	151	5	77	1	20	7	
3069	5	4	177	28	1	165	158	
3070	201	275	65	16	1	60	5	
3071	19	5	12	216	11	4	14	
3073	37	5	7	7	4	28	7	
3074	32	13	24	13	1	6	7	
3075	32	4	5	5	5	7	8	
3076	16	5	30	3	4	31	11	
3077	2	4	5	3	1	6	41	
3078	18	4	134	33	1	6	4	
3079	28	286	12	3	3	4	185	
3080	206	287	65	13	1	1	133	
3081	109	5	26	3	4	4	26	
3082	18	4	5	5	5	7	8	
3083	15	271	7	3	2	4	220	
3084	17	5	11	3	4	40	18	
3085	28	5	11	18	64	4	3	
3086	38	91	3	13	2	2	7	
3087	18	8	5	5	1	6	18	
3089	15	20	94	3	3	4	53	
3090	40	5	36	153	3	7	19	
3091	11	20	1	30	4	4	10	
3092	40	5	17	3	120	15	2	
3093	11	5	1	217	4	4	7	
3094	11	5	178	3	121	29	7	
3095	11	5	36	3	121	29	7	
3096	6	285	1	11	122	13	7	
3097	40	276	36	61	2	12	7	
3098	16	10	11	218	4	14	52	
3099	11	277	11	11	3	27	7	
3100	203	22	4	3	27	6	2	
3101	17	5	179	5	4	4	7	
3102	11	278	180	7	9	4	7	
3103	36	279	185	3	4	13	7	
3104	6	280	6	5	4	4	7	
3105	13	4	5	219	12	7	15	
3106	11	281	6	115	4	13	18	
3107	11	133	181	5	3	15	19	
3110	11	5	1	220	9	166	7	
3111	19	282	12	11	11	4	14	
3112	25	283	184	146	4	15	1	
3113	11	284	1	7	9	4	259	
3115	9	13	24	13	1	6	25	
3116	18	8	5	3	1	6	4	
3117	9	32	11	3	4	40	18	
3118	6	5	11	11	4	4	193	
3119	6	5	11	11	15	4	260	
3120	16	5	36	7	1	7	45	
3121	39	68	20	5	1	6	31	
3122	6	5	20	11	4	4	7	
3123	6	5	36	63	4	28	2	
3124	17	5	1	63	4	15	2	
3125	11	5	10	28	3	40	7	
3126	11	5	83	2	4	15	7	
3127	39	6	12	11	104	15	2	
3128	11	5	20	11	4	4	52	
3129	11	5	11	11	104	6	27	
3130	6	150	11	7	27	6	7	
3131	32	4	5	5	12	7	26	
3132	28	5	11	29	104	53	1	
3133	89	191	64	56	48	24	32	
3134	6	101	4	11	1	4	2	
3135	11	5	11	72	44	7	52	
3136	5	71	26	3	13	7	34	
3137	5	16	25	5	1	104	47	
3138	11	5	5	3	124	28	3	
3139	118	106	85	166	125	54	72	
3140	89	203	64	56	126	24	143	
3141	6	288	186	3	4	6	2	
3142	163	289	11	5	4	1	10	
3143	128	106	85	86	60	167	72	
3144	33	290	25	6	6	7	5	
3145	4	4	16	12	1	6	7	
3146	6	3	36	3	4	4	19	
3147	17	5	6	5	4	4	7	
3148	6	10	1	30	127	6	14	
3149	5	5	20	28	3	10	19	
3150	11	19	19	3	4	15	7	
3151	38	13	25	5	12	7	47	
3152	28	22	5	3	3	10	19	
3153	28	48	94	13	1	4	10	
3154	40	5	17	2	4	4	7	
3155	22	20	11	3	3	168	261	
3156	11	5	78	46	4	4	9	
3157	9	75	11	3	4	40	18	
3158	109	31	11	11	4	76	26	
3159	5	3	57	3	1	33	189	
3160	6	4	26	5	1	4	26	
3161	89	30	9	26	48	24	32	
3162	216	30	9	26	48	24	32	
3163	6	5	1	72	15	18	3	
3164	40	5	11	197	4	13	7	
3165	6	10	65	5	3	13	9	
3166	16	5	26	3	4	4	26	
3167	16	5	5	3	3	12	26	
3168	27	58	65	5	1	7	5	
3169	40	5	30	61	1	7	263	
3170	173	5	5	223	3	13	9	
3171	11	5	1	7	3	56	264	
3172	11	5	1	7	9	4	262	
3173	6	5	36	222	4	30	2	
3174	6	5	11	3	4	3	1	
3175	5	291	25	88	1	1	42	
3176	28	5	11	77	73	12	10	
3177	28	5	11	77	1	12	92	
3178	28	10	12	3	3	4	185	
3179	39	5	36	3	4	29	2	
3180	40	22	1	11	4	13	7	
3181	41	5	1	7	11	4	112	
3182	217	8	182	6	8	11	40	
3183	5	1	65	224	10	7	23	
3184	218	8	183	6	8	11	40	
3185	219	27	28	221	123	13	7	
3186	220	5	7	11	3	4	68	
3187	11	293	6	3	4	4	19	
3188	17	14	11	11	1	15	1	
3189	222	12	95	3	13	172	84	
3190	15	288	186	3	4	6	2	
3191	29	1	79	28	129	173	124	
3192	11	134	11	3	4	174	7	
3193	223	11	57	33	1	6	26	
3194	9	13	3	6	64	33	266	
3195	67	2	5	3	73	18	19	
3196	15	5	11	226	1	4	7	
3197	17	5	5	225	4	4	3	
3198	87	148	15	35	53	109	177	
3199	13	8	9	3	1	6	227	
3200	14	8	9	3	1	6	10	
3201	13	8	9	3	1	6	10	
3202	16	3	20	5	4	7	10	
3203	11	10	11	72	3	10	10	
3204	1	5	11	3	4	10	10	
3205	11	288	6	3	4	38	3	
3206	111	30	64	3	126	24	55	
3207	13	8	9	3	1	6	2	
3208	28	5	36	3	3	171	7	
3209	32	54	26	5	1	33	40	
3210	11	5	5	11	3	170	18	
3211	28	5	26	3	15	28	10	
3212	28	10	5	3	58	15	3	
3213	16	20	6	34	4	18	19	
3214	16	5	12	11	2	6	12	
3215	11	5	7	11	3	4	14	
3216	18	8	5	67	1	40	13	
3217	17	134	12	3	4	1	18	
3218	89	30	31	78	48	24	19	
3219	20	30	42	26	119	122	32	
3220	27	16	57	5	1	7	5	
3221	17	5	1	5	3	15	14	
3222	17	10	129	5	4	175	19	
3223	224	58	109	6	1	1	267	
3224	16	5	91	29	4	4	268	
3225	16	5	5	6	52	91	7	
3226	39	5	20	16	1	6	13	
3227	15	5	11	72	4	15	14	
3228	84	3	20	71	4	13	1	
3229	11	4	11	5	4	4	113	
3230	6	5	11	3	4	33	14	
3231	16	295	83	11	4	13	7	
3232	29	8	36	228	1	6	3	
3233	87	34	114	37	86	91	170	
3234	11	5	1	7	9	176	7	
3235	18	4	57	18	13	6	47	
3236	32	8	60	3	1	101	11	
3237	83	5	30	218	4	31	41	
3238	16	5	30	11	45	31	41	
3239	82	91	3	13	1	2	4	
3240	17	5	5	4	45	4	3	
3241	16	5	30	218	45	31	41	
3242	7	5	7	7	45	12	7	
3243	11	5	26	28	3	40	7	
3244	58	106	85	86	60	54	72	
3245	27	67	76	3	1	7	62	
3246	16	3	83	11	4	4	1	
3247	1	5	12	3	2	15	12	
3248	81	67	76	3	1	7	62	
3249	21	143	1	3	4	4	10	
3250	226	5	12	11	11	4	14	
3251	228	8	5	5	1	6	4	
3252	229	5	11	11	3	27	7	
3253	232	5	36	63	4	30	2	
3254	233	5	12	11	4	4	20	
3255	234	5	11	77	3	4	92	
3256	235	4	16	12	1	6	3	
3257	236	108	85	92	76	54	93	
3258	237	5	58	11	4	15	44	
3259	238	5	36	3	3	13	7	
3260	239	8	5	3	5	6	26	
3261	240	5	11	5	2	38	37	
3262	241	5	5	5	50	4	14	
3263	17	136	11	7	1	32	1	
3264	243	296	189	229	4	4	52	
3265	173	22	94	3	1	4	3	
3266	18	11	24	3	12	177	4	
3267	17	5	83	3	4	4	7	
3268	16	5	17	72	4	13	7	
3269	11	5	6	61	3	13	7	
3270	16	135	7	3	44	6	7	
3271	6	5	58	11	3	29	37	
3272	36	27	28	3	1	13	7	
3273	6	5	4	3	2	6	25	
3274	17	5	11	7	2	38	7	
3275	84	3	20	71	4	7	269	
3276	6	297	6	5	4	3	10	
3277	18	4	5	3	64	6	8	
3278	6	5	1	3	4	4	107	
3279	1	5	9	16	3	4	7	
3280	28	122	1	5	3	7	27	
3281	1	5	11	3	4	20	85	
3282	1	5	11	3	4	10	85	
3283	17	289	12	3	14	4	7	
3284	11	5	11	3	4	4	7	
3285	11	298	11	3	4	4	7	
3286	40	299	5	3	4	13	166	
3287	23	5	28	30	14	4	7	
3288	16	5	12	3	1	15	12	
3289	16	5	12	3	2	15	7	
3290	6	5	1	3	4	6	12	
3291	6	28	4	3	3	15	1	
3292	6	5	1	3	4	6	27	
3293	6	5	1	4	4	6	27	
3294	16	5	12	4	2	15	12	
3295	122	5	36	30	3	4	171	
3296	39	6	12	11	3	12	2	
3297	17	5	36	63	27	15	7	
3298	17	5	11	3	4	4	2	
3299	7	22	26	5	3	10	3	
3300	28	5	4	5	4	38	167	
3301	28	5	30	3	4	20	1	
3302	28	5	5	11	27	15	44	
3303	16	4	5	3	1	6	10	
3304	23	5	11	7	1	179	7	
3305	244	10	5	5	11	4	7	
3306	28	20	94	5	1	6	10	
3307	23	143	190	11	3	15	7	
3308	36	5	12	3	4	4	52	
3309	11	5	11	72	3	13	3	
3310	22	135	11	11	4	15	2	
3311	32	8	5	13	1	6	3	
3312	35	208	5	5	52	162	47	
3313	13	4	5	5	12	7	270	
3314	128	144	85	86	130	54	72	
3315	11	5	7	5	4	4	2	
3316	6	5	1	230	1	12	1	
3317	15	5	83	11	4	4	21	
3318	15	24	17	3	1	33	14	
3319	11	5	1	7	9	154	7	
3320	11	5	46	11	4	6	21	
3321	22	130	17	4	2	10	17	
3322	45	34	188	37	53	109	146	
3323	16	5	11	11	4	42	7	
3324	28	5	11	18	4	13	271	
3325	6	24	91	5	4	4	14	
3326	6	10	1	29	27	4	7	
3327	18	4	13	3	1	2	13	
3328	121	4	26	11	52	38	9	
3329	17	5	36	3	4	15	3	
3330	36	5	5	11	85	15	18	
3331	17	5	11	64	4	4	19	
3332	11	5	5	74	2	10	10	
3333	11	5	1	7	131	4	7	
3334	41	187	91	231	4	4	1	
3335	6	300	1	3	4	4	2	
3336	6	301	11	4	3	23	272	
3337	40	5	36	61	2	12	7	
3338	6	4	6	11	3	55	19	
3339	11	3	6	13	3	6	26	
3340	6	5	5	3	4	1	10	
3341	28	5	11	5	4	4	3	
3342	6	5	30	3	3	64	1	
3343	140	30	64	26	28	24	140	
3344	17	14	11	5	1	15	1	
3345	9	1	191	16	1	6	23	
3346	39	5	192	59	1	20	15	
3347	5	302	65	232	1	135	250	
3348	14	5	10	220	4	13	7	
3349	11	5	12	27	3	7	33	
3350	9	8	7	3	3	20	7	
3351	17	5	11	3	3	4	10	
3352	11	20	1	65	4	4	273	
3353	89	303	42	26	48	24	156	
3354	1	3	11	72	1	42	19	
3355	39	5	4	3	3	4	2	
3356	5	8	25	233	10	33	5	
3357	246	8	5	28	132	4	7	
3358	11	5	11	234	3	6	27	
3359	47	50	65	31	1	6	8	
3360	28	14	3	11	1	4	1	
3361	6	145	1	7	3	4	7	
3362	11	5	6	11	73	4	19	
3363	1	136	1	3	3	4	7	
3364	14	5	10	7	4	181	7	
3365	6	5	1	3	4	32	1	
3366	11	5	6	3	4	4	3	
3367	125	5	1	3	3	4	7	
3368	127	14	3	13	1	6	77	
3369	65	112	11	3	1	12	138	
3370	142	1	65	188	10	1	5	
3371	23	5	26	5	4	4	3	
3372	36	199	29	7	4	10	7	
3373	5	208	60	10	1	2	8	
3374	22	304	17	5	2	10	7	
3375	140	191	9	26	133	128	32	
3376	63	3	5	31	13	71	4	
3377	99	259	62	65	45	4	93	
3378	63	3	5	31	13	71	165	
3379	99	89	6	65	45	4	93	
3380	5	4	3	31	13	11	8	
3381	13	8	9	31	13	6	80	
3382	99	89	7	31	13	6	155	
3383	16	5	6	72	3	6	18	
3384	17	8	26	119	3	4	9	
3385	38	11	3	13	1	182	4	
3386	22	3	17	5	2	183	7	
3387	17	252	6	98	2	14	10	
3388	36	5	36	7	1	15	7	
3389	17	22	193	11	3	86	19	
3390	111	30	64	26	134	59	7	
3391	247	305	5	3	1	6	274	
3392	89	30	42	171	135	59	156	
3393	11	2	6	3	4	38	3	
3394	11	5	1	7	4	76	1	
3395	5	146	65	28	1	7	47	
3396	18	8	5	3	1	6	11	
3397	17	20	6	3	4	6	19	
3398	17	3	3	119	4	1	18	
3399	111	30	64	69	48	24	32	
3400	6	5	11	3	4	6	141	
3401	16	5	59	3	3	1	18	
3402	105	5	1	3	3	4	14	
3403	70	5	11	235	3	10	2	
3404	70	45	11	235	136	10	2	
3405	17	5	5	4	137	4	3	
3406	23	306	11	7	1	12	7	
3407	248	5	11	236	4	29	7	
3408	28	5	11	236	4	184	7	
3409	28	5	11	236	4	29	7	
3410	17	22	5	237	1	14	275	
3411	17	5	11	3	4	6	277	
3412	17	5	11	3	4	6	276	
3413	17	20	11	3	3	4	53	
3414	39	5	11	28	4	4	278	
3415	6	5	1	5	1	4	68	
3416	18	4	3	238	1	101	139	
3417	70	5	11	11	138	10	2	
3418	6	4	1	10	3	6	3	
3419	11	288	36	3	4	18	10	
3420	6	76	1	3	3	28	3	
3421	11	5	6	11	15	185	1	
3422	35	5	36	11	4	12	7	
3423	16	5	1	3	4	186	7	
3424	15	271	26	3	2	4	220	
3425	5	23	5	3	4	4	11	
3426	11	22	6	11	4	15	7	
3427	17	143	1	3	4	4	10	
3428	16	134	11	190	4	15	19	
3429	28	14	1	11	1	4	61	
3430	40	5	1	3	4	6	7	
3431	11	5	6	11	4	4	19	
3432	6	5	11	2	3	4	10	
3433	11	5	6	61	4	7	1	
3434	16	5	83	11	48	4	7	
3435	6	10	5	239	2	24	2	
3436	43	153	194	78	48	24	96	
3437	17	5	195	5	4	4	2	
3438	40	5	17	3	4	15	279	
3439	19	5	12	34	4	6	7	
3440	17	5	6	30	4	4	3	
3441	28	74	5	5	4	12	7	
3442	210	30	64	26	30	59	143	
3443	40	5	7	7	3	12	7	
3444	6	10	11	11	4	15	7	
3445	17	5	57	64	53	4	2	
3446	28	161	6	4	4	4	172	
3447	15	300	36	11	27	4	2	
3448	18	4	3	3	1	40	40	
3449	28	150	11	7	27	6	7	
3450	140	30	80	26	93	44	32	
3451	23	143	1	11	3	15	7	
3452	17	6	12	3	14	4	9	
3453	45	148	15	35	53	106	177	
3454	13	5	5	11	4	15	44	
3455	28	80	12	11	3	15	2	
3456	13	138	46	11	4	6	7	
3457	4	8	5	3	1	40	9	
3458	11	5	6	32	1	6	26	
3459	40	5	17	3	4	15	83	
3460	13	8	9	3	1	6	13	
3461	17	5	12	3	14	4	17	
3462	89	90	12	183	79	83	7	
3463	39	30	64	183	28	24	140	
3464	15	166	20	5	1	4	25	
3465	29	1	197	99	24	20	87	
3466	28	27	28	3	3	13	7	
3467	5	11	5	33	1	6	40	
3468	15	24	11	3	4	4	7	
3469	16	10	5	3	64	42	7	
3470	5	146	25	240	10	7	5	
3471	111	30	31	242	28	24	55	
3472	89	269	64	90	48	59	32	
3473	6	22	11	131	3	6	1	
3474	11	55	4	11	3	12	19	
3475	118	106	85	86	72	73	208	
3476	6	5	7	3	4	13	10	
3477	17	27	12	3	5	15	10	
3478	6	3	1	3	2	3	1	
3479	22	5	1	3	2	6	7	
3480	28	307	5	61	4	1	11	
3481	5	146	25	240	10	20	5	
3482	17	308	5	3	1	14	3	
3483	140	30	64	56	139	59	32	
3484	5	309	95	5	1	7	47	
3485	249	10	5	11	2	15	2	
3486	125	27	1	3	1	6	7	
3487	40	5	30	3	1	4	14	
3488	16	5	91	3	83	7	1	
3489	28	323	5	2	27	4	291	
3490	5	4	3	3	140	11	8	
3491	140	30	64	26	30	59	55	
3492	25	3	11	11	4	43	7	
3493	15	171	7	3	2	4	172	
3494	32	4	5	246	2	6	3	
3495	6	20	12	11	3	15	18	
3496	39	55	7	11	3	6	45	
3497	28	5	1	63	4	15	2	
3498	6	5	83	11	4	13	7	
3499	11	166	11	3	4	4	269	
3500	11	5	1	244	2	15	2	
3501	41	5	7	61	2	4	7	
3502	22	20	11	241	3	3	7	
3503	108	5	6	59	4	4	9	
3504	251	5	11	7	1	12	7	
3505	6	24	17	11	4	13	2	
3506	40	5	11	5	1	90	280	
3507	17	134	1	243	4	15	7	
3508	250	310	79	245	62	57	281	
3509	18	4	3	246	1	40	282	
3510	47	4	56	33	12	6	283	
3511	6	10	6	11	4	3	10	
3512	11	5	6	3	4	13	7	
3513	19	5	1	72	4	64	284	
3514	5	1	109	3	1	1	47	
3515	32	5	198	13	1	6	54	
3516	1	5	11	18	1	76	13	
3517	5	311	5	3	4	4	5	
3518	6	5	36	5	3	6	286	
3519	6	5	1	5	1	4	5	
3520	6	5	11	29	4	1	10	
3521	6	5	5	3	3	28	3	
3522	6	6	12	11	1	15	2	
3523	6	24	36	3	4	15	7	
3524	9	4	5	3	1	6	11	
3525	11	5	37	3	3	4	182	
3526	11	5	9	11	3	6	12	
3527	11	5	7	7	3	25	7	
3528	11	5	5	3	2	4	14	
3529	11	14	3	3	96	15	1	
3530	11	48	127	7	1	4	7	
3531	11	112	11	5	1	4	14	
3532	15	2	1	5	3	38	3	
3533	15	5	11	11	1	15	3	
3534	15	28	20	3	73	38	3	
3535	15	135	36	11	4	4	2	
3536	15	312	1	3	2	12	7	
3537	16	3	12	3	3	1	18	
3538	16	5	12	30	3	6	27	
3539	16	5	12	11	3	1	18	
3540	16	14	11	72	44	7	52	
3541	16	312	12	11	3	4	18	
3542	17	2	4	98	2	187	18	
3543	17	20	11	7	4	38	14	
3544	17	136	6	3	3	4	10	
3545	18	159	3	13	12	86	161	
3546	18	187	91	231	4	4	1	
3547	19	5	12	248	11	4	14	
3548	19	5	1	3	4	13	45	
3549	23	5	6	61	3	7	1	
3550	28	10	192	3	13	4	5	
3551	36	143	1	7	3	94	26	
3552	38	11	3	247	1	2	4	
3553	38	11	3	13	1	2	287	
3554	39	166	12	11	3	15	2	
3555	40	5	11	3	4	12	7	
3556	41	5	73	11	1	12	285	
3557	41	23	11	7	3	38	7	
3558	45	8	5	3	15	6	26	
3559	67	50	65	249	1	6	26	
3560	87	34	79	80	53	48	288	
3561	87	313	79	80	53	48	288	
3562	125	5	5	11	4	13	19	
3563	125	27	1	3	1	13	52	
3564	252	2	5	5	3	188	3	
3565	253	5	6	72	1	6	18	
3566	253	71	5	77	73	20	205	
3567	254	5	199	5	4	4	7	
3568	254	263	36	72	11	115	7	
3569	11	5	37	3	1	60	182	
3570	15	314	11	7	4	12	7	
3571	23	5	11	250	1	12	7	
3572	6	5	1	251	1	12	1	
3573	11	12	65	28	10	60	78	
3574	23	5	1	3	4	15	7	
3575	255	11	3	13	1	2	4	
3576	5	4	57	62	4	1	26	
3577	1	178	26	3	1	4	34	
3578	6	5	11	4	4	3	3	
3579	28	5	147	11	68	15	3	
3580	15	5	36	11	27	189	2	
3581	23	5	11	7	1	190	7	
3582	14	5	10	254	4	13	7	
3583	5	4	3	253	1	11	8	
3584	15	5	200	72	3	42	19	
3585	87	34	201	252	53	191	203	
3586	38	315	3	13	1	2	4	
3587	39	316	20	5	3	142	10	
3588	89	30	31	26	48	24	32	
3589	89	30	64	255	48	6	55	
3590	111	317	64	26	28	24	32	
3592	89	30	9	78	48	192	32	
3593	89	318	64	256	48	24	32	
3594	17	5	5	257	4	4	3	
3595	9	4	3	54	1	18	289	
3596	6	5	36	258	2	4	2	
3597	16	5	17	28	3	15	19	
3598	16	10	5	3	58	42	7	
3599	22	319	11	3	3	3	7	
3600	7	133	36	63	2	15	2	
3601	11	5	11	259	3	27	7	
3602	40	5	20	7	3	4	14	
3603	5	287	65	13	1	1	133	
3604	82	39	3	9	1	2	84	
3605	11	5	6	7	4	6	7	
3606	82	39	3	9	1	2	4	
3607	82	39	3	9	1	2	26	
3608	82	39	59	9	13	2	4	
3609	82	39	3	9	13	2	4	
3610	6	5	11	5	52	4	7	
3611	11	22	11	11	3	53	1	
3612	111	30	31	26	48	24	96	
3613	84	3	26	71	1	7	53	
3614	11	5	5	4	9	15	3	
3615	13	13	17	3	1	6	7	
3616	17	5	36	72	4	12	14	
3617	17	5	1	5	73	4	85	
3618	4	5	16	7	1	6	3	
3619	257	5	11	7	1	12	7	
3620	258	8	26	119	3	4	9	
3621	89	203	203	260	48	24	32	
3622	38	320	3	13	1	2	4	
3623	16	5	30	11	3	4	7	
3624	18	4	5	3	108	17	13	
3625	23	5	6	7	1	12	7	
3626	19	5	12	11	11	156	14	
3627	259	5	12	3	14	4	7	
3628	260	30	64	26	135	24	55	
3629	39	5	11	11	27	4	2	
3630	17	182	37	261	1	7	25	
3631	38	321	3	13	1	2	4	
3632	16	5	11	3	4	15	3	
3633	5	75	65	62	13	1	84	
3634	99	74	7	43	19	92	83	
3635	99	89	153	4	103	92	3	
3636	99	89	11	43	103	92	3	
3637	99	35	7	54	45	92	83	
3638	99	74	7	43	45	92	83	
3639	99	89	7	54	45	92	3	
3640	99	89	7	43	19	92	3	
3641	99	89	7	43	45	92	3	
3642	99	89	7	54	103	92	3	
3643	99	89	153	43	103	92	83	
3644	11	322	19	3	4	4	290	
3645	111	30	59	26	134	33	7	
3646	6	5	196	7	1	64	19	
3647	111	30	64	26	1	59	7	
3648	11	5	11	3	1	10	19	
3649	111	1	64	26	134	59	7	
3650	261	5	30	11	4	31	41	
3651	15	5	11	7	1	4	7	
3652	40	5	11	5	2	38	7	
3653	38	11	3	13	1	2	44	
3654	11	20	26	13	4	7	53	
3655	256	5	11	3	4	4	1	
3656	262	8	24	2	1	6	26	
3657	111	30	64	26	141	24	32	
3658	6	5	11	3	4	13	1	
3659	27	146	25	6	1	7	47	
3660	17	5	5	3	1	6	10	
3661	41	5	26	3	1	178	18	
3662	118	106	85	86	72	141	71	
3663	11	5	6	229	2	164	211	
3664	98	3	17	5	2	10	268	
3665	16	259	19	3	4	121	201	
3666	6	5	58	11	3	164	201	
3667	219	3	6	13	3	153	201	
3668	243	5	12	11	4	158	201	
3669	245	136	11	226	1	183	201	
3670	1	5	149	3	4	25	201	
3671	6	299	168	3	4	164	201	
3672	17	5	11	5	2	38	201	
3673	28	5	7	3	4	6	7	
3674	17	5	12	3	14	4	172	
3675	11	6	6	3	4	76	7	
3676	87	34	114	35	53	109	203	
3677	6	5	204	7	4	1	9	
3678	41	48	11	28	1	20	34	
3679	28	5	5	263	3	15	44	
3680	16	324	6	74	2	41	2	
3681	6	14	12	264	1	4	20	
3682	11	5	11	11	3	193	7	
3683	128	108	85	92	76	54	93	
3684	119	5	6	28	2	6	26	
3685	17	325	11	5	4	4	2	
3686	40	84	11	3	4	76	292	
3687	11	134	11	3	4	4	7	
3688	13	8	9	265	1	17	15	
3689	5	4	205	124	1	4	26	
3690	118	106	85	86	60	54	208	
3691	28	134	11	3	4	4	7	
3692	5	71	11	28	3	20	5	
3693	28	137	1	3	4	1	111	
3694	19	8	12	3	4	13	45	
3695	28	62	17	3	13	4	7	
3696	5	54	60	3	1	7	8	
3697	15	101	5	3	3	15	14	
3698	182	24	36	7	73	38	7	
3699	11	5	1	30	9	4	7	
3700	5	5	20	18	3	15	19	
3701	89	191	9	26	133	128	32	
3702	6	5	11	3	2	4	1	
3703	140	30	64	26	48	24	143	
3704	20	165	64	26	30	24	32	
3705	17	5	1	63	4	4	2	
3706	68	106	85	92	3	54	72	
3707	28	5	11	3	1	6	61	
3708	11	150	11	5	27	6	7	
3709	111	30	64	26	48	24	96	
3710	40	5	1	3	2	12	2	
3711	11	10	6	11	11	4	7	
3712	47	8	26	5	12	6	15	
3713	5	8	3	5	1	86	3	
3714	11	143	5	3	1	15	112	
3715	5	11	5	6	1	6	26	
3716	19	5	12	34	4	13	7	
3717	28	5	11	18	4	12	3	
3718	113	8	57	5	2	7	26	
3719	28	326	206	28	1	75	293	
3720	21	5	7	27	2	7	33	
3721	54	4	6	5	15	29	1	
3722	91	8	5	3	15	6	26	
3723	8	327	1	10	1	4	9	
3724	39	6	9	266	3	3	2	
3725	17	330	12	3	14	4	7	
3726	30	329	11	3	4	4	7	
3727	32	328	3	62	8	7	26	
3728	4	4	16	12	142	6	3	
3729	15	5	83	11	4	194	7	
3730	32	11	9	267	1	40	5	
3731	28	5	12	11	1	47	18	
3732	40	5	11	30	1	4	14	
3733	125	10	5	11	2	15	2	
3734	16	5	36	3	4	7	37	
3735	17	5	36	29	4	15	14	
3736	28	187	91	231	4	4	1	
3737	40	5	12	5	4	4	14	
3738	40	5	9	3	4	13	7	
3739	41	5	36	3	4	4	14	
3740	5	8	1	11	1	6	19	
3741	6	10	1	5	27	4	7	
3742	13	8	9	3	1	195	15	
3743	23	331	11	7	1	12	7	
3744	28	332	94	13	1	4	10	
3745	3	5	11	29	4	4	294	
3746	38	11	3	268	1	2	4	
3747	6	5	207	3	3	13	1	
3748	28	333	5	3	3	14	19	
3749	83	5	30	11	45	31	41	
3750	63	5	5	4	45	4	3	
3751	16	5	30	140	45	31	41	
3752	16	5	30	216	45	31	41	
3753	15	5	11	3	4	3	141	
3754	28	185	11	7	1	15	1	
3755	16	5	6	11	4	6	7	
3756	40	5	30	67	3	15	14	
3757	125	27	1	3	1	29	52	
3758	22	3	17	5	2	13	7	
3759	1	5	5	11	3	15	18	
3760	11	138	17	18	1	4	25	
3761	34	5	12	5	3	13	14	
3762	28	20	94	3	4	4	10	
3763	11	55	4	11	3	4	19	
3764	68	144	85	86	60	54	123	
3765	11	5	36	3	4	15	1	
3766	1	74	11	5	2	12	7	
3767	23	334	1	11	3	15	7	
3768	17	5	11	5	4	10	295	
3769	17	335	1	3	4	15	3	
3770	17	5	36	11	4	15	19	
3771	39	6	9	11	3	4	2	
3772	5	54	57	33	1	33	15	
3773	32	4	5	28	15	104	26	
3774	41	5	1	269	11	4	112	
3775	140	30	42	270	48	24	96	
3776	11	5	11	2	4	38	296	
3777	16	5	11	3	27	196	26	
3778	19	336	1	30	4	15	284	
3779	264	5	11	18	4	13	3	
3780	1	5	211	34	4	6	19	
3781	32	4	139	280	2	18	26	
3782	32	4	99	33	2	25	40	
3783	16	341	26	3	2	4	1	
3784	6	5	11	2	27	4	10	
3785	6	28	4	285	3	4	7	
3786	28	5	11	281	4	15	7	
3787	39	193	1	282	4	130	56	
3788	5	4	5	280	5	11	8	
3789	23	5	11	291	1	12	7	
3790	16	22	1	30	2	3	3	
3791	17	5	11	3	4	7	141	
3792	11	10	11	3	4	38	14	
3793	163	5	11	5	3	6	1	
3794	11	5	74	283	3	40	7	
3795	11	5	1	7	143	4	7	
3796	28	5	36	253	3	200	7	
3797	11	5	1	284	9	4	7	
3798	40	5	26	3	15	28	19	
3799	5	4	3	3	1	11	303	
3800	4	5	6	3	144	4	19	
3801	11	5	1	292	9	4	7	
3802	1	5	7	284	4	189	2	
3803	1	5	7	5	4	4	304	
3804	16	10	5	3	145	42	7	
3805	47	8	7	293	8	11	40	
3806	17	5	11	119	4	201	26	
3807	17	5	26	286	3	4	26	
3808	35	8	12	13	1	6	305	
3809	89	269	31	287	48	24	32	
3810	16	5	12	77	146	4	18	
3811	11	177	11	288	3	4	3	
3812	11	5	1	289	9	4	7	
3813	4	4	16	294	1	6	3	
3814	6	5	11	5	4	4	37	
3815	268	5	11	3	4	23	1	
3816	269	14	212	290	1	33	306	
3817	17	5	12	3	14	202	7	
3818	14	5	26	3	4	4	8	
3819	38	11	3	62	1	2	4	
3820	119	10	3	3	64	6	77	
3821	17	5	26	3	4	4	8	
3822	28	10	1	223	2	7	7	
3823	28	5	36	223	3	13	7	
3824	17	5	26	34	4	4	26	
3825	17	5	26	223	4	4	26	
3826	2	219	5	223	1	6	11	
3827	13	8	9	223	1	17	15	
3828	76	5	11	5	4	4	7	
3829	36	27	11	3	4	13	7	
3830	13	8	57	3	1	6	307	
3831	36	5	11	3	4	6	7	
3832	11	5	7	131	3	53	1	
3833	11	4	26	11	1	4	10	
3834	11	5	11	7	3	12	7	
3835	16	5	11	3	4	15	27	
3836	16	342	215	5	4	18	10	
3837	28	5	11	7	3	13	308	
3838	36	27	214	3	4	13	7	
3839	39	5	9	11	27	5	9	
3840	64	5	213	7	2	13	9	
3841	270	223	5	5	50	4	14	
3842	271	5	30	11	4	31	41	
3843	43	30	31	26	48	128	156	
3844	11	4	26	3	1	4	10	
3845	272	4	5	3	1	6	11	
3846	17	4	12	3	14	4	7	
3847	23	13	109	30	1	1	47	
3848	22	5	11	5	11	33	10	
3849	68	108	85	86	60	54	90	
3850	142	67	79	5	13	1	5	
3851	17	5	5	41	4	4	3	
3852	5	4	3	297	1	11	8	
3853	17	5	5	296	4	4	3	
3854	36	5	1	295	2	6	1	
3855	118	144	85	86	42	54	309	
3856	16	5	111	3	147	4	2	
3857	7	5	12	11	2	6	12	
3858	16	5	7	3	4	1	7	
3859	11	3	26	3	4	4	117	
3860	6	19	19	3	4	15	7	
3861	15	2	11	3	3	203	3	
3862	111	30	31	141	48	24	32	
3863	15	177	5	18	50	4	14	
3864	28	5	36	3	148	13	7	
3865	15	5	1	11	4	4	286	
3866	140	30	64	26	126	24	143	
3867	11	107	11	3	1	6	45	
3868	40	5	11	3	1	4	7	
3869	16	3	4	13	2	6	26	
3870	11	20	1	4	27	4	10	
3871	6	4	6	11	3	4	19	
3872	111	30	64	78	126	24	32	
3873	199	3	9	3	1	33	23	
3874	9	14	11	5	1	15	1	
3875	27	1	112	13	1	6	119	
3876	118	104	85	86	60	54	72	
3877	17	32	12	3	14	4	7	
3878	89	343	64	26	48	59	32	
3879	38	11	3	13	149	2	4	
3880	111	30	64	26	48	119	32	
3881	2	4	5	3	8	6	7	
3882	47	8	7	6	8	11	7	
3883	39	5	1	93	4	46	7	
3884	28	89	11	43	103	92	3	
3885	83	3	6	13	2	6	26	
3886	6	89	1	11	4	4	2	
3887	7	5	7	3	5	1	7	
3888	119	10	3	5	8	6	77	
3889	123	128	217	28	1	33	311	
3890	6	344	1	4	4	4	17	
3891	18	4	5	3	150	17	13	
3892	9	5	7	3	4	42	53	
3893	11	4	57	18	2	10	68	
3894	6	40	5	13	3	10	112	
3895	104	4	36	71	4	204	53	
3896	6	5	5	3	1	205	3	
3897	16	3	20	5	4	7	310	
3898	11	2	6	231	4	38	3	
3899	16	5	91	234	4	4	268	
3900	28	5	6	3	2	4	19	
3901	16	5	26	3	4	10	10	
3902	15	76	5	61	2	12	3	
3903	6	10	1	3	2	4	7	
3904	13	8	5	3	1	6	4	
3905	29	1	79	28	1	1	124	
3906	11	22	7	11	98	28	2	
3907	17	5	5	11	4	15	8	
3908	11	5	5	3	3	15	10	
3909	34	3	12	3	3	4	14	
3910	20	30	64	26	30	24	32	
3911	17	5	12	98	4	206	10	
3912	273	166	41	5	4	4	9	
3913	274	19	19	3	4	4	7	
3914	276	5	11	3	4	208	7	
3915	39	5	9	11	27	207	2	
3916	15	5	5	5	50	4	313	
3917	28	5	11	300	4	13	3	
3918	17	18	14	5	151	4	21	
3919	28	5	11	303	4	4	7	
3920	16	5	12	301	2	15	18	
3921	128	346	85	86	130	54	90	
3922	5	4	139	3	12	6	26	
3923	275	5	6	34	27	3	7	
3924	6	5	58	11	152	4	37	
3925	1	5	12	302	4	135	4	
3926	1	5	12	3	4	135	4	
3927	6	5	218	7	4	6	7	
3928	28	345	3	11	73	20	5	
3929	17	5	11	3	3	7	312	
3930	36	5	11	3	2	4	1	
3931	5	50	65	31	1	6	26	
3932	256	5	202	3	4	4	1	
3933	15	5	11	298	4	12	7	
3934	17	5	12	299	14	4	7	
3935	279	5	11	3	58	42	9	
3936	278	18	14	5	151	4	21	
3937	6	5	6	3	74	13	314	
3938	277	5	5	5	1	20	110	
3939	19	5	5	304	1	20	110	
3940	16	22	6	305	2	41	2	
3941	18	4	5	3	153	17	13	
3942	28	5	11	5	4	4	315	
3943	19	94	12	212	3	14	1	
3944	11	3	11	3	61	14	3	
3945	16	5	12	4	3	1	1	
3946	2	4	5	3	1	6	17	
3947	14	15	10	7	4	13	7	
3948	16	5	20	218	1	28	8	
3949	5	4	3	3	1	5	18	
3950	16	5	83	11	4	7	7	
3951	103	8	5	5	1	6	11	
3952	39	166	26	34	4	6	7	
3953	11	76	5	1	61	14	3	
3954	6	5	6	11	4	4	7	
3955	125	5	11	7	61	12	7	
3956	19	5	11	7	1	15	26	
3957	16	4	2	5	4	28	10	
3958	39	5	9	11	27	11	2	
3959	280	5	12	3	11	15	18	
3960	15	348	11	3	61	15	14	
3961	28	288	1	3	3	6	7	
3962	17	5	12	3	14	209	7	
3963	15	5	36	3	3	4	246	
3964	17	24	5	5	52	91	7	
3965	5	4	3	3	1	11	7	
3966	28	5	219	11	4	12	7	
3967	15	5	30	72	3	25	68	
