ST	dnaE	gyrB	recA	dtdS	pntA	pyrC	tnaA	clonal_complex
1	5	52	27	13	17	25	10	no
2	11	4	19	4	29	4	22	3
3	3	4	19	4	29	4	22	3
4	3	5	22	12	20	22	25	50
5	3	16	13	36	15	30	26	no
6	4	13	11	38	18	9	23	no
7	4	12	11	38	16	9	23	no
8	28	4	82	88	63	69	1	8
9	6	6	3	17	11	35	26	no
10	7	36	4	26	6	18	26	no
11	8	24	4	14	12	14	12	no
12	9	21	15	13	4	10	26	no
13	10	5	22	34	20	22	15	no
14	11	4	16	35	29	15	22	no
15	12	34	25	32	19	12	26	no
16	12	13	15	22	3	1	12	no
17	13	10	19	27	28	27	21	no
18	14	30	5	11	27	11	13	no
19	15	11	30	10	1	3	9	no
20	16	33	32	36	13	11	19	no
21	17	15	1	25	23	21	16	36
22	17	37	6	28	21	28	7	no
23	17	16	13	36	15	31	26	no
24	17	19	13	36	33	24	26	24
25	17	19	12	36	31	32	26	24
26	17	19	13	36	31	32	26	24
27	17	4	19	4	29	4	22	3
28	17	16	13	7	24	16	20	no
29	18	18	9	19	4	28	18	no
30	19	31	8	31	32	29	20	no
31	19	31	7	31	32	29	20	no
32	20	25	15	6	7	11	4	34
33	20	25	15	16	7	11	5	34
34	20	25	15	13	7	11	5	34
35	20	7	15	13	7	11	5	34
36	21	15	1	23	23	21	16	36
37	21	15	1	23	23	20	16	36
38	21	15	1	23	22	21	16	36
39	21	29	1	23	23	21	16	36
40	22	24	17	13	9	19	14	no
41	22	28	33	13	8	19	14	no
42	22	4	19	4	29	4	22	3
43	23	29	10	7	14	24	2	412
44	23	15	10	7	14	24	3	412
45	24	22	18	37	18	11	8	no
46	25	35	4	8	33	31	6	no
47	26	16	13	24	31	33	2	no
48	27	26	20	15	5	2	28	no
49	28	17	21	30	20	23	24	49
50	29	5	22	12	20	22	25	50
51	29	4	19	4	29	4	22	3
52	30	32	23	20	2	13	11	no
53	31	17	21	30	20	23	24	49
54	31	8	3	13	30	7	2	no
55	32	23	26	21	26	17	23	no
56	33	22	24	5	10	5	1	no
57	34	29	2	33	25	26	17	no
58	35	20	31	29	23	6	27	no
59	36	15	1	25	23	21	16	36
60	36	19	13	36	33	24	26	24
61	37	14	14	9	14	34	26	no
62	19	4	88	2	34	18	23	no
63	7	38	34	27	28	8	2	no
64	40	39	3	18	4	36	29	no
65	39	9	27	39	3	37	30	no
66	42	25	3	40	35	38	31	no
67	44	42	35	29	26	41	13	no
68	41	40	36	41	36	39	32	no
69	43	41	31	42	37	40	33	no
70	28	17	37	30	20	23	24	49
71	3	4	4	4	29	4	20	3
72	3	4	4	4	29	4	22	3
73	3	44	42	44	38	44	24	no
74	5	25	19	45	4	11	24	no
75	47	47	4	46	39	43	35	no
76	5	25	4	46	4	11	24	no
77	20	25	15	13	7	42	5	34
78	46	46	39	47	26	47	34	no
79	35	43	38	21	31	35	37	no
80	48	5	41	43	31	45	22	no
81	45	45	40	7	14	46	36	no
82	5	52	27	13	18	25	40	no
83	5	52	27	13	17	25	40	no
84	49	54	46	51	18	11	8	no
85	5	4	19	45	4	11	24	no
86	5	53	47	28	4	51	41	no
87	11	4	16	35	29	52	22	no
88	11	48	43	48	26	48	26	345
89	28	28	44	46	40	49	38	no
90	29	5	22	12	20	55	25	50
91	35	4	16	50	29	5	42	no
92	50	55	48	52	23	53	43	no
93	51	50	31	29	41	46	39	no
94	52	49	45	49	4	50	23	no
95	20	25	15	13	7	11	20	34
96	35	4	16	50	29	66	42	no
97	45	60	55	59	14	57	7	no
98	14	30	49	11	27	11	13	
99	53	61	56	8	4	11	19	no
100	59	66	6	36	28	46	19	no
101	59	66	6	36	28	61	19	no
102	17	19	13	36	33	24	20	24
103	61	68	31	56	45	64	20	no
104	60	67	4	53	43	63	23	no
105	28	59	54	29	26	11	24	no
106	54	64	3	35	14	46	24	no
107	62	69	57	61	46	65	24	no
108	26	58	53	19	28	9	26	no
109	17	57	6	23	44	28	36	110
110	17	57	52	23	44	28	36	110
111	56	16	3	13	21	59	36	no
112	3	56	51	58	14	29	44	no
113	63	62	25	54	4	56	45	no
114	55	15	31	55	18	58	46	114
115	57	35	50	57	26	60	47	no
116	63	63	55	60	4	29	7	no
117	58	45	10	8	28	33	45	no
118	58	65	10	8	28	33	45	no
119	20	25	14	14	42	29	23	no
120	60	108	86	98	18	45	51	120
121	3	2	82	50	4	78	66	no
122	2	113	72	94	69	83	23	no
123	35	111	85	100	26	84	1	no
124	10	1	62	95	50	85	26	no
125	35	110	29	78	71	86	51	no
126	12	109	25	91	70	87	23	no
127	47	112	38	97	68	69	64	no
128	38	25	19	96	45	81	65	no
129	49	107	90	19	73	37	20	no
130	85	13	67	1	35	88	67	no
131	33	104	96	103	28	11	9	no
132	86	117	35	19	26	70	15	no
133	86	4	35	19	26	92	15	no
134	92	116	25	102	28	3	20	no
135	17	16	95	7	24	16	20	no
136	45	16	92	101	4	32	23	no
137	31	4	91	69	26	90	23	no
138	47	58	53	104	26	37	26	no
139	35	117	38	21	31	35	37	no
140	93	116	6	19	24	93	48	no
141	31	115	22	12	3	91	68	no
142	31	115	94	12	28	91	68	no
143	95	119	93	106	74	89	70	no
144	94	114	31	105	3	71	69	no
145	64	77	58	62	4	62	48	no
146	42	81	59	63	28	7	52	no
147	65	43	33	64	30	5	23	no
148	3	79	31	13	18	4	51	no
149	68	76	57	65	50	70	53	no
150	19	74	61	68	48	11	26	no
151	3	82	62	69	30	7	23	no
152	67	83	31	70	47	73	13	no
153	6	6	3	17	11	35	54	no
154	35	50	63	27	49	46	26	no
155	11	75	64	67	26	7	50	155
156	28	73	65	71	27	52	1	no
157	3	71	66	73	26	27	23	no
158	71	13	67	77	21	69	55	no
159	12	58	68	78	39	37	49	no
160	70	78	31	81	49	74	62	no
161	28	17	21	79	20	23	24	49
162	47	58	53	19	50	37	26	no
163	72	96	70	80	18	75	9	no
164	25	89	72	76	55	72	54	no
165	76	88	31	13	53	45	13	no
166	83	97	73	83	4	77	58	no
167	42	93	74	50	26	78	57	no
168	19	87	76	19	61	79	56	no
169	51	4	77	67	60	8	33	no
170	82	85	78	19	60	69	24	no
171	81	84	75	84	63	26	47	no
172	80	95	80	74	4	67	61	no
173	77	104	3	85	65	10	57	no
174	84	103	79	82	62	46	60	no
175	78	4	31	90	21	11	12	no
176	5	4	25	4	64	4	22	no
177	79	43	31	86	21	11	12	no
178	81	102	83	86	59	80	48	no
179	81	106	81	86	50	80	48	no
180	89	105	15	89	57	11	57	no
181	91	101	84	91	58	78	33	no
182	90	100	31	29	66	11	9	no
183	87	99	97	87	67	5	54	no
184	19	87	31	19	61	79	56	no
185	96	29	100	27	26	100	72	no
186	31	121	60	66	52	62	23	no
187	75	120	71	13	56	37	29	no
188	60	108	86	99	18	45	51	120
189	11	48	3	48	26	48	26	345
190	28	125	99	91	50	11	26	no
191	82	129	101	108	76	98	71	no
192	3	126	19	4	29	4	22	3
193	44	130	87	110	29	37	63	no
194	97	127	101	29	78	99	47	no
195	99	128	72	111	46	43	54	no
196	1	4	19	112	29	4	22	3
197	101	124	89	13	4	101	26	no
198	102	122	91	69	23	3	57	no
199	22	28	17	13	8	19	14	no
200	103	3	89	3	72	82	2	no
201	74	94	89	82	23	37	23	no
202	73	90	98	66	4	76	26	no
203	13	10	19	27	28	7	21	no
204	19	133	103	21	37	103	74	no
205	105	134	78	19	26	102	75	no
206	31	131	60	78	52	62	13	no
207	47	91	105	46	79	45	26	no
208	88	4	104	92	60	8	26	no
209	66	72	107	72	21	94	32	no
210	7	70	106	75	4	5	59	no
211	3	4	108	4	51	4	22	3
212	69	92	69	114	54	71	24	no
213	19	86	3	113	31	68	23	no
214	104	132	102	115	26	62	73	no
215	81	84	75	84	75	26	47	no
216	98	135	112	107	77	97	26	no
217	80	88	111	109	37	95	69	no
218	100	123	110	13	11	96	57	no
219	107	140	15	118	82	5	80	no
220	3	4	15	4	29	4	22	3
221	28	141	21	119	20	14	24	49
222	106	142	31	39	46	41	77	no
223	108	136	109	35	11	82	24	no
224	28	83	82	117	18	69	79	no
225	60	139	67	18	80	96	71	no
226	28	90	113	82	81	104	26	no
227	3	4	19	4	29	22	22	3
228	5	137	67	50	23	105	79	961
229	109	136	25	121	83	107	83	no
230	110	144	116	35	18	108	86	no
231	111	17	3	123	85	37	87	no
232	98	131	30	32	77	11	82	no
233	109	136	114	121	83	107	83	no
234	5	84	115	74	84	26	84	no
235	10	69	27	76	46	65	29	no
236	114	100	61	122	66	54	85	no
237	115	43	25	108	71	73	62	no
238	109	136	114	121	21	107	83	no
239	6	6	3	17	11	26	23	no
240	31	147	62	84	4	45	88	no
241	112	143	25	120	26	109	81	no
242	113	145	61	70	28	11	26	no
243	12	146	117	124	28	10	54	no
244	19	74	61	68	86	11	26	no
245	49	148	25	125	60	110	89	no
246	33	87	24	5	10	5	1	no
247	116	149	72	76	45	62	26	no
248	5	88	61	19	18	3	90	no
249	3	151	25	29	61	11	62	no
250	118	87	119	117	54	111	91	no
251	119	152	120	29	23	11	61	no
252	36	153	121	126	27	112	17	no
253	35	154	25	50	73	35	23	no
254	112	155	122	19	87	96	92	no
255	12	156	123	127	19	12	47	no
256	42	157	59	128	6	113	57	no
257	120	158	89	129	26	114	93	no
258	121	95	124	130	26	115	12	no
259	122	25	125	131	21	11	66	no
260	3	82	126	69	30	7	23	no
261	123	100	127	50	66	11	31	no
262	105	156	123	127	19	12	47	no
263	50	55	48	52	23	53	47	no
264	5	52	27	132	17	25	40	no
266	3	4	19	4	29	4	78	3
267	126	161	43	19	54	10	26	no
268	127	67	24	133	10	5	95	no
269	128	162	128	134	1	11	94	no
270	129	151	98	12	88	117	26	no
271	3	134	81	76	26	11	26	no
272	60	116	91	135	50	118	2	no
273	130	58	113	69	89	119	23	no
274	69	92	69	27	54	71	24	no
275	31	163	129	19	36	120	96	no
276	131	147	60	136	90	27	23	no
277	3	29	98	67	26	121	33	no
278	103	164	130	137	50	122	57	no
279	132	165	25	110	4	116	12	no
280	28	144	3	138	26	123	97	no
281	133	67	4	79	43	63	23	281
282	134	166	131	75	91	69	2	no
283	27	84	127	139	54	124	37	no
284	135	168	98	140	56	11	33	no
285	39	113	27	143	26	125	26	no
286	136	43	132	141	4	126	84	no
287	49	169	67	142	92	127	98	no
288	3	25	60	144	31	128	26	no
289	106	109	34	50	2	11	68	no
290	28	58	31	13	23	129	51	no
291	60	170	133	145	2	130	26	no
292	64	90	65	148	61	8	23	no
293	3	172	134	149	73	131	26	no
294	31	173	135	65	19	7	51	no
295	7	174	76	35	80	132	12	no
296	70	175	31	81	26	74	62	no
297	138	4	113	150	26	133	99	no
298	139	116	31	19	60	134	24	no
299	80	88	27	109	1	95	100	no
300	14	30	67	46	27	11	13	no
301	140	167	136	151	50	135	17	no
302	27	106	127	152	54	124	101	no
303	125	160	89	13	18	82	76	no
304	137	171	19	146	18	136	12	no
305	3	4	19	147	93	4	22	3
306	20	57	15	6	7	11	4	32
307	20	179	15	6	7	11	4	32
308	12	178	25	153	27	78	54	no
309	17	64	137	154	94	29	20	no
310	17	18	9	59	4	28	18	no
311	17	18	9	59	4	28	102	no
312	26	18	9	155	23	28	7	no
313	142	29	10	7	4	24	20	412
314	142	29	10	7	33	24	20	412
315	142	29	10	15	14	24	20	412
316	143	57	15	13	96	11	5	no
317	144	7	138	156	4	138	103	no
318	56	176	13	157	97	139	20	no
319	53	61	139	23	21	140	7	no
320	145	177	140	158	4	132	104	no
321	12	101	84	91	58	78	33	no
322	86	117	35	19	26	92	15	no
323	93	118	6	19	24	93	81	no
324	20	25	15	13	7	3	5	34
325	60	104	123	47	26	69	61	no
326	28	28	44	46	61	49	38	no
327	102	67	4	79	43	63	23	281
328	14	30	139	78	4	37	13	no
329	28	137	125	78	23	105	79	961
330	146	180	19	88	73	11	51	no
331	147	181	127	69	26	18	23	no
332	14	30	141	78	4	37	13	no
333	60	108	31	98	18	45	51	120
334	20	57	15	13	7	11	5	34
335	35	87	142	159	31	51	73	no
336	34	183	97	13	26	62	26	no
337	47	139	53	19	50	143	26	no
338	149	184	31	76	98	11	84	no
339	150	185	25	160	21	141	26	no
340	98	4	136	107	77	46	33	no
341	28	4	127	88	63	69	1	8
342	5	106	31	13	2	142	106	no
343	4	181	19	4	29	4	22	3
344	147	181	127	69	26	18	22	no
345	11	48	19	48	26	48	26	345
346	45	45	143	7	14	46	36	no
347	103	186	31	78	2	144	26	no
348	151	147	67	161	26	145	105	no
349	5	71	144	162	26	11	107	no
350	35	187	145	163	26	8	108	no
351	19	104	25	55	26	58	69	no
352	35	188	146	164	26	3	1	no
353	152	189	31	34	99	5	109	no
354	126	190	123	165	31	146	26	no
355	153	191	70	19	23	8	1	no
356	51	29	77	13	60	8	33	no
357	60	192	147	29	100	147	110	no
358	5	193	19	120	46	110	23	no
359	80	139	148	166	101	90	26	no
360	82	129	101	108	76	5	71	no
361	154	147	86	167	78	148	54	no
362	36	194	44	168	102	45	37	no
363	12	180	81	19	21	11	73	no
364	156	199	39	172	50	11	26	no
365	157	193	151	18	26	152	112	no
366	12	139	134	169	26	45	26	no
367	126	195	123	103	103	11	26	no
368	43	186	144	82	78	36	9	no
369	155	58	65	170	104	149	111	no
370	19	196	149	171	105	11	23	no
371	10	197	31	18	106	150	26	no
372	42	198	150	29	83	151	33	no
373	70	175	31	81	49	74	62	no
374	106	202	154	174	4	99	24	no
375	40	39	73	35	4	36	29	no
376	160	203	15	118	82	5	80	no
377	3	106	19	175	28	37	26	no
378	33	4	152	103	107	153	47	no
379	158	127	153	74	66	154	33	no
380	6	106	3	17	11	11	23	no
381	158	43	62	173	31	46	30	no
382	159	200	127	19	50	155	24	no
383	28	201	82	84	63	69	1	8
384	155	58	155	76	104	156	111	no
385	150	185	25	160	21	78	26	no
386	31	204	156	19	34	157	62	no
387	161	117	31	12	23	62	113	no
388	162	205	157	150	108	158	57	no
389	163	206	158	176	109	135	47	no
390	118	87	119	117	46	111	12	no
391	119	152	135	29	23	11	61	no
392	5	84	115	74	63	159	84	no
393	51	4	30	19	77	11	114	no
394	166	211	162	183	50	3	57	no
395	169	104	151	73	26	46	94	no
396	9	213	165	185	2	46	1	no
397	26	218	124	94	23	119	13	no
398	165	22	70	177	39	11	115	no
399	153	216	70	19	23	8	1	no
400	12	208	159	133	28	128	86	no
401	112	217	145	178	111	160	116	no
402	80	25	160	179	26	10	117	no
403	167	25	25	91	18	18	57	no
404	5	215	19	120	46	110	23	no
405	31	4	60	180	31	62	120	no
406	168	210	161	182	61	162	38	no
407	102	212	91	182	61	162	38	no
408	111	188	164	149	115	164	118	no
409	11	75	64	50	26	7	50	155
410	153	58	70	19	23	8	1	no
411	2	113	72	94	26	83	23	no
412	142	29	10	7	14	24	20	412
413	47	8	166	19	28	46	121	no
414	12	219	81	19	65	45	61	no
415	42	134	99	79	26	41	51	no
416	94	43	31	105	3	166	69	no
417	3	111	167	188	116	167	33	no
418	17	57	52	23	44	28	33	110
419	26	220	168	159	11	168	122	no
420	131	221	163	150	114	163	26	no
421	11	117	123	184	50	169	57	no
422	157	124	135	73	19	170	123	no
423	51	4	77	67	60	8	24	no
424	170	224	75	139	117	18	124	no
425	121	50	169	91	10	73	73	no
426	158	223	75	12	26	171	125	no
427	31	214	145	186	28	43	119	no
428	171	222	113	126	4	62	23	no
429	3	4	19	4	23	4	22	3
430	5	25	19	61	4	11	24	no
431	3	225	19	4	29	4	22	3
432	33	211	31	167	118	172	17	no
433	98	4	112	107	77	97	23	no
434	98	229	112	107	18	97	23	no
435	3	4	31	4	29	4	22	3
436	117	230	60	78	31	62	26	no
437	3	159	86	171	61	175	126	no
438	11	108	19	48	26	48	26	345
439	173	243	73	200	28	82	2	no
440	174	244	99	198	18	176	130	no
441	31	237	175	91	121	27	23	no
442	42	88	25	3	47	95	12	no
443	133	234	70	75	28	11	99	no
444	47	58	19	19	50	37	26	no
445	137	238	3	194	122	11	131	no
446	111	239	31	195	24	173	14	no
447	60	108	86	13	18	62	51	120
448	133	67	4	79	43	63	62	281
449	3	130	64	189	123	174	13	no
450	60	231	176	199	49	11	47	no
451	81	159	70	191	26	177	33	no
452	11	75	64	67	124	7	50	155
453	175	106	173	150	23	11	37	no
454	20	7	75	82	24	7	15	no
455	176	241	61	190	50	90	20	no
456	3	242	31	13	23	129	2	no
457	177	104	177	196	4	178	33	no
458	178	154	25	171	28	96	127	no
459	42	233	178	197	26	179	24	no
460	31	13	174	180	128	62	23	no
461	179	232	62	27	125	5	26	no
462	33	240	97	88	127	45	2	no
463	96	104	25	13	26	11	128	no
464	3	25	179	89	126	11	20	no
465	180	235	180	192	50	5	33	no
466	181	4	70	19	26	180	129	no
467	20	245	31	19	50	157	23	no
468	182	246	73	47	39	181	62	no
469	183	247	172	27	23	182	57	no
470	42	248	19	76	129	46	69	no
471	175	22	168	201	130	17	73	no
472	7	236	99	26	6	18	26	no
473	28	4	82	193	18	69	86	no
474	96	29	100	27	26	100	105	no
475	172	227	171	181	119	5	57	no
476	96	228	31	3	120	131	33	no
477	172	227	170	181	119	5	57	no
478	185	226	73	19	26	18	37	no
479	186	252	181	29	4	18	132	no
480	60	4	86	98	18	45	51	120
481	4	13	11	91	18	9	23	no
482	28	4	82	4	63	69	1	8
483	39	113	27	39	3	37	61	
484	43	41	19	42	37	40	33	
485	91	101	84	91	30	77	17	
486	98	4	30	32	77	11	82	
487	3	48	19	4	29	4	22	3
488	16	149	72	76	45	62	26	
489	3	4	19	4	29	197	22	3
490	118	253	72	76	50	184	54	no
491	28	106	82	204	18	7	26	
492	3	4	189	4	29	4	22	3
493	5	36	27	13	18	192	77	
494	186	258	181	29	4	18	132	
495	192	36	166	212	26	193	38	
496	3	4	19	4	29	4	142	3
497	5	137	123	50	23	196	79	961
498	33	106	19	203	26	185	26	
499	22	254	75	205	99	186	26	
500	187	255	61	206	18	8	134	
501	188	4	82	88	63	187	1	799
502	42	167	89	13	26	188	135	
503	19	226	61	207	131	11	132	
504	26	256	182	208	61	189	17	
505	5	40	38	209	45	190	94	
506	189	25	31	126	23	191	136	
507	71	257	183	29	132	26	24	
508	190	15	31	55	18	56	23	114
509	191	187	184	210	4	77	57	
510	137	171	19	211	18	136	137	
511	14	259	185	78	43	194	13	
512	110	131	4	213	31	195	138	
513	5	153	186	12	43	3	94	
514	193	261	109	106	6	10	23	
515	44	260	3	214	26	200	99	
516	60	262	123	215	23	3	24	
517	133	147	4	79	133	199	23	
518	194	67	30	216	46	3	139	
519	44	131	35	50	26	37	140	
520	195	263	187	75	23	198	26	
521	60	264	101	217	134	156	141	
522	36	4	188	218	28	168	37	
523	13	265	81	183	135	109	23	
524	80	88	111	219	37	95	69	
525	82	84	134	151	46	3	26	
526	3	108	19	4	29	4	22	3
527	43	41	107	42	37	40	33	
528	93	127	194	89	26	46	143	no
529	112	266	190	12	39	73	86	no
530	11	106	192	220	4	73	17	no
531	167	267	72	221	18	178	59	
532	93	77	144	19	23	201	23	
533	73	260	191	222	28	202	26	
534	196	84	193	168	128	203	12	
535	220	29	2	33	25	11	17	no
536	14	30	49	11	49	11	13	no
537	119	151	197	79	4	205	105	no
538	119	151	168	201	4	205	105	no
539	31	299	198	19	26	206	18	no
540	42	223	31	12	26	171	57	no
541	17	296	13	224	95	31	26	no
542	175	16	195	187	31	165	17	no
543	188	106	199	225	2	3	1	no
544	42	297	196	19	137	204	57	no
545	221	298	31	226	26	171	37	no
546	84	149	19	46	139	37	144	no
547	84	268	202	227	4	203	145	no
548	11	269	27	228	26	133	79	no
549	19	270	203	11	60	43	147	no
550	5	147	31	229	46	10	57	no
551	15	6	19	19	108	45	108	no
552	36	271	25	231	113	209	23	no
553	81	106	61	89	46	110	24	no
554	105	156	123	127	19	13	47	no
555	6	274	77	229	46	211	150	no
556	197	226	25	234	10	18	151	no
557	3	4	19	4	29	4	152	3
558	173	82	73	235	4	5	26	no
559	26	153	49	236	50	145	153	no
560	3	28	19	4	29	4	22	3
561	22	212	17	13	8	19	14	no
562	42	109	81	237	143	11	155	no
563	198	14	205	29	26	46	23	no
564	31	106	135	74	37	212	54	no
565	33	276	206	5	10	213	94	no
566	31	277	207	238	144	214	108	no
567	110	4	16	73	1	216	71	no
568	21	15	1	23	23	48	16	36
569	3	278	19	4	29	4	22	3
570	3	71	19	4	29	4	22	3
571	3	226	19	4	29	4	22	3
572	3	209	19	4	29	4	22	3
573	3	147	19	4	29	4	22	3
574	3	224	19	4	29	4	22	3
575	167	152	109	19	145	219	12	no
576	28	171	113	82	26	63	50	no
577	3	167	19	4	29	4	22	3
578	3	256	19	4	29	4	22	3
579	3	131	19	4	29	4	22	3
580	35	279	85	100	26	84	1	no
581	3	169	19	4	29	4	22	3
582	3	84	19	4	29	4	22	3
583	3	1	82	50	4	78	66	no
584	196	4	193	168	128	203	12	no
585	201	4	67	76	92	127	98	no
586	202	111	208	242	4	54	57	no
587	31	4	135	91	19	221	26	no
588	26	4	182	208	61	189	17	no
589	137	282	19	211	18	136	137	no
590	28	283	21	30	20	23	24	49
591	35	48	101	167	80	222	57	no
592	196	48	193	168	128	203	12	no
593	60	4	123	215	23	3	24	no
594	204	4	127	19	26	18	1	no
595	80	153	25	243	114	224	55	no
596	3	48	19	175	28	37	26	no
597	205	48	3	50	23	8	12	no
598	3	48	61	244	66	78	26	no
599	126	4	123	66	46	7	26	no
600	206	90	209	245	18	225	33	no
601	5	4	144	162	26	11	107	no
602	35	4	75	246	73	116	157	no
603	187	284	61	206	18	8	134	no
604	188	131	82	88	63	187	1	799
605	33	286	31	248	55	82	1	no
606	114	46	39	47	26	47	34	no
607	95	34	211	249	74	89	70	no
608	97	287	150	243	142	229	79	no
609	207	288	91	251	146	230	12	no
610	146	180	19	88	73	11	2	no
611	3	4	19	4	29	4	33	3
612	5	289	26	76	26	11	51	no
613	112	290	212	150	4	37	160	no
614	5	71	144	162	26	11	24	no
615	76	291	214	76	26	26	105	no
616	11	48	17	48	26	48	26	345
617	5	292	215	253	23	105	86	no
618	10	293	78	255	54	7	23	no
619	214	169	25	74	21	69	135	no
620	41	41	36	41	36	39	32	no
621	116	40	36	41	36	39	32	no
622	60	67	4	151	43	63	23	no
623	95	4	19	4	29	4	22	3
624	3	4	73	13	4	214	33	no
625	29	5	22	12	20	69	25	50
626	28	13	70	19	26	7	22	no
627	218	2	180	29	26	233	68	no
628	19	159	4	13	54	96	68	no
629	71	50	192	132	69	127	24	no
630	19	17	21	260	24	23	24	no
631	222	128	21	69	46	236	12	no
632	47	300	200	262	138	45	94	no
633	31	301	19	88	50	37	24	no
634	7	302	4	26	6	18	26	no
635	48	5	41	261	140	7	108	no
636	223	106	31	221	45	171	165	no
637	224	90	201	19	4	238	68	no
638	42	75	64	67	26	237	50	155
639	21	111	1	23	23	21	16	36
640	28	310	38	270	154	240	71	no
641	3	104	219	13	26	239	166	no
642	230	276	187	5	50	5	167	no
643	31	106	135	74	37	173	168	no
644	44	304	181	263	153	210	173	no
645	226	25	97	75	26	62	1	no
646	3	13	220	38	18	9	23	no
647	227	184	188	191	28	168	23	no
648	228	261	25	264	28	11	172	no
649	79	307	222	27	29	69	17	no
650	60	308	89	73	55	216	171	no
651	42	311	31	29	26	246	87	no
652	31	312	25	271	26	247	24	no
653	17	57	166	23	44	28	36	110
654	35	110	29	78	10	86	51	no
655	4	4	19	4	29	4	22	3
656	11	293	192	220	71	73	17	no
657	31	106	135	74	26	212	54	no
658	51	4	77	84	60	8	33	no
659	12	146	117	29	28	10	54	no
660	195	263	187	75	24	198	26	no
661	3	4	19	4	26	4	22	3
662	3	4	19	4	18	4	22	3
663	60	108	86	98	29	45	51	120
664	26	313	25	272	28	11	20	no
665	3	314	225	175	157	178	62	no
666	98	4	62	190	156	248	23	no
667	225	104	226	201	50	249	17	no
668	51	73	141	13	18	250	24	no
669	203	152	224	69	18	11	26	no
670	106	315	31	29	158	11	174	no
671	35	110	227	78	10	86	51	no
672	1	147	19	4	29	4	22	3
673	11	117	123	184	159	169	57	no
674	83	82	73	83	4	77	58	no
675	31	316	25	274	71	73	62	no
676	60	106	31	72	66	62	65	no
677	26	317	228	275	28	49	23	no
678	231	261	209	276	21	5	99	no
679	19	318	4	13	54	96	175	no
680	83	308	31	35	31	78	23	no
681	26	16	13	7	18	32	7	no
682	102	212	13	69	23	5	26	no
683	47	58	30	19	71	74	26	no
684	49	209	30	50	112	37	23	no
685	101	124	89	13	4	101	73	no
686	70	175	25	185	49	74	62	no
687	29	298	75	123	4	18	46	no
688	26	25	144	117	4	104	33	no
689	93	224	75	138	117	223	124	no
690	230	276	99	5	50	5	167	no
691	27	43	61	113	50	54	44	no
692	47	58	61	76	26	37	26	no
693	3	230	61	268	2	46	2	no
694	205	41	81	135	26	79	61	no
695	11	219	70	279	4	252	47	no
696	147	181	127	19	39	18	176	no
697	232	56	13	23	56	11	36	no
698	232	323	3	283	160	32	36	no
699	234	285	230	278	31	177	57	no
700	158	5	22	277	20	61	2	no
701	52	90	67	280	26	96	42	no
702	52	198	144	27	4	3	177	no
703	158	116	14	281	54	43	26	no
704	26	125	99	167	153	251	160	no
705	42	319	123	151	161	61	24	no
706	26	320	99	167	162	251	160	no
707	232	56	229	23	56	11	36	no
708	5	88	229	82	18	218	178	no
709	232	56	80	23	56	11	36	no
710	100	321	80	217	131	185	12	no
711	25	322	13	282	33	32	2	no
712	5	25	31	229	163	112	57	no
713	27	324	61	113	50	54	44	no
714	233	75	64	67	55	252	50	no
715	28	325	31	284	4	80	179	no
716	5	23	187	53	26	253	23	no
717	60	67	4	151	43	63	180	no
718	111	7	232	12	166	257	182	no
719	58	332	10	8	28	33	183	no
720	236	40	38	209	28	190	94	no
721	60	143	233	29	47	78	17	no
722	26	16	234	7	18	32	7	no
723	232	141	3	54	160	258	90	no
724	42	333	74	288	24	171	13	no
725	47	335	61	289	114	78	26	no
726	237	165	98	291	167	11	77	no
727	31	115	200	12	168	91	68	no
728	232	56	3	23	56	11	36	no
729	86	300	17	55	12	54	86	no
730	214	329	30	19	165	69	26	no
731	20	25	205	6	7	11	4	32
732	241	330	205	253	28	22	188	no
733	20	25	77	191	7	11	5	34
734	235	22	25	273	164	254	20	no
735	4	13	11	38	18	46	23	no
736	63	326	231	13	48	120	24	no
737	45	336	143	7	171	255	36	no
738	45	177	140	158	4	132	104	no
739	17	331	235	23	33	137	94	no
740	36	285	25	250	26	227	26	no
741	26	16	41	224	31	32	23	no
742	31	16	32	36	33	11	19	no
743	17	64	137	60	94	11	51	no
744	31	82	236	35	23	26	51	no
745	298	420	1	366	31	116	23	no
746	56	16	237	8	33	59	20	no
747	35	84	38	21	31	35	37	no
748	17	327	13	8	172	32	181	no
749	5	71	238	162	26	11	107	no
750	17	57	52	285	44	28	36	110
751	21	15	3	23	23	21	16	36
752	56	16	32	286	14	11	19	no
753	158	131	31	287	128	43	189	no
754	20	25	15	88	7	11	4	32
755	31	334	3	55	4	259	23	no
756	28	84	217	290	28	260	184	no
757	196	84	80	124	128	158	12	no
758	238	106	75	123	30	11	46	no
759	239	16	13	8	49	261	23	no
760	142	16	10	7	14	24	20	412
761	47	52	19	287	24	43	37	no
762	240	337	240	19	169	262	185	no
763	33	280	239	292	23	263	83	no
764	27	327	13	23	33	32	2	no
765	61	117	35	19	26	92	186	no
766	22	338	241	205	4	265	86	no
767	111	239	205	195	28	46	23	no
768	29	339	75	123	30	18	46	no
769	196	84	80	294	170	158	12	no
770	97	287	150	243	142	229	187	no
771	20	296	3	187	26	6	2	no
772	195	263	187	75	23	198	190	no
773	17	340	6	295	94	23	7	no
774	26	330	223	293	28	264	104	no
775	31	16	13	36	33	11	19	no
776	49	314	38	219	26	203	26	no
777	51	104	178	146	28	45	12	no
778	28	23	31	198	4	80	179	no
779	100	122	31	69	47	202	99	no
780	44	297	73	33	53	101	33	no
781	31	132	73	13	4	145	1	no
782	35	104	26	13	100	5	47	no
783	28	4	82	88	63	140	1	8
784	35	43	38	21	31	37	37	no
785	35	138	101	116	80	4	57	no
786	98	4	112	107	77	4	23	no
787	3	4	19	4	29	48	22	3
788	98	4	30	32	77	48	82	no
789	14	30	141	78	4	35	13	no
790	51	73	46	13	18	249	24	no
791	5	41	217	198	26	48	48	no
792	230	167	136	224	50	177	17	no
793	242	16	195	187	31	165	17	no
794	233	75	64	67	26	7	17	155
795	36	273	3	232	28	27	149	no
796	233	106	242	296	41	267	33	no
797	243	341	173	181	113	266	191	no
798	178	272	3	76	141	210	26	no
799	28	4	82	88	63	187	1	799
800	214	342	3	297	61	14	23	no
801	3	153	243	185	69	262	26	no
802	98	286	244	206	174	224	155	no
803	155	106	181	19	175	248	23	no
804	144	92	69	114	54	71	192	no
805	35	343	89	29	61	188	13	no
806	244	41	107	42	37	40	33	no
807	176	197	245	298	6	39	66	no
808	69	87	119	117	46	111	12	no
809	215	344	144	76	48	232	26	no
810	28	144	116	138	26	177	61	no
811	29	7	22	12	20	22	24	50
812	11	48	82	48	26	48	26	345
813	33	261	93	151	176	52	194	no
814	27	226	73	27	26	18	37	no
815	71	345	246	167	177	69	47	no
816	3	111	167	188	116	5	33	no
817	48	5	41	299	140	7	108	no
818	245	346	239	300	19	269	99	no
819	246	235	25	126	26	11	42	no
820	247	250	209	248	26	130	13	no
821	10	106	31	18	23	150	26	no
822	218	347	180	35	23	270	195	no
823	25	106	25	270	27	271	47	no
824	19	82	226	301	69	54	86	no
825	31	276	135	74	37	212	54	no
826	31	348	247	224	26	5	189	no
827	213	106	24	253	10	5	94	no
828	5	41	135	19	173	272	23	no
829	28	106	82	27	18	69	26	no
830	1	4	25	4	29	4	196	no
831	28	349	102	284	4	141	26	no
832	28	349	102	284	26	141	26	no
833	49	350	90	89	4	11	51	no
834	19	351	25	302	157	274	197	no
835	26	104	210	303	28	275	61	no
836	207	104	210	304	28	276	61	no
837	55	15	31	305	18	58	46	114
838	55	352	4	26	6	18	26	no
839	248	104	67	306	28	78	198	no
840	51	115	248	19	178	204	199	no
841	51	43	62	307	50	82	12	no
842	249	353	249	308	37	216	200	no
843	167	4	152	103	107	153	47	no
844	254	193	151	169	26	152	201	no
845	35	154	25	50	26	277	112	no
846	60	354	250	305	26	54	84	no
847	148	355	74	19	127	101	202	no
848	251	235	63	311	174	278	17	no
849	5	58	251	129	120	45	203	no
850	207	356	118	220	179	279	23	no
851	73	108	67	312	18	231	108	no
852	253	106	141	112	31	11	51	no
853	257	34	81	19	23	117	98	no
854	255	272	75	108	47	3	94	no
855	256	214	145	13	28	43	47	no
856	3	106	31	168	21	5	9	no
857	51	290	201	292	65	73	26	no
858	12	91	38	73	78	46	47	no
859	208	300	213	29	147	46	24	no
860	35	53	134	19	26	71	41	no
861	28	106	82	204	31	7	26	no
862	181	4	67	151	6	263	13	no
863	2	198	72	94	26	7	94	no
864	3	230	61	268	2	245	2	no
865	35	138	101	116	80	3	57	no
866	111	5	77	34	20	171	24	no
867	44	24	193	41	128	203	29	no
868	174	84	193	66	3	156	38	no
869	114	104	38	19	18	23	17	no
870	212	195	11	69	18	45	153	no
871	126	254	204	19	46	180	57	no
872	93	106	75	205	117	61	47	no
873	7	106	220	19	26	203	33	no
874	230	283	31	29	39	96	23	no
875	151	34	31	229	26	3	51	no
876	81	156	30	67	46	23	115	no
877	176	197	71	160	6	39	66	no
878	33	283	31	201	23	18	23	no
879	204	226	127	181	26	171	1	no
880	7	217	61	76	128	131	64	no
881	153	13	134	13	83	3	9	no
882	61	298	71	19	28	92	51	no
883	3	141	31	29	151	10	77	no
884	153	153	134	46	83	46	94	no
885	51	23	206	248	26	252	17	no
886	51	4	19	4	29	4	22	3
887	137	198	144	82	18	152	86	no
888	28	39	230	19	61	195	1	no
889	92	106	74	102	28	3	20	no
890	92	106	25	102	28	3	20	no
891	208	300	213	76	147	46	24	no
892	8	168	98	13	56	45	57	no
893	10	58	62	95	50	85	2	no
894	35	269	101	167	80	79	57	no
895	80	43	49	74	26	7	34	no
896	28	17	21	119	20	23	24	49
897	205	106	19	3	26	120	57	no
898	227	357	188	191	28	168	23	no
899	47	58	67	19	21	195	26	no
900	33	212	220	318	23	18	153	no
901	133	4	134	306	74	284	205	no
902	237	25	145	319	26	176	54	no
903	31	312	25	313	26	247	24	no
904	145	136	18	314	4	280	57	no
905	60	22	217	315	26	78	26	no
906	31	50	77	316	1	61	57	no
907	35	82	81	317	26	135	26	no
908	188	106	199	29	26	283	9	no
909	22	106	178	13	165	285	41	no
910	112	217	93	163	6	286	23	no
911	175	72	168	216	130	281	32	no
912	180	139	3	35	26	282	13	no
913	112	132	201	13	4	238	206	no
914	112	132	201	13	4	238	207	no
915	19	330	76	19	61	3	208	no
916	98	4	112	107	77	97	204	no
917	44	106	19	126	28	268	193	no
918	29	339	75	123	4	18	46	no
919	93	224	75	139	117	223	124	no
920	3	34	103	74	111	292	210	no
921	131	221	19	325	182	163	26	no
922	258	361	254	326	183	293	211	no
923	201	101	255	135	26	294	17	no
924	3	8	72	327	26	79	212	no
925	259	362	256	328	4	295	37	no
926	151	363	31	229	26	3	30	no
927	97	364	135	329	184	45	213	no
928	175	365	144	330	28	11	26	no
929	132	165	257	110	28	116	12	no
930	97	25	258	29	185	37	1	no
931	42	147	72	136	66	296	214	no
932	260	366	76	331	21	146	61	no
933	31	367	259	332	83	3	23	no
934	126	368	25	333	50	297	33	no
935	261	369	187	334	4	298	59	no
936	262	370	78	335	186	286	215	no
937	28	4	64	88	63	69	26	8
938	97	25	258	336	23	37	188	no
939	3	131	210	126	28	226	24	no
940	272	4	25	108	190	263	86	no
941	44	372	61	90	26	262	12	no
942	42	117	31	13	187	46	23	no
943	265	104	261	41	34	233	41	no
944	111	17	262	123	85	37	87	no
945	266	316	263	337	150	11	62	no
946	42	1	80	27	60	300	20	no
947	133	373	71	170	189	74	86	no
948	51	104	3	338	46	45	24	no
949	31	336	264	339	26	45	24	no
950	3	374	31	214	26	119	54	no
951	42	153	61	340	56	17	9	no
952	269	25	266	280	50	78	94	no
953	270	51	61	341	4	301	37	no
954	271	4	267	170	188	302	2	no
955	264	364	67	330	184	11	132	no
956	48	5	260	261	140	7	108	no
957	267	372	61	181	21	262	12	no
958	268	123	265	98	18	303	54	no
959	31	371	67	13	4	299	1	no
960	43	41	27	42	37	40	33	no
961	5	137	125	50	23	196	79	961
962	11	48	112	48	26	48	26	345
963	51	25	30	314	23	78	26	no
964	170	224	75	139	50	18	124	no
965	158	23	65	74	66	154	33	no
966	12	312	25	342	26	37	132	no
967	93	375	71	29	4	45	17	no
968	115	376	31	35	47	69	26	no
969	81	212	75	84	63	26	47	no
970	27	324	61	343	50	54	44	no
971	27	8	166	19	28	46	121	no
972	31	377	268	224	26	73	23	no
973	27	324	61	263	50	54	216	no
974	31	136	60	180	191	212	132	no
975	42	134	99	164	26	41	26	no
976	3	378	269	19	192	46	33	no
977	26	212	91	69	23	5	26	no
978	273	41	183	135	26	79	212	no
979	80	379	269	150	192	304	57	no
980	274	106	270	280	46	78	94	NO
981	175	22	168	121	130	17	73	no
982	109	136	114	201	83	107	83	no
983	27	324	61	164	50	54	44	no
984	49	209	249	50	112	37	23	no
985	28	106	82	251	18	38	2	no
986	48	5	41	299	140	305	108	no
987	196	380	19	29	193	176	61	no
988	51	381	31	39	18	3	20	no
989	44	149	271	198	26	41	26	no
990	104	252	272	29	26	306	23	no
991	55	15	31	55	18	26	46	114
992	9	213	165	82	2	46	1	no
993	275	376	31	35	47	69	26	no
994	60	104	210	126	28	226	159	no
995	30	276	75	171	61	73	57	no
996	270	371	273	120	23	238	26	no
997	175	43	274	253	194	190	9	no
998	167	2	109	293	28	307	105	no
999	270	371	275	120	23	238	26	no
1000	82	168	25	206	151	27	48	no
1001	60	127	89	73	55	216	171	no
1002	69	92	69	267	54	71	24	no
1003	60	217	31	18	106	150	26	no
1004	49	153	31	299	50	308	23	no
1005	84	383	62	117	195	46	132	no
1006	132	384	209	27	49	226	26	no
1007	44	89	31	73	46	309	86	no
1008	112	25	187	47	61	5	47	no
1009	264	217	67	46	184	3	132	no
1010	82	168	25	91	151	27	48	no
1011	217	195	31	19	23	95	94	no
1012	175	113	204	230	31	207	135	no
1013	60	284	4	53	43	63	23	no
1014	205	385	89	76	23	95	26	no
1015	100	386	65	148	30	37	51	no
1016	28	4	276	88	63	69	1	no
1017	3	111	167	188	116	310	33	no
1018	31	343	207	201	144	7	108	
1019	158	261	226	299	2	192	54	
1020	175	4	277	344	49	311	26	
1021	82	387	278	19	60	69	24	
1022	36	188	146	164	26	3	1	
1023	36	343	31	76	98	11	84	
1024	196	84	193	41	128	312	12	no
1025	80	131	25	334	28	73	26	no
1026	71	230	62	14	4	313	26	no
1027	60	94	89	82	26	37	23	no
1028	12	184	188	191	28	168	23	no
1029	35	149	187	345	196	54	24	no
1030	21	15	1	23	23	37	16	36
1031	48	111	167	35	116	310	33	no
1032	230	139	279	347	26	203	26	no
1033	3	390	280	175	31	39	26	no
1034	132	391	31	29	197	314	26	no
1035	31	115	22	12	4	91	68	
1036	5	303	173	237	152	318	23	
1037	5	71	144	162	74	11	24	
1038	5	25	284	162	26	11	24	
1039	14	30	49	78	27	11	13	
1040	47	8	166	19	79	45	121	
1041	26	290	285	191	31	231	222	
1042	276	104	123	34	2	11	2	
1043	26	220	168	47	11	168	122	
1044	175	106	173	186	36	11	79	
1045	169	104	151	73	36	46	94	
1046	215	104	218	258	183	232	17	
1047	98	131	217	178	174	319	223	
1048	6	6	3	17	11	35	57	
1049	42	392	281	72	21	94	9	
1050	60	67	4	167	43	63	135	
1051	83	139	70	27	198	315	219	
1052	3	147	15	348	47	177	13	
1053	31	393	282	171	18	110	86	
1054	104	131	283	27	4	316	220	
1055	7	236	62	306	6	18	221	
1056	40	167	140	151	50	135	17	
1057	3	394	177	349	199	43	9	
1058	26	395	177	76	31	317	155	
1059	3	394	273	349	199	43	9	
1060	224	90	273	19	4	238	68	
1061	183	396	172	27	23	182	57	
1062	80	263	290	96	28	7	23	
1063	28	104	97	70	47	11	17	
1064	277	403	77	29	69	63	57	
1065	60	388	239	74	165	89	217	
1066	19	21	15	13	4	10	26	
1067	9	29	141	27	50	100	61	
1068	155	279	25	317	26	323	26	
1069	35	147	102	74	26	14	51	
1070	155	29	141	27	50	100	61	
1071	19	153	203	91	18	324	147	
1072	111	404	164	149	115	164	118	
1073	117	405	291	353	28	5	26	
1074	33	51	168	50	21	78	57	
1075	4	51	168	50	21	78	57	
1076	33	13	11	74	60	9	23	
1077	33	226	3	19	200	65	24	
1078	181	25	11	69	18	52	178	
1079	3	13	11	38	18	9	224	
1080	278	402	239	310	78	322	225	
1081	4	13	220	38	18	9	23	
1082	279	186	287	351	78	36	226	
1083	133	67	288	352	43	63	23	
1084	5	124	89	13	4	101	26	
1085	51	100	289	29	26	45	26	
1086	135	138	101	167	80	273	57	
1087	83	49	62	70	181	289	57	
1088	162	286	64	150	11	158	51	
1089	230	286	64	272	28	163	23	
1090	19	330	76	19	61	320	39	
1091	280	25	97	19	26	321	33	
1092	26	106	31	73	26	11	23	
1093	124	397	31	74	28	116	94	
1094	281	398	244	27	126	11	37	
1095	31	353	67	288	23	123	26	
1096	162	399	31	150	11	158	51	
1097	47	58	53	76	26	37	26	
1098	132	400	31	350	28	171	57	
1099	209	380	286	98	49	38	26	
1100	51	401	77	84	60	8	33	
1101	248	16	27	353	26	7	26	no
1102	282	153	203	91	26	191	68	no
1103	53	58	47	19	50	195	26	no
1104	36	285	292	354	26	227	26	no
1105	283	82	31	355	53	45	13	no
1106	35	352	151	47	26	325	1	no
1107	116	251	72	76	45	184	26	no
1108	28	4	245	88	63	187	1	799
1109	80	252	160	179	26	10	23	no
1110	31	366	264	339	26	45	24	no
1111	173	406	73	47	4	116	227	no
1112	284	343	293	191	23	326	132	no
1113	34	4	216	151	201	327	33	no
1114	110	407	70	76	78	328	148	no
1115	285	13	60	171	21	329	23	no
1116	17	16	13	7	24	16	228	no
1117	286	104	19	181	187	131	57	no
1118	287	103	18	167	23	45	68	no
1119	42	157	31	357	6	113	71	no
1120	83	82	221	83	4	77	58	no
1121	232	408	31	29	26	166	71	no
1122	288	238	3	194	202	11	13	no
1123	53	61	56	23	4	11	19	
1124	198	409	35	356	26	92	186	
1125	144	410	31	248	43	171	26	
1126	80	411	25	243	26	180	229	
1127	60	106	25	358	203	50	99	
1128	31	16	13	14	33	54	19	no
1129	17	56	294	23	160	7	36	no
1130	5	52	27	13	46	330	77	no
1131	17	323	3	19	21	32	20	no
1132	56	16	13	286	14	11	19	no
1133	214	329	30	19	26	69	26	no
1134	137	212	19	139	129	46	14	no
1135	63	326	231	191	48	120	24	no
1136	31	327	13	157	14	3	20	no
1137	45	336	143	7	14	46	20	no
1138	10	159	31	88	26	109	57	no
1139	3	415	19	4	29	4	22	3
1140	19	295	295	223	136	11	13	no
1141	51	57	75	353	45	78	231	no
1142	26	118	13	321	33	32	155	no
1143	10	323	296	15	14	160	2	no
1144	3	53	297	13	50	334	187	no
1145	158	131	298	287	128	43	189	no
1146	36	285	292	250	26	227	26	no
1147	292	154	25	50	73	35	23	no
1148	293	16	13	57	24	16	20	no
1149	59	417	95	361	14	32	232	no
1150	56	16	237	362	33	59	20	no
1151	47	328	299	13	2	256	23	no
1152	3	16	192	363	206	335	2	no
1153	49	16	13	364	33	31	2	no
1154	5	137	125	50	23	105	79	961
1155	17	323	6	23	171	29	155	no
1156	294	39	300	167	106	11	26	no
1157	142	16	13	105	33	59	2	no
1158	17	327	13	36	15	336	20	no
1159	295	418	146	365	45	11	233	no
1160	153	191	70	19	6	8	1	no
1161	190	15	31	55	18	58	1	114
1162	21	15	1	7	23	2	16	36
1163	1	5	141	88	45	11	132	no
1164	21	15	30	23	23	78	16	36
1165	296	5	141	88	45	11	132	no
1166	297	124	89	13	4	101	73	
1167	55	15	31	55	54	337	46	114
1168	22	358	19	368	4	170	44	no
1169	299	421	301	367	207	72	80	no
1170	3	419	91	146	70	11	234	no
1171	17	419	91	146	70	16	20	no
1172	3	23	19	4	29	4	22	3
1173	47	58	53	195	50	37	26	no
1174	93	19	6	19	24	93	81	no
1175	21	23	1	23	23	21	16	no
1176	39	23	1	39	3	37	30	no
1177	29	12	1	12	20	22	25	no
1178	7	27	34	27	28	8	2	no
1179	21	4	1	23	23	21	16	no
1180	12	178	25	153	27	21	54	no
1181	3	4	1	188	116	167	33	no
1182	17	422	302	314	26	2	81	no
1183	28	25	70	369	28	10	23	no
1184	19	295	31	223	136	11	13	no
1185	247	360	113	324	54	3	7	no
1186	300	423	303	187	99	257	12	no
1187	247	360	113	324	54	3	2	no
1188	152	239	31	34	208	224	2	no
1189	47	139	53	19	50	143	86	no
1190	20	25	15	6	209	11	4	no
1191	27	84	127	370	54	124	37	no
1192	29	7	22	12	20	338	24	no
1193	114	293	39	47	26	11	207	no
1194	22	424	124	139	210	18	18	no
1195	35	138	101	167	80	3	57	no
1196	200	281	304	82	26	7	157	no
1197	28	153	25	156	24	206	51	no
1198	49	423	303	187	99	257	12	no
1199	19	147	305	3	211	279	23	no
1200	19	295	31	223	4	11	13	no
1201	152	141	17	76	99	5	235	no
1202	111	5	241	34	20	171	24	no
1203	12	219	3	19	65	45	61	no
1204	264	364	67	330	184	14	1	no
1205	93	425	25	19	24	93	236	no
1206	26	412	182	359	204	331	230	no
1207	289	5	22	277	20	332	2	no
1208	290	34	3	108	18	333	105	no
1209	35	413	25	360	18	45	9	no
1210	270	414	194	13	205	5	57	no
1211	20	31	15	13	7	11	5	no
1212	31	299	21	29	26	186	237	no
1213	301	426	65	252	212	71	54	no
1214	3	87	192	363	206	335	2	
1215	3	131	226	13	28	226	159	
1216	7	217	61	76	102	131	2	
1217	28	282	114	224	55	178	189	
1218	77	402	97	150	23	54	2	
1219	83	308	31	35	26	78	23	
1220	97	314	64	150	142	107	79	
1221	100	141	231	81	50	153	94	
1222	100	106	162	229	18	153	33	
1223	104	400	61	13	55	141	24	
1224	110	4	61	366	142	11	23	
1225	117	13	97	69	26	190	23	
1226	171	222	276	126	4	62	23	
1227	233	75	64	27	193	45	26	
1228	51	4	77	67	213	8	24	no
1229	42	88	113	242	18	99	23	no
1230	152	57	4	14	213	54	14	no
1231	47	58	53	13	50	37	26	no
1232	5	106	31	214	2	142	106	no
1233	31	106	135	19	26	62	54	no
1234	302	133	286	151	18	340	37	no
1235	11	75	64	151	124	7	50	no
1236	295	104	3	176	28	37	51	no
1237	26	428	19	220	23	278	9	no
1238	5	106	307	13	2	142	106	no
1239	148	355	74	103	127	101	202	no
1240	9	21	15	185	4	10	26	no
1241	303	25	246	185	31	252	73	no
1242	303	25	306	185	31	252	73	no
1243	132	16	286	371	26	76	54	no
1244	11	106	192	19	71	73	17	no
1245	11	106	306	220	71	73	17	no
1246	36	131	44	67	102	5	37	no
1247	126	25	123	103	103	7	26	no
1248	9	213	257	185	2	46	1	no
1249	44	58	257	371	4	3	238	no
1250	19	106	81	372	31	5	33	no
1251	5	303	173	373	152	318	23	no
1252	134	104	131	374	91	69	2	no
1253	295	418	146	365	45	11	1	no
1254	29	339	75	225	54	18	24	no
1255	47	328	168	13	2	256	23	no
1256	60	197	31	18	106	150	26	no
1257	12	180	81	19	21	11	17	no
1258	26	317	228	225	28	49	23	no
1259	5	429	68	19	215	341	87	no
1260	295	418	146	365	45	11	94	no
1261	137	57	22	285	45	171	24	no
1262	42	431	200	75	216	46	24	no
1263	214	342	220	297	61	14	23	no
1264	137	279	70	376	4	344	14	no
1265	93	118	6	19	26	93	81	no
1266	95	119	93	242	74	89	70	no
1267	17	340	309	57	94	345	7	no
1268	80	88	111	377	37	95	61	no
1269	119	101	31	333	46	11	38	no
1270	28	164	310	378	23	82	57	no
1271	11	432	102	353	41	267	26	no
1272	132	136	311	19	46	260	157	no
1273	304	84	312	76	217	210	26	no
1274	93	13	31	379	117	346	80	no
1275	305	139	24	5	195	27	94	no
1276	4	13	11	74	60	9	23	no
1277	306	438	31	19	218	45	217	no
1278	42	13	11	91	18	9	23	no
1279	28	144	116	138	219	177	61	no
1280	188	261	199	331	69	3	1	no
1281	49	13	31	237	50	11	220	no
1282	31	334	75	55	4	347	23	no
1283	104	406	313	380	69	339	26	no
1284	41	388	70	89	23	348	157	no
1285	49	13	31	381	50	11	220	no
1286	252	104	307	33	26	273	17	no
1287	236	106	39	106	50	54	33	no
1288	303	25	306	151	31	252	73	no
1289	2	410	315	19	129	82	42	no
1290	137	434	316	123	128	138	2	no
1291	240	424	240	382	222	262	240	no
1292	152	57	17	14	99	54	14	no
1293	28	59	61	257	114	50	23	no
1294	44	13	317	50	26	352	23	no
1295	95	34	211	242	74	89	70	no
1296	3	25	187	75	26	166	57	no
1297	309	111	167	188	116	355	61	no
1298	2	198	72	94	26	11	94	no
1299	3	111	167	188	116	18	33	no
1300	20	245	31	230	61	157	23	no
1301	112	104	307	13	23	339	54	no
1302	44	260	31	67	26	200	99	no
1303	1	319	70	161	176	11	86	no
1304	82	411	306	148	142	184	57	no
1305	33	261	39	88	4	45	23	no
1306	92	154	25	40	28	78	187	no
1307	135	304	233	29	56	45	24	no
1308	19	261	77	126	60	54	20	no
1309	158	23	153	74	66	154	33	no
1310	135	365	233	353	56	45	24	no
1311	10	172	30	256	19	18	71	no
1312	209	363	109	75	28	125	216	no
1313	169	226	3	50	23	8	33	no
1314	2	106	31	38	2	207	33	no
1315	12	130	86	91	4	102	23	no
1316	71	77	25	3	50	62	48	no
1317	34	22	74	29	26	7	104	no
1318	51	4	218	84	60	8	33	no
1319	209	352	89	112	60	27	13	no
1320	42	343	89	13	61	188	50	no
1321	210	50	77	84	37	46	23	no
1322	182	355	3	335	26	78	128	no
1323	278	15	31	55	18	58	23	no
1324	278	15	31	55	46	39	71	no
1325	201	13	84	271	26	294	17	no
1326	114	159	75	108	4	50	94	no
1327	3	104	226	314	50	65	57	no
1328	80	106	34	237	50	96	26	no
1329	98	25	208	109	4	297	116	no
1330	19	74	61	69	48	11	62	no
1331	81	90	25	365	26	177	23	no
1332	175	212	25	150	26	78	33	no
1333	147	159	31	69	26	216	13	no
1334	6	252	39	267	155	243	24	no
1335	3	13	31	327	11	43	24	no
1336	44	235	19	69	18	262	26	no
1337	28	380	25	185	43	116	57	no
1338	84	268	202	227	4	43	145	no
1339	251	4	220	313	50	296	23	no
1340	250	405	180	185	26	11	26	no
1341	158	367	98	227	4	7	188	no
1342	28	248	19	30	20	23	26	no
1343	95	34	211	242	74	45	70	no
1344	92	106	25	272	28	214	20	no
1345	1	307	146	50	128	27	57	no
1346	42	248	19	76	127	46	69	no
1347	49	323	25	29	1	39	17	no
1348	123	139	25	27	4	180	24	no
1349	175	130	77	112	4	11	57	no
1350	135	168	98	33	56	11	33	no
1351	79	23	40	330	26	195	135	no
1352	11	106	192	220	71	73	17	no
1353	190	15	31	55	18	58	23	no
1354	44	357	31	229	6	37	24	no
1355	10	147	113	383	4	367	17	no
1356	87	99	209	87	50	5	54	no
1357	162	399	80	150	11	158	51	no
1358	10	440	322	33	18	359	1	no
1359	4	13	11	384	18	9	23	no
1360	93	118	6	19	24	41	81	no
1361	17	16	6	385	224	28	7	no
1362	311	153	288	72	50	3	33	no
1363	5	137	125	78	23	105	79	no
1364	123	443	325	82	231	11	68	no
1365	29	339	75	34	30	54	46	no
1366	26	16	324	386	33	137	2	no
1367	313	106	199	117	26	3	1	no
1368	22	453	3	353	230	362	14	no
1369	316	297	75	387	229	361	57	no
1370	317	452	19	76	225	110	23	no
1371	318	25	61	229	228	41	17	no
1372	17	29	10	7	14	24	242	no
1373	56	451	31	157	31	32	20	no
1374	146	450	19	151	73	11	23	no
1375	319	449	323	388	56	160	12	no
1376	320	448	89	177	28	11	160	no
1377	321	117	3	383	23	23	24	no
1378	322	167	31	391	50	285	12	no
1379	51	151	31	19	26	78	187	no
1380	323	447	244	215	226	360	217	no
1381	81	304	62	27	4	47	9	no
1382	115	106	3	12	24	43	86	no
1383	207	104	30	303	28	275	61	no
1384	324	167	31	391	50	285	12	no
1385	34	4	216	390	4	327	33	no
1386	247	445	320	389	220	357	243	no
1387	325	446	321	6	4	280	57	no
1388	69	92	17	114	225	91	24	no
1389	28	13	11	91	18	9	23	no
1390	24	13	34	13	23	96	51	no
1391	36	106	194	13	205	285	24	no
1392	28	79	233	29	47	23	38	no
1393	82	154	325	74	142	191	61	no
1394	42	84	31	17	104	129	51	no
1395	102	294	89	82	23	250	240	no
1396	8	83	70	13	28	27	207	no
1397	28	4	85	88	63	249	233	no
1398	47	197	63	191	31	205	9	no
1399	3	131	249	126	28	226	159	no
1400	26	58	53	19	26	119	26	no
1401	209	232	19	260	50	130	12	no
1402	325	117	210	50	197	47	132	no
1403	35	291	326	150	116	26	23	no
1404	310	439	327	394	26	366	36	no
1405	148	444	113	393	73	365	169	no
1406	312	64	329	8	26	364	209	no
1407	81	323	328	115	21	140	62	no
1408	314	106	330	74	61	363	51	no
1409	315	442	121	50	24	37	14	no
1410	100	441	82	76	23	78	24	no
1411	17	327	13	36	227	32	94	no
1412	153	13	134	18	83	3	9	no
1413	2	113	72	94	26	5	23	no
1414	26	16	219	224	33	358	19	no
1415	31	16	192	392	7	356	51	no
1416	327	454	25	229	232	368	33	no
1417	175	153	49	39	233	145	153	no
1418	3	455	226	82	61	46	86	no
1419	326	236	331	26	6	18	26	no
1420	4	230	61	268	2	46	2	no
1421	31	82	236	35	2	99	51	no
1422	31	82	236	35	23	99	51	no
1423	31	82	236	35	23	26	2	no
1424	312	230	61	268	2	46	2	no
1425	312	82	61	268	2	46	2	no
1426	298	82	236	35	23	26	51	no
1427	31	82	236	35	141	26	51	no
1428	132	82	236	35	2	27	51	no
1429	251	82	61	268	2	26	51	no
1430	148	82	61	34	23	26	51	no
1431	132	82	236	106	156	257	2	no
1432	4	230	61	268	61	46	2	no
1433	31	82	236	35	61	27	51	no
1434	31	185	236	35	23	99	51	no
1435	31	82	236	35	23	27	51	no
1436	35	279	25	317	141	323	197	no
1437	5	82	236	106	23	153	2	no
1438	298	82	61	35	2	99	2	no
1439	298	334	61	268	2	153	2	no
1440	4	309	61	268	2	153	2	no
1441	4	309	61	268	2	46	2	no
1442	4	82	61	268	61	153	2	no
1443	298	230	61	268	2	99	2	no
1444	298	82	236	35	2	257	2	no
1445	4	230	61	268	2	99	2	no
1446	328	428	19	19	23	278	9	no
1447	123	456	124	263	41	175	71	no
1448	329	88	31	13	53	5	13	no
1449	330	88	113	242	18	99	23	no
1450	331	39	121	191	165	95	210	no
1451	324	167	31	119	50	285	81	no
1452	332	410	3	71	50	171	208	no
1453	325	136	38	314	4	280	57	no
1454	333	367	31	132	28	241	24	no
1455	3	411	227	134	182	11	66	no
1456	26	212	91	69	23	5	9	no
1457	14	30	141	78	4	195	13	no
1458	11	48	107	48	203	48	197	no
1459	98	135	112	107	77	97	197	no
1460	14	30	141	78	4	84	13	no
1461	35	110	29	78	179	86	51	no
1462	147	181	127	69	141	18	153	no
1463	309	111	167	188	116	355	33	no
1464	62	4	19	4	29	4	22	3
1465	215	48	107	48	203	48	197	no
1466	22	28	17	13	9	19	14	no
1467	4	40	36	41	114	39	26	no
1468	215	4	19	4	29	4	22	3
1469	215	48	3	163	141	48	197	no
1470	11	4	15	150	23	298	233	no
1471	5	440	27	13	54	330	77	no
1472	11	48	107	48	141	48	197	no
1473	4	4	19	4	29	76	22	3
1474	225	252	19	69	4	143	49	no
1475	230	58	53	19	50	37	20	no
1476	104	349	25	282	141	141	51	no
1477	4	230	61	268	2	245	2	no
1478	203	184	224	69	18	11	68	no
1479	150	143	310	243	23	11	68	no
1480	311	252	59	306	141	46	225	no
1481	35	252	59	306	141	38	225	no
1482	311	252	59	306	141	99	225	no
1483	311	252	59	306	141	38	225	no
1484	154	253	89	167	4	148	105	no
1485	27	408	184	334	70	46	233	no
1486	28	125	99	151	50	3	229	no
1487	42	32	209	271	28	221	33	no
1488	51	104	3	73	46	45	24	no
1489	267	355	72	19	23	205	68	no
1490	112	143	25	120	54	11	81	no
1491	115	357	28	67	6	180	137	no
1492	111	239	240	195	24	173	14	no
1493	64	92	31	13	31	37	24	no
1494	44	357	122	229	6	37	24	no
1495	3	193	3	175	28	141	24	no
1496	148	355	74	183	26	101	26	no
1497	35	138	119	116	80	3	57	no
1498	196	84	193	41	128	203	24	no
1499	101	124	19	13	4	101	26	no
1500	101	124	3	13	4	101	26	no
1501	33	13	93	145	83	68	84	no
1502	116	104	72	76	165	275	26	no
1503	89	167	31	119	50	285	81	no
1504	332	411	3	71	50	171	208	no
1505	87	138	101	167	80	3	24	no
1506	137	367	128	125	18	54	86	no
1507	137	235	128	125	18	241	86	no
1508	69	92	69	114	21	91	24	no
1509	11	85	236	229	28	286	8	no
1510	104	131	31	27	4	109	230	no
1511	42	298	31	260	3	186	87	no
1512	3	403	227	134	182	11	66	no
1513	2	113	72	94	37	83	23	no
1514	3	25	227	134	182	11	66	no
1515	126	104	3	133	39	37	26	no
1516	80	82	80	74	4	67	61	no
1517	11	4	19	4	29	4	26	3
1518	2	108	86	82	18	62	51	120
1519	152	106	17	34	99	5	109	no
1520	4	13	317	38	18	9	23	no
1521	242	16	332	13	4	369	26	no
1522	72	96	166	322	18	214	9	no
1523	334	181	333	395	28	30	244	no
1524	27	226	127	19	26	18	26	no
1525	111	5	22	34	20	171	24	no
1526	7	230	99	378	6	370	1	no
1527	47	359	31	19	50	143	26	no
1528	111	457	75	75	30	13	23	no
1529	242	66	195	187	143	165	17	no
1530	44	111	59	397	6	5	52	no
1531	12	143	31	396	26	11	245	no
1532	14	30	141	78	29	37	13	no
1533	11	48	141	48	26	48	26	no
1534	14	30	27	78	4	37	13	no
1535	34	29	256	33	25	26	17	no
1536	175	98	155	323	149	212	189	no
1537	175	329	155	113	79	58	26	no
1538	209	98	35	1	4	184	189	no
1539	175	98	321	1	17	58	26	no
1540	3	104	31	306	50	11	38	no
1541	3	116	210	288	28	226	159	no
1542	180	452	76	323	36	150	228	no
1543	51	117	35	19	26	58	189	no
1544	41	241	321	29	36	184	26	no
1545	41	242	321	29	36	184	26	no
1546	166	155	123	126	132	3	26	no
1547	5	52	123	13	17	25	10	no
1548	3	104	61	306	50	11	38	no
1549	169	226	3	50	23	8	12	no
1550	42	84	31	46	63	49	246	no
1551	175	458	277	344	26	62	26	no
1552	258	459	218	169	18	371	93	no
1553	238	106	75	399	30	11	46	no
1554	121	50	25	351	26	73	73	no
1555	45	16	92	101	4	290	23	no
1556	26	460	13	398	95	287	2	no
1557	335	147	75	174	234	61	248	no
1558	20	7	75	27	24	7	15	no
1559	17	16	13	7	117	37	20	no
1560	5	4	36	220	2	372	79	no
1561	167	106	173	186	78	11	24	no
1562	28	202	4	127	235	373	247	no
1563	242	66	195	187	31	165	17	no
1564	184	104	334	29	46	96	26	no
1565	153	202	30	288	236	273	13	no
1566	336	106	335	123	30	11	46	no
1567	42	1	80	27	60	85	20	no
1568	2	260	336	76	28	37	57	no
1569	35	110	227	55	10	86	51	no
1570	102	67	4	4	43	63	23	no
1571	14	4	19	78	4	37	13	no
1572	26	4	218	372	28	374	249	
1573	17	16	13	7	4	16	20	
1574	338	106	31	400	237	198	250	
1575	291	151	300	167	21	11	239	
1576	17	16	13	401	24	16	20	
1577	15	11	69	10	1	3	9	
1578	80	125	99	35	148	11	26	
1579	57	176	338	13	31	11	2	no
1580	22	28	17	13	8	19	22	no
1581	180	44	31	13	4	93	26	no
1582	299	4	286	222	2	184	79	no
1583	42	1	62	241	26	85	20	no
1584	42	34	3	185	18	26	62	no
1585	3	48	3	4	26	48	26	no
1586	3	4	19	4	29	4	47	3
1587	3	48	19	4	29	48	26	no
1588	3	88	3	109	1	95	100	no
1589	35	138	101	167	80	3	24	no
1590	28	83	82	251	11	69	79	no
1591	139	116	31	4	60	134	24	no
1592	36	184	31	76	98	11	84	no
1593	3	374	31	214	26	119	26	no
1594	2	113	72	94	26	83	22	no
1595	3	4	19	4	29	4	94	3
1596	11	48	3	48	26	48	54	no
1597	82	154	325	74	142	191	26	no
1598	3	4	19	4	29	4	23	3
1599	33	276	206	5	10	213	22	no
1600	3	4	19	4	29	4	24	3
1601	3	4	19	4	29	4	70	3
1602	3	4	19	4	29	4	207	3
1603	95	34	211	242	74	45	22	no
1604	137	238	3	194	122	11	2	no
1605	3	4	19	4	29	4	2	3
1606	3	4	19	4	29	4	26	3
1607	250	2	59	309	26	11	22	no
1608	3	4	19	4	29	4	1	3
1609	28	39	230	19	50	62	22	no
1610	150	185	25	160	21	78	22	no
1611	92	106	25	102	28	3	2	no
1612	148	355	74	19	127	101	23	no
1613	127	139	24	91	10	5	54	no
1614	215	344	144	76	48	232	33	no
1615	4	13	11	38	28	9	23	no
1616	98	4	136	107	77	11	202	no
1617	118	159	72	76	50	184	94	no
1618	150	185	25	160	21	78	71	no
1619	19	104	25	55	26	58	84	no
1620	42	1	62	241	26	85	22	no
1621	93	224	75	139	117	223	22	no
1622	2	120	19	94	218	83	69	no
1623	51	4	77	67	213	8	23	no
1624	14	30	141	78	4	37	12	no
1625	3	4	19	4	29	4	20	3
1626	3	4	19	4	29	4	124	3
1627	3	4	19	4	29	4	12	3
1628	111	320	22	34	20	21	24	no
1629	225	104	226	201	50	250	17	no
1630	31	106	135	402	37	212	54	no
1631	27	16	13	157	33	287	2	no
1632	340	462	71	403	26	375	251	no
1633	22	254	75	205	99	186	61	no
1634	60	147	339	133	26	3	26	no
1635	3	4	19	4	29	4	13	no
1636	11	48	3	48	26	48	51	no
1637	89	104	340	404	238	376	252	no
1638	98	4	136	405	26	11	22	no
1639	4	13	11	38	28	9	22	no
1640	3	4	19	153	29	4	22	no
1641	341	51	98	253	26	170	22	no
1642	3	463	19	4	29	4	26	no
1643	47	464	31	19	60	135	26	no
1644	342	84	127	19	26	18	131	no
1645	342	84	127	19	26	18	22	no
1646	28	4	107	88	63	69	13	no
1647	11	48	107	48	26	48	22	no
1648	11	48	107	48	26	48	13	no
1649	342	84	127	19	26	18	20	no
1650	343	263	290	96	28	224	33	no
1651	344	465	341	11	239	190	22	no
1652	138	466	207	19	26	377	22	no
1653	42	1	62	241	26	85	2	no
1654	36	184	342	406	28	168	23	no
1655	36	184	188	406	28	168	207	no
1656	148	467	93	153	26	10	26	no
1657	345	468	141	241	26	85	57	no
1658	138	466	207	19	26	377	20	no
1659	155	236	72	407	240	11	24	no
1660	3	82	126	69	4	7	23	no
1661	344	465	341	11	239	190	26	no
1662	345	468	141	241	26	85	23	no
1663	1	472	344	27	26	379	225	no
1664	346	184	188	218	28	82	24	no
1665	28	39	230	19	50	62	1	no
1666	2	469	72	94	26	45	13	no
1667	148	467	93	4	26	10	71	no
1668	347	159	343	163	18	378	64	no
1669	31	470	15	106	23	216	22	no
1670	28	471	74	408	50	26	253	no
1671	7	236	99	409	6	180	33	no
1672	35	473	25	162	73	45	132	no
1673	3	106	49	108	35	378	68	no
1674	348	364	345	330	184	37	132	no
1675	248	467	3	410	26	10	71	no
1676	3	474	210	288	28	226	159	no
1677	3	69	346	27	18	381	57	no
1678	96	475	242	407	23	382	24	no
1679	307	25	347	411	26	11	254	no
1680	3	54	348	19	2	384	9	no
1681	35	117	31	115	26	385	23	no
1682	350	476	349	375	28	190	24	no
1683	3	25	84	412	126	37	132	no
1684	80	106	34	237	50	14	26	no
1685	35	1	227	112	165	37	33	no
1686	195	263	124	413	23	198	26	no
1687	60	13	67	294	31	18	255	no
1688	352	477	3	414	61	95	26	no
1689	179	232	351	415	125	5	26	no
1690	28	478	130	153	4	5	76	no
1691	70	175	25	82	49	74	62	no
1692	47	104	134	183	61	180	56	no
1693	353	4	98	416	60	173	33	no
1694	5	283	217	19	26	218	23	no
1695	28	282	113	82	26	63	50	no
1696	167	147	109	19	145	219	12	no
1697	201	165	70	150	50	68	73	no
1698	19	25	67	417	26	260	98	no
1699	354	479	199	75	168	386	57	no
1700	213	276	24	253	10	5	94	no
1701	201	25	67	417	26	260	98	no
1702	42	480	352	109	61	205	256	no
1703	230	143	31	418	47	388	12	no
1704	355	313	82	27	4	5	26	no
1705	31	131	60	78	52	62	23	no
1706	118	253	72	76	243	184	54	no
1707	291	177	308	125	18	175	26	no
1708	19	4	299	19	74	214	24	no
1709	5	416	284	162	26	11	24	no
1710	42	134	99	79	141	41	51	no
1711	349	48	25	231	18	380	26	no
1712	339	461	31	13	61	145	22	no
1713	12	275	62	27	125	5	154	no
1714	17	327	13	36	33	31	2	no
1715	80	263	290	96	28	224	23	no
1716	94	114	31	105	3	166	69	no
1717	56	16	13	8	33	59	20	no
1718	86	300	17	14	12	389	86	no
1719	356	481	30	419	244	343	23	no
1720	158	28	17	420	20	390	257	no
1721	3	104	353	421	77	10	147	no
1722	28	132	25	76	31	391	33	no
1723	26	482	354	88	43	171	23	no
1724	357	483	80	139	26	77	47	no
1725	241	330	223	253	28	96	188	no
1726	358	484	355	314	23	392	2	no
1727	28	17	31	195	45	23	24	no
1728	148	340	20	15	5	2	24	no
1729	242	16	205	75	50	140	23	no
1730	196	84	80	294	128	158	12	no
1731	317	452	356	76	225	11	23	no
1732	242	25	19	376	26	11	24	no
1733	302	133	286	422	18	340	37	no
1734	105	437	25	242	23	45	57	no
1735	42	485	357	423	152	393	57	no
1736	282	117	31	139	61	394	20	no
1737	20	25	15	13	7	395	24	no
1738	36	486	61	335	26	396	151	no
1739	359	4	61	424	142	397	258	no
1740	26	220	168	47	11	335	122	no
1741	51	487	31	35	26	335	146	no
1742	135	168	177	140	56	398	33	no
1743	112	8	61	425	26	8	57	no
1744	112	4	112	92	60	8	26	no
1745	31	290	5	224	46	399	38	no
1746	115	357	115	67	6	11	137	no
1747	130	50	113	426	28	400	68	no
1748	361	489	30	29	26	22	54	no
1749	11	87	19	75	26	3	26	no
1750	103	490	31	169	26	401	79	no
1751	218	491	180	229	23	5	47	no
1752	362	492	124	427	143	45	47	no
1753	112	493	244	82	26	37	33	no
1754	31	494	107	153	128	160	33	no
1755	5	88	229	27	18	218	178	no
1756	84	103	79	46	62	46	60	no
1757	28	310	35	270	154	37	33	no
1758	104	147	31	171	211	11	23	no
1759	158	383	62	117	195	46	26	no
1760	207	106	30	303	28	275	61	no
1761	188	106	107	331	26	3	86	no
1762	176	241	61	190	50	406	20	no
1763	299	184	27	428	50	37	169	no
1764	98	4	30	19	77	10	82	no
1765	14	30	105	78	27	7	13	no
1766	183	493	61	269	128	3	26	no
1767	182	355	358	429	26	402	128	no
1768	35	20	356	29	23	186	27	no
1769	51	495	30	129	26	23	26	no
1770	155	29	141	73	26	100	26	no
1771	270	371	105	342	23	238	26	no
1772	47	287	19	252	245	18	217	no
1773	346	184	4	74	28	403	23	no
1774	98	4	136	243	26	11	99	no
1775	363	246	19	75	246	10	26	no
1776	113	145	134	70	23	11	26	no
1777	3	82	21	69	26	195	51	no
1778	98	4	30	19	77	11	82	no
1779	36	372	359	19	1	11	26	no
1780	103	490	31	169	77	401	79	no
1781	98	4	136	107	77	11	23	no
1782	27	226	127	19	26	18	23	no
1783	2	198	72	94	26	7	23	no
1784	49	496	360	133	18	404	143	no
1785	3	29	2	33	18	5	17	no
1786	98	49	45	49	4	50	23	no
1787	364	497	99	74	26	11	33	no
1788	35	103	286	224	50	190	73	no
1789	188	106	199	331	2	3	20	no
1790	9	1	62	296	49	85	20	no
1791	31	25	44	430	31	133	57	no
1792	36	168	102	215	4	285	62	no
1793	98	25	3	206	23	405	33	no
1794	19	297	248	13	26	250	157	no
1795	115	357	361	67	6	11	137	no
1796	360	488	63	66	35	11	259	no
1797	60	256	362	186	48	25	13	no
1798	28	125	99	431	50	3	251	no
1799	89	96	15	89	57	11	57	no
1800	60	396	15	27	69	182	57	no
1801	28	217	31	306	4	80	179	no
1802	70	282	25	185	49	74	62	no
1803	112	4	104	92	60	8	26	no
1804	5	290	31	224	46	399	38	no
1805	47	91	166	46	79	45	26	no
1806	215	344	218	258	183	232	17	no
1807	148	227	171	74	119	46	23	no
1808	26	16	234	7	147	32	7	no
1809	208	300	213	29	18	46	24	no
1810	215	104	144	76	48	232	26	no
1811	33	430	274	340	39	342	225	no
1812	51	113	77	76	73	173	62	no
1813	230	375	81	13	28	107	23	no
1814	307	16	314	35	26	350	51	no
1815	291	49	45	49	4	50	23	no
1816	339	461	31	13	50	145	47	no
1817	47	464	31	19	60	135	13	no
1818	363	246	25	47	26	10	57	no
1819	47	464	53	29	26	37	26	no
1820	49	169	67	76	92	127	98	no
1821	182	52	25	75	156	104	71	no
1822	51	84	77	76	60	173	33	no
1823	112	4	77	92	60	8	26	no
1824	3	88	229	27	18	218	178	no
1825	10	1	62	95	50	85	2	no
1826	3	25	276	144	31	128	26	no
1827	36	82	162	169	18	145	260	no
1828	175	106	173	186	78	11	261	no
1829	254	113	72	181	248	116	262	no
1830	365	371	273	13	4	17	1	no
1831	366	498	102	90	26	319	81	no
1832	367	113	72	94	26	83	23	no
1833	79	499	222	4	4	69	17	no
1834	112	147	363	432	4	409	146	no
1835	150	143	364	434	60	407	54	no
1836	13	349	365	137	26	141	51	no
1837	5	41	366	19	249	218	23	no
1838	19	86	109	433	46	68	57	no
1839	341	51	31	435	26	408	24	no
1840	92	106	25	129	247	3	20	no
1841	79	72	299	89	23	410	23	no
1842	69	92	69	114	225	91	24	no
1843	134	180	131	75	50	69	2	no
1844	14	30	276	78	4	37	13	no
1845	64	90	65	148	61	11	24	no
1846	11	4	19	4	29	129	26	no
1847	83	49	62	74	181	289	57	no
1848	60	334	75	34	26	259	86	no
1849	368	215	253	436	250	10	65	no
1850	267	122	31	437	21	11	12	no
1851	208	300	213	437	147	46	24	no
1852	1	460	367	438	26	411	23	no
1853	242	500	218	13	31	204	17	no
1854	369	13	19	35	26	26	24	no
1855	101	501	15	19	148	59	263	no
1856	93	502	75	205	117	61	47	no
1857	56	19	13	8	14	224	7	no
1858	42	476	75	48	28	11	33	no
1859	31	503	266	19	26	73	23	no
1860	27	300	192	8	78	287	7	no
1861	151	197	61	29	26	145	105	no
1862	152	504	17	439	28	55	235	no
1863	28	4	82	440	63	69	1	no
1864	370	13	368	133	50	248	24	no
1865	372	357	361	85	6	37	24	no
1866	371	232	61	27	26	45	57	no
1867	163	206	158	171	251	413	239	no
1868	135	304	369	441	56	414	265	no
1869	3	106	173	186	78	11	264	no
1870	42	89	30	18	162	104	1	no
1871	294	91	177	74	197	263	2	no
1872	283	73	158	65	3	62	8	no
1873	112	187	27	13	2	173	215	no
1874	102	133	226	69	23	65	110	no
1875	237	147	116	200	28	104	23	no
1876	133	67	4	17	23	63	23	no
1877	283	276	49	103	23	331	176	no
1878	291	250	31	202	26	183	2	no
1879	291	129	25	29	18	11	20	no
1880	5	316	65	50	18	229	24	no
1881	206	4	61	366	142	11	23	no
1882	35	172	242	248	194	65	57	no
1883	51	246	73	253	48	114	33	no
1884	14	106	172	13	23	45	104	no
1885	107	141	231	113	50	153	94	no
1886	51	141	231	135	50	153	94	no
1887	107	141	231	81	50	153	94	no
1888	107	141	231	273	50	153	94	no
1889	77	344	97	150	23	54	2	no
1890	77	402	97	150	23	54	5	no
1891	153	191	70	19	6	8	233	no
1892	7	217	61	76	102	131	5	no
1893	28	282	114	378	55	178	189	no
1894	153	191	70	19	22	8	1	no
1895	3	151	25	29	61	11	2	no
1896	104	32	61	13	55	141	24	no
1897	333	4	61	366	142	180	23	no
1898	206	4	61	366	142	180	23	no
1899	175	212	25	13	10	78	33	no
1900	205	87	25	89	180	141	26	no
1901	49	303	299	79	45	73	84	no
1902	210	106	39	103	28	178	24	no
1903	132	273	188	13	26	279	68	no
1904	10	4	86	303	28	43	24	no
1905	153	25	31	19	38	247	23	no
1906	206	139	2	342	26	83	2	no
1907	47	133	31	148	27	171	62	no
1908	28	4	78	88	63	69	1	no
1909	33	306	194	73	48	121	73	no
1910	80	125	99	35	50	11	26	no
