ST	gltA	gyrB	fh	shmt	tyrB	adk	txn	clonal_complex
1	1	1	1	1	1	1	1	1
2	1	1	1	1	2	1	1	1
3	1	1	3	2	2	2	3	
4	1	2	5	3	2	2	3	
5	1	2	1	1	2	2	3	
6	1	1	1	1	2	4	1	1
7	1	1	1	1	3	1	4	1
8	1	1	1	1	4	1	1	1
9	1	1	2	1	1	2	2	
10	1	1	5	3	1	1	1	3
11	1	1	5	3	5	1	1	3
12	1	1	6	1	2	1	1	1
13	1	1	7	1	1	1	1	1
14	1	1	8	1	1	1	4	1
15	1	2	4	1	2	2	4	2
16	1	2	4	1	2	3	4	2
17	1	3	6	1	2	2	4	4
18	1	3	9	1	2	2	4	4
19	1	4	1	1	1	1	1	1
20	2	1	1	1	1	1	1	1
21	3	7	12	6	10	6	7	6
22	4	9	10	4	11	5	9	7
23	6	6	11	4	6	8	11	
24	9	9	13	11	9	8	17	
25	10	8	16	7	12	11	13	7
26	4	9	10	8	11	5	9	5
27	5	5	14	5	13	7	10	
28	7	10	15	9	7	9	15	
29	8	10	17	10	8	10	16	
30	1	1	1	1	1	12	5	1
31	1	11	2	1	14	3	3	
32	1	1	1	1	1	13	5	1
33	1	1	1	1	1	1	4	1
34	1	1	1	1	1	1	5	1
35	1	1	1	1	1	1	6	1
36	3	7	12	6	10	6	8	6
37	4	9	10	4	11	5	12	5
38	10	8	16	7	12	11	14	7
39	11	1	1	1	1	1	5	1
40	12	8	18	12	13	14	18	
41	13	12	19	4	15	15	19	
42	1	3	1	1	2	16	4	
