ST	dinB	icdA	pabB	polB	putP	trpA	trpB	uidA
1	1	1	2	1	1	2	3	1
2	8	2	7	3	7	1	4	2
3	3	8	5	11	8	3	5	3
4	2	4	6	4	1	6	1	1
5	5	3	3	10	5	8	2	5
6	1	7	1	9	2	20	1	6
7	6	6	4	2	6	7	2	4
8	23	9	8	12	9	11	7	13
9	9	20	15	7	4	9	6	9
10	4	18	10	5	2	4	1	6
11	10	2	3	17	17	1	4	22
12	5	3	4	27	24	1	16	21
13	1	1	2	1	1	2	3	25
14	18	12	17	14	14	14	14	14
15	8	2	7	3	2	1	4	2
16	8	2	7	3	22	1	4	2
17	11	3	20	3	15	1	4	16
18	10	29	3	18	18	1	4	23
19	7	37	4	10	26	7	4	2
20	4	19	1	34	2	2	1	1
21	7	33	18	2	5	28	2	2
22	1	13	9	8	2	10	1	7
23	18	38	27	11	8	12	13	11
24	7	32	18	2	5	8	2	2
25	4	16	10	5	2	4	1	6
26	4	15	10	5	2	4	1	6
27	4	24	10	5	2	4	1	6
28	2	22	6	4	1	6	1	1
29	2	23	6	4	1	6	1	1
30	2	27	6	4	1	6	1	1
31	20	42	21	22	19	27	19	17
32	1	25	9	8	2	10	1	7
33	1	26	9	8	2	10	1	7
34	12	40	24	19	13	24	8	29
35	4	25	1	6	2	2	1	1
36	4	19	1	6	2	2	1	1
37	10	29	7	3	7	1	4	2
38	13	39	11	16	2	25	8	19
39	13	39	11	16	12	25	8	19
40	1	13	12	1	3	5	3	8
41	1	13	12	1	1	5	3	8
42	22	41	22	3	23	23	20	18
43	9	1	15	7	4	9	6	9
44	17	9	28	12	9	13	9	11
45	19	9	25	20	9	22	10	13
46	17	12	26	13	11	13	11	3
47	26	10	29	21	2	16	12	11
48	2	11	23	15	10	15	10	12
49	2	4	6	4	2	6	1	1
50	2	4	6	4	1	4	1	1
51	2	15	1	9	2	20	1	6
52	2	4	6	4	1	21	1	1
53	1	7	1	9	20	20	1	6
54	24	31	4	26	2	29	2	2
55	1	26	2	28	1	18	1	8
56	11	36	4	25	25	31	18	20
57	10	28	7	18	18	26	17	2
58	5	3	3	26	5	1	2	5
59	6	5	3	24	6	7	2	4
60	16	17	16	30	4	19	1	24
61	14	14	14	29	2	4	1	15
62	3	8	5	11	2	3	5	3
63	21	34	3	23	2	1	15	2
64	1	14	2	31	21	4	1	7
65	6	6	3	2	6	7	2	4
66	6	5	3	2	6	7	2	4
67	6	5	3	2	6	7	1	4
68	25	30	19	2	16	30	2	4
69	25	5	4	2	6	7	2	4
70	1	1	2	1	1	2	22	1
71	27	13	1	4	2	32	1	6
72	2	4	31	4	1	21	1	1
73	16	4	16	30	4	19	1	27
74	6	5	4	2	6	7	2	4
75	6	6	4	2	6	3	2	4
76	10	28	30	3	18	1	23	26
77	3	43	31	33	8	3	5	11
78	17	44	26	13	11	13	11	3
79	23	9	8	12	9	11	3	13
80	28	9	32	20	14	32	11	11
81	11	35	4	25	25	31	18	20
82	15	21	13	32	2	17	21	28
83	11	3	4	3	15	1	4	16
84	29	2	3	3	7	1	4	2
85	3	8	5	3	8	3	5	3
86	24	31	4	26	16	29	2	2
87	7	33	18	2	5	8	2	2
88	32	47	4	10	16	7	4	5
89	33	47	4	10	5	8	2	30
90	4	13	10	4	2	4	1	6
91	14	48	34	38	2	2	27	31
92	17	49	35	12	14	35	28	32
93	34	50	36	35	27	34	25	33
94	35	52	38	39	28	36	29	35
95	36	53	39	40	29	37	30	36
96	37	54	40	41	30	38	31	37
97	1	51	37	31	2	2	3	34
98	38	55	41	42	28	39	20	38
99	39	56	42	11	31	12	32	37
100	40	57	43	43	32	40	33	39
101	41	58	44	44	33	41	34	40
102	1	59	10	8	2	42	35	41
103	42	60	41	45	34	43	36	40
104	43	61	45	46	28	37	29	42
105	34	62	36	19	27	44	37	43
106	44	63	46	15	2	45	38	1
107	35	64	47	47	35	46	39	44
108	25	65	48	10	16	8	2	2
109	42	66	49	48	23	47	39	45
110	35	67	38	49	28	48	40	46
111	45	68	50	50	36	49	41	3
112	46	69	51	47	37	50	42	47
113	35	52	38	39	38	51	43	48
114	23	70	52	51	39	52	44	49
115	47	71	3	26	16	53	2	50
116	48	3	3	52	40	7	2	50
117	5	47	3	10	6	7	4	2
118	25	65	48	10	16	8	2	51
119	11	72	4	53	41	54	18	20
120	49	41	53	54	42	55	45	52
121	9	20	15	7	4	9	6	53
122	2	73	2	55	43	18	46	1
123	1	74	54	15	2	15	10	54
124	25	3	4	2	16	56	47	4
125	10	2	4	3	18	1	4	23
126	50	75	3	10	16	8	48	55
127	51	1	55	4	2	2	3	6
128	52	76	6	31	2	5	3	56
129	4	77	10	5	2	4	1	6
130	25	3	4	10	6	57	4	2
131	2	65	3	10	26	7	4	57
132	10	2	7	3	7	1	4	2
133	5	37	4	52	44	7	4	2
134	53	15	10	5	2	4	1	6
135	5	47	4	56	6	29	2	58
136	18	78	27	11	8	12	13	11
137	25	65	48	10	16	58	4	2
138	54	79	56	57	45	59	49	46
139	32	47	4	10	5	7	4	50
140	8	80	7	3	46	1	50	2
141	2	24	1	58	2	20	1	6
142	4	20	2	4	47	2	1	8
143	2	4	6	4	1	6	1	59
144	1	74	57	59	48	18	1	60
145	2	11	58	60	10	15	10	12
146	1	1	59	1	1	2	3	1
147	6	81	4	61	49	7	2	4
148	6	81	3	61	49	7	2	61
149	55	20	2	4	47	2	1	62
150	2	1	6	4	2	6	1	1
151	25	47	4	56	50	53	2	2
152	1	7	1	58	51	60	51	63
153	8	2	7	3	52	1	4	2
154	23	82	1	12	53	2	1	13
155	10	2	7	3	7	1	4	64
156	25	65	61	62	26	53	52	65
157	6	83	3	63	54	62	53	4
158	5	84	4	3	55	1	54	66
159	6	6	4	61	6	7	2	4
160	8	2	7	64	7	1	4	2
161	18	8	63	20	56	63	56	32
162	9	1	15	65	57	9	6	9
163	8	85	7	3	58	1	57	2
164	8	2	7	3	59	1	4	2
165	8	86	7	3	7	1	4	2
166	1	26	9	86	2	10	1	7
167	10	87	7	3	18	1	4	2
168	10	2	3	17	18	1	4	67
169	10	28	7	3	18	1	4	23
170	10	2	7	3	61	1	57	2
171	8	2	7	66	59	1	4	2
172	10	88	7	3	7	1	59	2
173	10	29	7	3	7	1	60	2
174	10	28	7	67	18	1	4	23
175	10	3	7	3	18	1	4	23
176	58	28	3	17	16	1	4	4
177	8	90	7	3	7	1	4	2
178	25	3	3	10	26	29	2	2
179	25	92	3	10	26	29	62	2
180	25	93	3	10	6	64	57	68
181	25	47	48	68	5	29	109	2
182	8	2	7	3	7	65	4	2
183	25	47	48	68	5	29	64	2
184	5	47	48	68	63	29	63	2
185	5	47	48	68	5	29	63	2
186	7	33	18	68	5	8	2	2
187	59	95	66	63	64	66	86	69
188	10	2	3	69	18	1	4	23
189	31	46	17	12	12	67	26	70
190	35	42	67	70	38	36	139	71
191	8	2	7	3	61	1	4	2
192	17	96	112	71	66	12	13	32
193	60	91	4	10	67	7	4	2
194	18	12	17	14	68	68	67	14
195	17	9	28	3	9	13	9	72
196	2	4	6	72	1	6	1	1
197	2	1	6	4	1	6	1	1
198	4	19	1	73	2	2	1	1
199	2	4	70	4	1	6	1	1
200	2	4	6	74	1	6	1	1
201	2	4	6	74	70	6	1	1
202	2	3	4	68	71	57	4	2
203	4	19	1	6	72	2	1	1
204	4	19	71	6	73	2	1	1
205	2	15	72	31	2	20	1	73
206	1	23	73	55	74	18	46	1
207	16	99	74	76	75	9	6	74
208	16	100	3	76	76	69	62	74
209	25	65	3	26	78	53	2	2
210	10	2	7	3	61	1	4	2
211	6	5	75	2	6	28	62	4
212	25	65	3	78	78	28	62	2
213	25	34	4	23	6	7	62	23
214	8	2	7	79	59	1	57	2
215	61	2	7	3	7	1	4	2
216	1	51	76	31	2	2	3	34
217	1	102	77	31	2	70	3	31
218	62	26	9	8	2	10	1	7
219	1	7	1	80	79	20	1	63
220	4	18	10	5	2	71	1	6
221	16	1	16	81	4	72	1	75
222	14	26	14	82	2	73	70	76
223	4	15	10	5	2	74	1	6
224	1	26	2	28	1	18	6	8
225	63	26	2	28	1	18	1	8
226	4	19	1	6	2	2	71	1
227	5	65	4	10	26	1	4	77
228	10	91	4	83	80	75	4	78
229	6	5	4	2	6	7	73	4
230	10	2	3	17	18	1	158	40
231	32	105	3	10	83	8	75	5
232	5	3	4	52	84	1	54	66
233	9	1	15	7	4	9	76	9
234	6	5	4	2	85	7	2	4
235	23	9	8	12	9	11	77	13
236	17	9	79	12	87	13	9	11
237	5	47	80	68	88	29	78	2
238	11	3	4	3	15	78	2	16
239	65	84	81	19	12	80	81	80
240	66	106	82	87	12	81	82	81
241	6	5	83	2	90	82	83	4
242	5	107	84	26	91	1	84	82
243	7	33	18	2	63	8	88	2
244	5	111	62	10	16	7	55	2
245	5	3	4	52	96	1	4	66
246	5	3	4	52	96	1	54	66
247	5	112	48	10	5	86	4	50
248	24	31	4	26	26	29	2	2
249	69	3	4	52	97	31	18	20
250	22	41	21	3	23	87	89	18
251	31	113	24	36	98	24	90	70
252	12	40	24	19	13	24	90	29
253	31	46	24	36	12	67	90	70
254	31	46	24	36	12	67	26	70
255	59	114	89	11	99	3	5	3
256	64	10	90	85	100	88	91	11
257	17	9	28	12	9	13	9	84
258	24	31	4	26	50	29	62	2
259	68	116	88	63	102	1	86	83
260	10	117	3	18	103	89	4	2
261	1	25	9	86	2	10	1	7
262	8	118	7	3	7	1	4	2
263	68	110	88	63	93	84	86	85
264	68	110	91	63	93	84	86	85
265	5	3	4	52	104	1	92	66
266	5	47	48	10	5	86	4	50
267	9	1	15	65	4	9	6	9
268	5	3	4	10	105	90	2	86
269	8	103	7	84	81	1	72	2
270	6	119	4	2	82	76	74	4
271	64	10	78	85	86	77	93	11
272	12	120	92	88	106	91	94	3
273	56	49	60	11	11	61	10	3
274	8	121	7	3	89	1	79	2
275	8	2	7	3	107	79	80	79
276	5	3	4	52	108	1	95	66
277	5	122	85	56	6	29	96	58
278	5	47	4	52	109	29	53	58
279	5	108	4	10	26	83	2	2
280	50	123	3	10	110	8	97	55
281	67	124	86	30	111	92	1	6
282	67	109	86	30	92	93	1	6
283	68	110	87	63	93	84	85	83
284	59	110	88	63	93	94	86	83
285	8	2	7	52	112	95	4	2
286	5	3	88	52	95	85	4	66
287	10	2	94	3	113	1	98	64
288	47	47	3	52	26	53	87	2
289	5	125	4	52	78	90	99	86
290	47	47	3	10	78	57	4	5
291	68	110	88	63	93	84	86	87
292	16	1	16	30	4	182	6	27
293	10	127	96	63	115	1	101	2
294	25	3	3	10	78	29	2	57
295	17	9	28	90	9	97	9	11
296	68	110	91	63	93	84	86	83
297	50	47	3	10	5	29	2	88
298	4	128	97	31	116	98	102	8
299	17	12	26	13	117	13	11	3
300	1	129	2	59	2	18	1	60
301	38	130	98	91	118	99	103	89
302	50	47	3	2	5	7	4	55
303	25	3	48	10	26	57	4	90
304	1	23	73	55	43	18	46	1
305	22	41	21	92	23	23	20	18
306	7	3	3	10	74	7	4	5
307	1	26	6	4	2	4	104	8
308	16	131	74	76	75	9	6	74
309	71	39	99	93	119	100	105	91
310	50	47	3	10	5	8	2	30
311	10	2	100	3	60	1	4	92
312	72	67	38	70	28	101	43	35
313	4	23	1	31	2	102	106	93
314	50	75	4	10	16	8	2	55
315	4	132	9	38	120	2	3	8
316	17	133	101	94	8	103	107	94
317	6	75	3	10	16	8	2	2
318	73	134	102	95	4	72	1	74
319	73	135	102	76	121	72	1	95
320	51	136	55	4	21	2	3	6
321	1	137	103	8	2	104	46	1
322	74	138	104	55	43	105	1	8
323	32	65	4	10	5	8	2	5
324	2	139	10	4	21	2	3	8
325	32	47	48	10	74	8	2	65
326	60	140	105	52	84	8	4	96
327	75	3	4	52	84	1	4	66
328	5	141	4	10	6	1	4	2
329	76	142	41	54	122	106	36	40
330	56	143	52	96	14	107	9	97
331	1	1	2	97	1	2	3	1
332	77	33	18	2	5	28	2	2
333	78	2	7	3	7	1	4	98
334	3	144	31	33	8	3	5	11
335	79	145	7	3	7	1	4	2
336	1	146	1	1	2	32	27	99
337	80	147	31	98	123	12	13	3
338	24	3	3	26	16	108	4	2
339	5	65	3	26	6	7	4	55
340	38	145	106	54	42	55	45	100
341	11	3	4	52	25	31	18	20
342	10	148	3	3	7	1	4	2
343	11	2	7	83	18	1	4	101
344	58	28	3	99	16	1	4	4
345	11	2	3	100	7	1	4	101
346	8	149	7	3	7	1	4	2
347	81	87	7	3	18	1	4	102
348	5	47	4	2	26	1	4	2
349	25	3	62	52	16	1	4	2
350	32	150	3	10	5	8	2	50
351	50	151	3	2	5	7	4	55
352	2	23	73	55	43	18	46	1
353	11	3	4	3	15	1	4	40
354	1	25	9	8	124	10	1	7
355	25	3	107	10	71	109	2	57
356	10	29	7	101	7	1	4	2
357	5	47	4	10	26	1	4	2
358	35	152	67	39	38	110	108	35
359	82	3	3	10	125	111	2	2
360	5	3	4	10	71	7	4	5
361	25	153	62	52	16	1	4	2
362	50	47	3	102	5	7	4	103
363	50	65	3	2	5	111	2	2
364	32	3	108	10	5	8	2	65
365	8	2	7	103	7	1	4	2
366	5	47	48	68	5	29	109	2
367	8	104	7	3	7	1	4	2
368	50	47	3	10	5	7	4	103
369	6	6	4	2	126	7	2	4
370	5	154	4	2	74	7	2	2
371	83	28	109	3	18	1	110	40
372	10	28	3	104	18	1	4	2
373	1	1	1	1	1	2	3	1
374	5	3	3	26	5	1	111	5
375	2	48	73	82	127	18	46	1
376	84	3	4	56	78	112	4	2
377	8	155	7	3	22	1	4	2
378	58	156	110	17	16	31	112	40
379	6	6	4	105	6	7	2	104
380	64	10	90	85	128	88	91	11
381	8	2	7	3	7	113	4	2
382	10	2	7	3	60	114	4	2
383	57	2	7	106	60	1	4	23
384	15	21	13	32	129	17	21	28
385	4	157	58	15	10	45	113	12
386	85	158	111	107	130	115	114	105
387	86	2	7	3	60	1	4	23
388	25	3	3	108	78	1	4	2
389	10	159	3	25	18	1	4	2
390	8	2	7	3	131	1	4	2
391	19	9	25	109	9	22	10	106
392	4	20	6	110	132	98	102	8
393	47	71	3	26	133	53	2	50
394	5	3	4	10	84	57	4	5
395	87	75	3	111	16	116	4	2
396	5	160	3	56	78	7	4	2
397	32	65	3	10	16	7	4	5
398	10	2	3	17	18	1	4	22
399	32	47	3	10	78	8	2	2
400	2	18	72	31	2	20	1	73
401	10	2	7	101	7	117	4	2
402	32	3	3	10	16	1	2	107
403	18	8	112	11	8	12	13	108
404	88	161	74	112	4	19	1	27
405	10	149	4	3	7	118	4	2
406	17	9	28	17	9	13	9	11
407	89	2	7	3	7	1	4	2
408	90	91	4	10	67	7	4	2
409	39	162	113	113	134	12	12	109
410	5	37	4	52	44	119	4	2
411	35	163	21	114	135	120	115	42
412	11	3	114	3	15	1	4	16
413	25	47	48	2	74	1	2	50
414	7	164	18	2	5	8	2	2
415	2	3	3	10	5	8	2	5
416	19	12	52	50	136	13	11	108
417	4	11	58	15	10	45	113	12
418	1	1	2	115	1	2	3	1
419	8	28	7	17	7	1	4	2
420	60	3	3	26	16	121	116	110
421	91	165	48	116	16	8	117	111
422	18	8	112	94	66	3	5	108
423	92	166	2	117	21	4	13	108
424	93	167	1	116	2	102	118	111
425	85	168	115	107	137	122	119	112
426	93	169	2	118	138	4	120	111
427	32	170	48	119	16	7	4	113
428	94	171	7	120	138	123	120	111
429	8	2	7	3	131	123	4	2
430	50	47	3	10	19	8	2	114
431	25	172	48	10	26	57	4	90
432	5	65	18	26	6	8	4	55
433	95	173	116	121	142	124	121	115
434	69	174	4	52	25	31	18	20
435	96	175	117	122	139	125	122	116
436	97	176	98	123	28	126	115	40
437	8	2	4	3	7	1	4	2
438	79	177	7	3	7	1	4	2
439	29	2	3	124	7	1	4	2
440	10	2	118	52	7	1	4	2
441	50	3	3	10	78	8	2	2
442	47	3	3	52	16	57	4	2
443	93	171	3	116	140	7	120	117
444	93	171	4	116	140	7	120	117
445	98	178	4	125	141	127	123	118
446	10	2	3	3	7	1	4	2
447	18	8	112	11	8	12	120	108
448	1	1	55	170	181	183	102	56
449	12	40	24	19	13	24	159	165
450	24	3	3	10	16	108	4	2
451	72	67	38	70	42	101	43	35
452	17	8	52	71	66	12	13	3
453	1	4	2	1	1	2	3	1
454	1	14	9	8	2	10	1	7
455	2	26	12	1	3	5	3	8
456	10	265	3	3	18	1	4	23
457	72	264	38	171	28	187	160	42
458	9	1	15	7	4	188	6	9
459	32	266	21	172	16	189	2	2
460	22	61	21	109	23	41	127	164
461	25	47	10	10	16	57	4	50
462	60	47	4	10	84	1	16	4
463	101	189	122	132	149	130	130	124
464	80	190	31	22	150	12	13	3
465	23	19	1	12	53	2	1	13
466	10	2	7	3	60	1	4	2
467	59	95	66	63	94	132	87	69
468	5	3	4	52	16	133	2	2
469	5	3	62	52	16	1	4	2
470	102	7	1	9	2	20	1	6
471	6	6	4	2	154	7	2	4
472	30	45	33	37	27	34	24	9
473	30	45	33	35	27	34	24	13
474	18	193	17	14	14	14	14	14
475	10	2	7	3	60	1	4	23
476	9	1	15	7	182	9	6	9
477	17	9	28	12	9	135	9	11
478	8	2	7	84	7	1	4	2
479	5	37	4	10	78	8	2	30
480	5	3	4	52	95	1	4	66
481	5	3	4	52	84	1	4	66
482	5	47	4	56	109	29	2	58
483	21	3	3	133	16	31	134	2
484	10	28	7	18	18	1	4	167
485	41	3	4	25	25	31	18	20
486	10	2	3	3	166	1	4	2
487	25	123	3	10	26	53	4	65
488	32	47	48	68	78	8	2	55
489	58	87	7	3	18	1	4	102
490	1	26	12	1	3	5	3	8
491	67	124	86	30	92	92	1	6
492	10	2	3	18	18	1	4	23
493	66	3	4	52	84	1	4	66
494	18	8	124	20	66	136	56	32
495	8	6	4	3	7	1	4	4
496	23	1	15	12	9	11	7	9
497	30	195	11	37	27	34	24	125
498	17	1	15	12	9	13	9	9
499	103	196	7	3	16	1	4	126
500	8	2	4	3	7	1	4	20
501	32	47	3	10	78	190	2	50
502	6	47	4	10	78	137	4	30
503	2	198	6	4	1	6	1	1
504	1	14	2	31	21	4	7	7
505	58	199	110	17	16	31	112	2
506	9	134	74	134	4	72	1	9
507	45	200	126	14	156	138	136	127
508	104	47	3	10	78	8	2	65
509	1	201	72	1	2	20	1	128
510	1	197	125	82	2	20	1	1
511	18	8	112	20	66	136	56	32
512	25	37	4	10	84	7	4	2
513	2	47	3	52	16	57	4	50
514	4	19	110	6	2	2	1	1
515	9	1	48	7	4	9	6	9
516	8	2	7	3	7	20	4	1
517	47	202	3	26	16	53	2	50
518	88	201	127	76	4	72	1	9
519	102	23	6	4	2	6	1	1
520	10	28	7	17	157	1	4	2
521	1	197	125	82	2	20	137	1
522	6	3	3	25	6	7	135	2
523	59	110	66	63	55	139	86	69
524	25	47	108	56	16	29	2	50
525	3	8	27	11	8	3	5	11
526	7	33	18	2	63	28	2	2
527	9	20	15	7	4	9	6	129
528	22	203	21	92	23	23	20	18
529	87	205	18	10	78	8	2	30
530	10	29	7	3	7	140	4	2
531	1	136	2	31	21	4	1	2
532	11	206	30	3	78	1	4	23
533	22	41	21	3	23	23	20	18
534	7	207	48	10	16	8	2	2
535	23	9	17	135	9	11	7	13
536	22	41	21	92	23	141	20	18
537	32	3	3	10	5	8	2	5
538	64	204	129	21	30	12	138	11
539	2	11	23	136	10	15	10	12
540	105	42	130	137	38	36	139	35
541	106	142	128	138	158	23	20	40
542	1	23	125	1	2	20	1	1
543	7	37	3	10	26	8	2	2
544	21	34	3	23	6	1	15	5
545	21	34	3	23	6	1	15	2
546	25	3	107	10	71	29	2	57
547	25	3	107	10	71	133	2	57
548	25	3	107	25	71	29	2	57
549	32	47	51	59	78	8	2	2
550	32	65	4	10	5	29	2	5
551	50	47	48	10	28	7	4	30
552	50	65	3	10	16	8	48	55
553	59	95	66	63	55	66	86	69
554	83	28	4	3	18	1	110	40
555	25	213	107	10	71	29	2	57
556	109	47	4	52	6	29	2	58
557	110	23	125	1	2	20	1	1
558	21	34	3	23	6	1	140	2
559	112	136	73	82	127	18	46	1
560	60	47	133	10	84	108	16	4
561	97	219	98	123	28	126	115	40
562	113	220	136	139	25	146	141	131
563	11	72	134	52	25	145	18	2
564	11	72	135	52	25	145	18	2
565	11	72	135	52	25	145	18	132
566	9	1	74	134	4	72	1	9
567	9	20	74	134	4	72	1	9
568	9	1	74	7	4	9	6	9
569	10	28	4	3	18	1	4	133
570	5	47	4	56	6	147	2	58
571	4	211	132	141	92	142	1	6
572	1	129	137	59	2	18	1	60
573	4	211	132	140	92	142	1	6
574	107	221	2	59	2	18	1	60
575	60	47	4	10	84	150	16	4
576	32	3	3	10	159	8	2	134
577	5	208	138	56	6	29	2	135
578	108	209	4	142	6	7	62	2
579	4	210	131	1	31	148	1	130
580	4	211	132	140	92	142	1	136
581	4	212	86	82	2	143	142	137
582	32	47	48	10	74	8	2	138
583	1	214	2	59	2	18	1	140
584	1	222	37	143	2	143	1	60
585	111	23	86	30	2	149	143	6
586	4	197	1	4	2	20	1	141
587	1	215	1	144	2	144	46	142
588	111	23	86	145	2	149	143	6
589	1	216	2	59	2	18	1	140
590	1	217	37	143	2	143	1	60
591	21	218	3	146	160	1	4	2
592	50	75	3	10	16	8	144	55
593	83	104	18	2	5	108	2	2
594	31	195	11	36	27	67	26	125
595	25	223	107	52	71	29	2	57
596	50	225	3	26	6	8	2	55
597	64	226	40	11	161	16	12	109
598	65	224	139	19	12	24	145	80
599	30	45	33	10	27	34	24	2
600	1	228	34	82	47	2	27	139
601	91	165	141	116	16	8	117	111
602	92	166	143	117	21	4	13	108
603	93	169	141	118	138	152	120	111
604	93	167	141	116	2	102	118	111
605	93	188	141	116	148	154	120	111
606	93	180	143	127	138	155	120	119
607	93	180	141	118	138	152	120	111
608	93	180	141	118	16	108	120	111
609	93	231	141	149	163	152	147	111
610	93	171	145	150	138	158	120	111
611	93	171	141	116	140	7	120	117
612	93	182	141	129	164	160	120	111
613	94	171	144	120	138	123	120	111
614	95	173	116	121	142	156	121	115
615	98	178	122	125	141	127	123	118
616	99	181	120	128	144	157	125	120
617	100	187	142	131	148	131	129	123
618	114	166	141	55	138	152	120	143
619	115	230	122	148	162	130	146	144
620	4	13	1	6	2	2	1	1
621	9	234	15	7	4	9	6	9
622	116	186	122	130	147	130	128	122
623	2	4	6	4	1	161	1	1
624	2	4	6	4	165	21	1	1
625	9	134	74	134	4	162	1	9
626	2	77	1	9	2	20	148	6
627	9	134	74	31	4	72	1	9
628	59	110	88	63	93	84	86	83
629	8	235	7	3	7	1	4	2
630	117	12	52	50	136	97	11	11
631	31	195	11	35	27	1	26	125
632	25	65	4	10	16	8	2	30
633	1	1	2	1	1	2	1	1
634	118	236	16	30	4	163	1	27
635	5	3	3	3	5	1	2	5
636	7	3	3	68	74	7	4	5
637	10	148	3	3	18	1	4	23
638	8	28	7	3	7	1	4	2
639	8	2	7	3	7	1	149	2
640	8	2	2	84	7	1	4	146
641	2	237	23	15	10	15	10	12
642	32	238	4	18	16	7	4	5
643	10	3	147	83	41	1	4	78
644	4	28	3	152	18	1	4	2
645	8	239	7	3	7	1	4	2
646	10	2	48	3	166	1	4	2
647	10	2	7	3	18	1	4	23
648	8	240	7	3	7	1	4	2
649	119	3	4	10	78	29	2	5
650	11	196	148	17	18	164	4	147
651	17	6	4	12	154	7	2	4
652	10	2	149	17	18	1	4	10
653	120	241	150	153	167	165	150	148
654	121	37	3	10	5	7	4	65
655	122	15	10	5	2	4	1	6
656	16	242	16	30	2	19	1	24
657	19	12	52	50	136	13	11	149
658	4	243	1	154	2	98	102	1
659	8	2	7	3	7	1	14	2
660	3	15	4	11	8	3	5	3
661	83	28	110	3	18	1	110	40
662	30	45	33	37	27	34	24	4
663	11	2	7	100	16	1	4	40
664	8	2	7	3	7	1	4	79
665	18	12	17	14	4	14	4	14
666	25	65	3	10	26	53	4	65
667	5	2	151	52	18	1	4	22
668	93	244	141	147	168	152	120	143
669	93	166	141	155	138	166	120	111
670	123	245	117	156	169	167	151	150
671	124	247	153	158	171	169	153	153
672	125	251	156	162	174	172	150	151
673	35	267	38	173	38	191	161	35
674	8	28	7	3	7	1	4	65
675	126	248	117	159	172	170	154	154
676	127	249	154	160	173	171	155	155
677	124	250	155	161	171	169	153	153
678	64	252	129	21	175	12	138	11
679	10	2	3	163	18	1	4	22
680	128	2	7	84	7	1	4	2
681	10	2	3	3	166	173	4	2
682	83	28	4	3	18	1	110	156
683	18	8	15	20	66	136	56	32
684	58	156	110	17	18	31	120	40
685	1	1	15	7	2	9	6	9
686	129	19	1	6	2	2	1	1
687	58	2	7	17	7	1	4	2
688	9	134	74	164	4	72	1	9
689	31	195	11	35	27	67	26	152
690	9	1	1	7	4	9	6	9
691	2	1	15	7	4	9	6	9
692	6	6	4	3	154	7	2	4
693	11	2	3	3	7	1	4	2
694	1	253	2	1	1	2	3	1
695	31	254	24	36	12	67	26	10
696	25	3	107	10	176	29	2	57
697	13	39	11	16	177	25	8	19
698	10	2	3	17	18	1	4	2
699	119	91	4	10	78	29	2	5
700	1	128	103	4	2	2	1	157
701	34	62	157	35	27	174	156	43
702	2	77	1	9	2	20	1	6
703	8	2	7	3	7	1	4	159
704	17	9	28	12	9	175	9	11
705	2	15	1	165	2	20	1	6
706	2	259	23	15	10	15	10	12
707	6	260	3	2	6	7	2	4
708	6	6	4	166	6	7	2	4
709	6	5	4	2	6	7	2	161
710	19	258	159	11	136	13	11	108
711	130	99	158	55	43	18	46	1
712	73	255	102	95	4	72	1	74
713	25	256	3	2	16	7	2	160
714	131	257	3	3	16	31	4	158
715	10	28	3	17	16	1	4	40
716	10	28	3	152	18	1	4	2
717	6	5	3	99	6	7	2	4
718	10	2	3	52	7	1	4	2
719	19	9	28	12	9	13	9	11
720	30	11	23	15	10	15	10	12
721	30	45	33	37	27	34	24	2
722	64	204	129	21	175	12	138	11
723	11	206	30	3	2	1	4	23
724	30	45	33	35	27	34	24	2
725	1	74	2	59	2	18	1	60
726	25	65	3	10	16	8	2	30
727	17	9	28	90	9	135	9	11
728	12	40	24	19	13	24	8	3
729	9	20	4	7	4	9	6	9
730	5	37	4	10	16	8	2	2
731	30	45	33	35	27	34	25	2
732	14	14	14	82	2	4	1	15
733	5	37	4	10	78	8	2	65
734	17	9	15	12	9	135	9	11
735	50	160	3	10	5	57	4	5
736	10	2	3	167	18	1	4	67
737	23	9	17	135	9	176	7	13
738	6	6	4	166	6	177	2	4
739	7	37	4	10	26	7	4	162
740	8	261	101	94	8	103	107	3
741	8	262	7	3	7	1	4	2
742	25	3	160	168	16	178	157	163
743	16	1	161	81	4	72	1	75
744	25	174	3	10	5	179	2	57
745	16	1	74	134	4	180	6	9
746	132	65	3	10	26	53	4	65
747	133	41	47	169	178	23	20	164
748	25	65	3	10	180	53	4	65
749	25	65	48	10	179	8	2	2
750	8	2	7	3	7	1	4	65
751	1	129	2	174	2	18	1	60
752	50	123	3	10	16	8	2	166
753	10	2	3	25	17	1	4	22
754	25	65	48	10	74	8	2	2
755	5	65	4	52	16	57	4	2
756	8	29	7	3	7	1	4	2
757	31	46	24	36	12	67	26	10
758	50	3	3	10	191	57	4	5
759	23	9	17	17	9	176	177	13
760	8	2	7	179	7	1	4	2
761	12	40	24	178	13	24	26	3
762	14	14	171	28	1	4	1	15
763	2	124	170	31	43	20	37	7
764	6	6	4	176	6	7	2	168
765	6	272	4	176	6	7	2	168
766	6	273	4	176	6	7	2	168
767	135	2	7	3	7	1	4	2
768	12	271	24	178	13	24	26	3
769	30	270	33	19	187	194	82	171
770	8	2	7	3	186	1	4	65
771	3	263	5	11	8	181	5	3
772	10	2	167	3	185	1	4	2
773	106	41	128	138	158	202	178	38
774	8	2	7	3	7	1	179	2
775	8	2	7	3	7	1	4	170
776	17	8	169	71	66	12	13	32
777	10	2	168	3	7	1	4	4
778	87	3	4	68	63	57	4	169
779	8	2	7	3	7	193	4	2
780	8	2	167	3	7	1	4	2
781	8	2	166	177	60	1	4	2
782	8	2	165	3	184	1	4	2
783	57	2	164	3	60	1	4	23
784	6	5	163	176	6	7	2	168
785	1	274	2	59	2	195	163	60
786	2	23	2	31	2	70	3	175
787	1	74	2	59	188	18	1	60
788	110	23	125	59	2	20	1	1
789	1	275	73	30	43	18	46	1
790	130	23	172	55	43	18	46	1
791	2	136	73	82	127	18	46	1
792	130	23	73	55	43	18	46	1
793	1	279	73	55	189	18	46	1
794	2	23	73	181	43	102	167	1
795	1	134	10	181	43	102	165	1
796	4	276	10	5	2	4	1	6
797	73	255	102	95	2	72	1	74
798	102	1	6	4	2	6	1	1
799	1	23	97	82	2	98	166	60
800	1	274	2	59	2	197	1	60
801	51	277	55	180	21	32	1	31
802	51	13	55	180	21	32	1	31
803	4	48	173	182	181	2	168	1
804	1	275	11	31	2	143	169	60
805	2	138	102	55	2	196	164	8
806	16	1	174	112	2	9	170	75
807	2	18	103	1	181	198	171	8
808	35	278	6	180	132	98	102	8
809	10	3	4	83	41	1	4	2
810	1	73	2	55	43	18	46	157
811	137	15	102	31	2	143	172	176
812	51	280	55	4	21	2	3	6
813	88	17	175	183	4	199	173	27
814	9	20	15	7	4	203	6	9
815	12	271	24	19	13	24	8	3
816	17	8	112	71	66	12	13	32
817	10	2	3	3	7	1	4	4
818	57	2	7	3	60	1	4	23
819	8	269	7	3	7	1	4	2
820	4	13	1	6	2	2	137	1
821	2	18	72	31	43	20	37	7
822	68	110	88	63	93	84	86	83
823	76	2	7	3	7	1	4	2
824	10	91	3	3	18	1	4	23
825	4	136	72	82	2	4	1	6
826	66	39	11	35	9	67	1	43
827	8	2	7	52	60	1	4	2
828	25	3	4	68	5	1	16	169
829	31	195	11	35	27	67	26	125
830	8	2	7	177	60	1	4	2
831	87	3	4	26	5	57	4	103
832	8	2	7	3	192	1	180	2
833	8	2	7	3	186	1	98	2
834	10	282	178	184	41	206	180	177
835	8	2	7	52	7	1	4	2
836	86	2	7	3	172	1	4	23
837	8	265	7	3	7	1	4	2
838	55	20	2	4	47	2	1	8
839	17	133	101	94	8	103	107	3
840	35	67	41	49	28	201	174	17
841	35	58	67	39	28	110	108	35
842	5	91	4	52	16	7	4	169
843	10	2	7	17	7	1	4	2
844	97	152	98	185	193	126	181	178
845	5	37	4	10	78	8	2	2
846	82	91	4	10	74	53	2	103
847	82	3	3	186	194	7	2	2
848	141	283	179	45	33	43	36	179
849	25	3	4	4	3	164	16	169
850	25	3	4	68	5	1	4	2
851	5	3	48	52	16	7	4	65
852	93	227	140	116	138	151	120	117
853	25	65	3	10	16	8	2	2
854	46	47	3	10	159	178	157	181
855	60	3	3	68	78	137	4	182
856	142	284	67	187	38	101	43	180
857	10	2	7	3	60	1	180	2
858	10	28	7	18	18	1	4	2
859	9	4	74	134	4	72	1	9
860	50	47	4	52	5	8	2	90
861	83	28	7	99	18	1	4	2
862	10	87	3	3	16	1	4	2
863	32	71	3	26	16	53	2	50
864	136	285	38	22	28	101	43	42
865	10	3	3	83	41	1	4	2
866	84	37	3	10	74	7	4	183
867	106	142	178	138	158	23	20	40
868	139	11	54	15	195	207	10	54
869	143	286	180	188	196	208	182	184
870	106	142	181	138	158	23	20	40
871	6	5	3	2	6	7	2	61
872	65	84	139	19	12	24	145	80
873	8	2	7	52	152	1	4	2
874	102	23	73	55	43	18	46	1
875	144	287	182	189	23	37	183	185
876	8	2	7	3	197	209	4	2
877	8	2	7	190	7	1	4	2
878	8	2	183	3	7	1	4	2
879	4	288	1	6	2	2	1	1
880	73	17	74	76	121	199	173	186
881	7	33	18	2	5	28	2	187
882	145	19	1	6	2	2	1	1
883	4	20	2	4	47	2	1	188
884	2	289	1	9	2	20	1	6
885	6	83	3	2	6	7	2	4
886	64	204	129	21	175	210	138	11
887	146	8	112	94	66	12	13	3
888	64	10	184	21	30	88	91	11
889	8	2	7	3	198	1	4	2
890	10	148	3	3	18	1	4	2
891	60	290	4	10	26	57	4	55
892	47	47	48	26	74	57	4	5
893	25	3	4	10	78	29	2	5
894	87	3	4	26	5	57	184	103
895	44	291	46	15	2	45	38	54
896	147	74	58	15	2	211	10	189
897	10	292	7	3	7	212	4	2
898	10	3	4	191	41	1	4	190
899	50	293	3	192	6	8	2	55
900	148	3	4	193	25	31	18	191
901	149	3	21	194	26	213	185	40
902	2	4	6	195	1	6	1	1
903	6	294	3	2	6	7	186	4
904	93	295	141	196	199	159	120	192
905	150	296	185	94	66	12	13	193
906	151	41	41	197	200	27	19	194
907	152	297	186	198	23	214	187	185
908	18	8	27	11	8	12	13	11
909	80	190	31	22	123	12	13	3
910	50	3	3	10	5	57	4	5
911	140	5	4	2	6	7	2	4
912	5	298	48	10	5	86	4	50
913	8	2	7	3	7	215	4	2
914	10	239	7	3	60	1	4	2
915	147	74	54	15	2	211	10	189
916	10	11	54	15	195	207	10	54
917	10	3	110	83	41	1	4	2
918	153	41	107	123	6	28	2	57
919	58	156	110	17	18	31	112	2
920	154	42	38	39	38	37	29	48
921	23	9	8	12	9	11	7	195
922	6	5	3	199	6	7	2	4
923	4	15	10	5	2	217	1	6
924	131	257	3	3	16	218	4	158
925	7	65	48	10	16	8	2	2
926	22	11	23	15	10	15	10	12
927	4	299	58	15	10	45	113	12
928	2	11	187	15	10	15	10	12
929	2	11	23	15	10	15	10	196
930	2	11	23	15	10	15	10	197
931	10	300	23	15	10	15	10	12
932	44	301	46	15	2	45	38	1
933	4	11	54	15	2	15	188	1
934	76	142	41	54	14	106	36	40
935	72	41	67	171	45	23	20	38
936	155	302	38	22	28	219	43	42
937	136	302	38	22	28	101	43	42
938	35	52	188	200	19	37	29	17
939	134	268	162	175	183	191	162	198
940	156	303	189	201	201	220	189	42
941	106	142	190	138	158	23	20	40
942	35	304	191	39	28	36	139	42
943	105	42	106	39	38	37	29	199
944	5	2	4	10	7	8	2	2
945	8	2	7	3	7	1	98	2
946	157	10	90	202	30	16	190	200
947	50	225	3	192	6	8	2	55
948	10	298	4	10	16	53	4	113
949	5	225	3	192	6	8	2	55
950	82	65	3	10	74	57	4	50
951	25	174	4	10	78	29	2	5
952	32	170	4	10	26	8	2	5
953	5	47	3	26	78	7	4	50
954	32	47	3	10	5	8	2	90
955	5	47	4	10	26	1	4	77
956	5	3	4	52	16	29	2	2
957	24	31	4	10	16	1	4	2
958	10	118	3	3	18	1	4	23
959	146	8	192	94	66	12	13	11
960	10	2	3	3	18	1	4	23
961	6	311	194	2	6	223	2	4
962	17	312	195	207	8	12	9	3
963	23	9	52	208	9	11	7	13
964	102	276	196	9	2	20	1	6
965	4	13	197	31	21	4	1	6
966	88	313	127	76	4	72	1	9
967	10	28	3	18	18	1	4	205
968	25	91	4	2	6	7	2	206
969	159	314	4	53	203	224	131	164
970	83	28	3	3	18	1	110	156
971	127	249	198	209	204	171	155	207
972	136	315	4	210	74	202	193	50
973	160	29	7	3	7	1	4	2
974	5	3	3	10	78	1	4	208
975	23	26	1	6	2	2	1	4
976	58	156	4	17	16	31	112	40
977	4	5	1	6	2	2	1	1
978	23	9	8	12	9	11	7	2
979	9	1	15	7	4	25	6	9
980	8	2	7	3	7	1	4	13
981	9	1	15	7	4	4	6	9
982	6	2	4	2	6	7	2	1
983	87	47	48	10	16	7	16	65
984	1	262	9	8	2	10	1	7
985	8	26	7	3	7	1	4	2
986	6	5	194	2	6	7	2	4
987	10	28	3	3	18	1	4	2
988	16	1	74	76	75	9	6	74
989	93	180	141	118	138	152	120	117
990	93	229	140	116	205	158	120	117
991	120	316	150	211	167	225	194	148
992	1	74	57	59	2	18	1	60
993	4	124	99	140	206	142	1	210
994	111	255	86	30	2	149	143	209
995	161	317	199	188	196	226	195	211
996	126	248	200	159	172	170	154	212
997	126	248	200	159	172	170	154	154
998	10	2	149	17	18	1	4	40
999	10	28	4	3	18	1	4	2
1000	10	2	3	17	18	1	4	213
1001	69	3	4	52	25	31	18	20
1002	25	207	3	192	6	8	2	55
1003	19	9	25	109	9	22	10	13
1004	50	47	48	10	5	57	4	5
1005	152	189	7	132	162	127	130	77
1006	8	2	7	3	186	1	4	2
1007	25	3	4	146	78	29	2	5
1008	3	8	5	11	161	3	5	3
1009	5	3	4	52	84	1	16	66
1010	156	303	189	210	201	220	189	42
1011	13	148	194	16	12	25	90	19
1012	10	33	18	166	5	28	2	2
1013	10	2	149	17	18	116	16	40
1014	10	2	3	163	18	116	16	22
1015	32	47	4	119	26	8	2	65
1016	2	26	12	1	2	102	1	6
1017	87	123	3	10	74	8	2	2
1018	24	31	4	26	16	29	199	2
1019	97	176	98	123	212	126	115	40
1020	25	37	203	10	74	7	4	183
1021	10	323	110	17	16	1	201	40
1022	8	323	110	17	16	1	201	40
1023	38	318	41	22	38	27	19	42
1024	163	297	186	198	23	230	187	218
1025	156	303	201	210	210	202	189	42
1026	164	322	204	214	38	204	202	219
1027	165	324	51	214	33	41	203	36
1028	152	297	186	198	23	214	187	220
1029	166	325	205	215	135	231	204	221
1030	38	41	206	54	42	55	45	100
1031	156	321	201	210	210	202	198	216
1032	167	326	189	216	213	232	86	222
1033	168	327	207	47	193	41	205	223
1034	35	67	208	39	208	101	206	35
1035	156	320	3	210	208	227	189	215
1036	46	322	202	213	211	229	200	217
1037	46	264	209	214	28	41	193	36
1038	169	328	56	210	28	233	207	45
1039	170	329	51	217	193	50	193	36
1040	35	330	67	39	28	110	108	35
1041	10	297	186	198	23	214	187	218
1042	42	184	189	49	214	48	208	224
1043	172	42	210	39	38	234	209	35
1044	19	331	211	217	215	50	205	225
1045	173	53	39	40	216	235	210	226
1046	106	332	128	138	158	23	20	40
1047	144	333	178	218	28	236	211	227
1048	174	334	66	210	217	237	20	42
1049	175	335	21	219	28	238	212	228
1050	42	336	41	45	38	43	36	40
1051	176	41	21	92	23	23	20	18
1052	22	337	67	220	55	239	43	229
1053	35	42	47	39	218	37	43	46
1054	42	338	178	45	33	43	36	225
1055	156	339	201	210	210	202	189	42
1056	156	318	201	212	207	202	198	42
1057	133	340	178	197	218	59	49	38
1058	156	341	4	210	209	228	197	215
1059	177	342	212	221	219	240	36	230
1060	178	343	213	222	214	241	213	225
1061	179	344	214	39	38	201	174	231
1062	180	345	178	39	220	242	36	232
1063	35	346	38	173	38	39	214	35
1064	133	347	41	223	218	27	19	42
1065	181	41	21	22	19	59	19	17
1066	151	41	41	197	78	27	19	50
1067	22	41	21	3	23	23	20	233
1068	156	319	4	212	201	41	39	42
1069	22	41	21	92	221	23	20	18
1070	162	318	4	210	207	202	196	214
1071	182	41	21	3	23	23	20	18
1072	42	348	178	224	23	99	215	234
1073	183	264	211	214	193	50	205	235
1074	179	346	214	39	38	243	174	231
1075	178	349	213	222	214	241	213	225
1076	184	350	67	225	38	101	43	17
1077	35	346	38	173	38	39	214	236
1078	25	3	4	68	71	1	16	55
1079	11	351	4	3	15	1	4	16
1080	17	312	195	13	8	12	9	3
1081	7	3	48	10	5	8	2	65
1082	17	9	215	12	9	135	9	11
1083	9	1	15	7	222	9	6	9
1084	2	352	1	8	223	244	216	237
1085	60	3	216	26	16	121	116	238
1086	25	91	3	2	224	7	2	4
1087	4	128	103	1	2	6	1	6
1088	66	39	11	35	225	67	26	43
1089	10	87	218	3	16	1	4	2
1090	185	312	195	13	8	245	9	3
1091	1	146	1	1	2	32	27	237
1092	32	47	3	10	5	8	2	50
1093	10	2	7	3	226	1	4	2
1094	25	355	4	10	84	7	4	2
1095	73	99	102	95	4	72	1	74
1096	10	239	7	3	7	1	4	2
1097	131	2	7	3	7	1	4	2
1098	8	2	7	3	7	1	4	239
1099	11	3	4	3	227	1	4	16
1100	8	2	219	3	7	1	4	2
1101	25	356	3	2	16	7	2	160
1102	10	2	7	16	7	1	4	2
1103	9	1	15	7	4	9	6	240
1104	187	1	15	7	4	9	6	9
1105	5	3	48	10	6	8	2	2
1106	82	3	3	2	5	8	2	2
1107	50	354	217	10	5	57	4	5
1108	25	3	48	10	228	57	4	90
1109	188	353	217	10	5	7	4	5
1110	50	353	217	10	5	7	4	5
1111	10	3	4	83	41	246	4	2
1112	10	2	7	3	229	1	4	2
1113	25	47	3	52	16	57	4	2
1114	25	3	3	52	78	29	217	103
1115	10	28	3	3	18	1	4	23
1116	14	26	14	226	2	247	218	1
1117	8	2	221	3	7	1	4	2
1118	50	65	3	10	16	8	2	55
1119	9	20	222	7	4	9	6	9
1120	5	65	3	10	78	8	2	30
1121	25	47	108	56	16	29	2	241
1122	56	357	223	207	231	248	107	242
1123	23	358	52	208	9	11	7	13
1124	50	3	3	227	5	249	4	5
1125	189	1	15	7	4	9	6	9
1126	88	17	175	228	4	199	173	243
1127	7	37	4	10	26	250	4	2
1128	23	9	17	229	9	11	7	13
1129	19	359	159	11	136	13	11	108
1130	7	281	224	12	14	107	9	244
1131	32	47	3	10	5	57	4	50
1132	10	361	225	18	18	251	4	167
1133	8	360	7	3	7	1	4	2
1134	23	9	17	135	9	176	177	13
1135	8	2	3	3	7	1	4	2
1136	56	281	176	11	190	200	175	244
1137	32	3	3	10	78	7	4	5
1138	32	208	4	10	16	7	4	5
1139	10	91	3	3	233	1	4	23
1140	191	2	3	3	166	1	4	2
1141	7	33	18	2	5	8	2	247
1142	10	2	3	17	18	1	4	248
1143	19	364	17	12	234	13	11	249
1144	7	365	18	231	5	28	2	2
1145	8	366	7	3	7	1	4	2
1146	10	2	7	3	7	252	4	2
1147	6	65	3	10	16	8	2	250
1148	7	362	18	2	5	8	2	2
1149	10	29	7	3	7	253	4	2
1150	10	91	3	3	18	254	4	23
1151	7	367	18	2	5	28	2	2
1152	7	368	18	2	5	28	2	2
1153	192	3	4	232	235	7	4	2
1154	139	11	46	233	2	45	38	251
1155	2	138	102	55	2	196	219	8
1156	56	369	176	11	190	200	175	244
1157	139	370	46	233	236	45	38	251
1158	193	2	226	100	16	1	4	2
1159	6	65	3	10	16	8	2	2
1160	7	33	18	231	5	28	2	2
1161	23	9	52	135	9	11	7	13
1162	10	87	7	18	18	1	4	102
1163	50	65	4	10	16	8	2	55
1164	18	68	35	12	10	13	11	97
1165	25	170	4	10	5	7	2	50
1166	1	275	73	55	43	18	46	1
1167	16	8	112	71	66	12	13	32
1168	2	278	6	180	132	98	102	8
1169	137	15	102	31	2	143	142	176
1170	8	2	4	83	7	1	4	252
1171	8	2	7	3	237	1	4	2
1172	194	31	4	26	16	255	2	2
1173	51	371	14	28	2	256	1	253
1174	8	2	7	3	238	1	4	2
1175	87	225	48	10	74	7	220	65
1176	8	2	7	52	7	1	4	255
1177	32	372	3	10	16	7	4	5
1178	26	373	52	12	11	186	175	256
1179	5	374	3	234	6	7	4	2
1180	8	375	7	235	7	1	4	2
1181	83	28	227	3	18	1	110	156
1182	195	363	228	93	239	257	221	257
1183	7	376	18	2	5	28	2	2
1184	5	377	4	142	26	7	2	2
1185	8	2	229	3	7	1	4	2
1186	10	29	7	236	7	1	4	2
1187	19	378	52	237	11	258	222	200
1188	10	29	7	3	240	1	4	2
1189	8	2	7	238	241	1	4	2
1190	19	379	8	239	242	12	223	258
1191	10	2	3	3	243	1	4	2
1192	10	2	226	100	18	259	4	259
1193	18	380	230	12	14	13	176	260
1194	18	381	35	12	10	13	11	97
1195	17	9	231	51	14	13	224	261
1196	10	382	4	83	41	1	4	2
1197	18	383	35	12	10	13	11	97
1198	196	384	52	12	14	260	225	249
1199	44	63	46	15	245	45	38	1
1200	76	386	7	3	60	1	4	263
1201	44	387	46	15	2	45	38	54
1202	1	291	46	15	2	262	10	54
1203	14	23	12	240	2	32	1	8
1204	137	388	11	241	246	34	25	264
1205	24	31	232	26	16	29	199	2
1206	7	33	18	2	5	28	226	2
1207	2	389	73	82	127	18	46	1
1208	197	39	11	242	27	34	37	43
1209	19	373	233	12	10	186	175	265
1210	185	8	234	51	11	136	56	266
1211	146	390	112	94	66	12	13	3
1212	50	47	3	10	5	8	2	267
1213	1	391	73	55	43	18	46	1
1214	25	65	3	10	16	8	227	2
1215	198	23	235	243	2	263	106	157
1216	8	104	7	10	247	1	4	2
1217	199	28	7	3	7	1	4	2
1218	76	2	7	3	60	1	4	2
1219	10	2	7	244	60	1	4	23
1220	10	2	7	3	248	1	4	2
1221	10	2	3	245	41	1	4	23
1222	10	28	3	246	18	1	4	2
1223	10	392	3	247	18	1	4	2
1224	11	393	226	18	249	1	4	40
1225	10	2	3	17	18	264	4	22
1226	10	2	3	17	18	1	80	268
1227	84	37	3	10	74	265	4	183
1228	23	394	8	12	9	11	7	13
1229	200	395	236	248	250	266	228	116
1230	7	396	18	2	5	28	2	2
1231	8	2	4	3	7	1	4	269
1232	201	3	3	10	251	8	2	5
1233	1	74	2	59	20	18	1	60
1234	202	4	6	180	132	102	106	6
1235	73	397	102	76	252	267	170	95
1236	203	398	73	55	43	18	229	1
1237	1	398	73	55	43	18	229	1
1238	4	399	237	249	253	142	1	6
1239	2	400	6	4	1	6	1	1
1240	204	385	52	13	244	261	176	262
1241	10	2	3	3	41	1	4	23
1242	4	4	6	180	132	98	102	8
1243	10	149	7	3	7	118	4	2
1244	4	26	1	6	2	2	1	1
1245	5	75	4	142	26	7	2	2
1246	4	26	11	31	181	98	102	8
1247	50	91	4	10	26	8	2	90
1248	2	138	55	4	2	2	3	6
1249	1	1	2	1	1	2	22	254
1250	4	128	173	182	181	183	102	1
1251	25	223	107	52	74	29	2	57
1252	6	6	3	230	6	7	2	4
1253	6	6	4	2	154	7	2	246
1254	11	196	7	17	232	1	4	245
1255	205	401	16	250	254	268	1	270
1256	2	23	238	251	255	269	230	271
1257	206	291	14	82	1	32	1	272
1258	3	8	5	11	8	3	5	273
1259	207	2	3	3	18	1	4	23
1260	10	2	3	17	18	1	4	274
1261	8	2	7	252	22	1	4	2
1262	1	1	2	1	1	2	231	1
1263	64	402	40	11	161	16	12	109
1264	8	2	7	3	7	1	4	275
1265	8	2	7	3	131	1	232	2
1266	11	3	20	3	256	1	4	16
1267	6	6	4	2	257	7	2	4
1268	7	403	18	2	5	8	2	2
1269	2	404	23	15	10	15	10	12
1270	88	15	127	76	4	72	1	9
1271	1	74	2	59	2	18	1	276
1272	1	1	55	4	181	183	102	56
1273	1	1	239	4	181	183	102	56
1274	51	13	55	4	21	2	3	6
1275	16	4	74	76	75	9	6	74
1276	16	134	175	112	121	180	6	186
1277	16	134	127	76	4	72	1	74
1278	1	48	77	31	2	70	3	31
1279	1	74	37	59	2	143	1	60
1280	2	26	9	8	2	102	1	7
1281	1	136	12	1	2	102	1	6
1282	4	23	6	180	132	98	102	8
1283	4	26	10	4	21	2	3	8
1284	1	23	73	181	43	102	167	1
1285	2	18	72	180	2	20	1	1
1286	4	201	175	76	4	72	1	9
1287	60	140	4	52	84	8	4	96
1288	24	31	4	52	16	29	2	2
1289	25	47	3	10	5	8	2	2
1290	17	2	3	3	7	1	4	4
1291	50	47	3	10	16	8	2	30
1292	32	65	217	10	5	8	2	5
1293	11	28	7	3	18	1	4	23
1294	10	28	3	18	16	1	4	23
1295	10	2	3	216	7	1	4	2
1296	6	3	3	52	78	1	4	2
1297	10	2	3	3	60	1	4	2
1298	10	2	4	3	7	1	4	2
1299	10	2	7	17	18	259	4	259
1300	10	2	226	3	18	1	4	259
1301	10	3	4	3	7	1	4	2
1302	10	28	182	3	18	1	4	2
1303	10	148	3	3	7	1	4	23
1304	10	148	7	3	7	1	4	23
1305	10	177	4	3	7	1	4	2
1306	11	91	30	3	78	1	4	23
1307	11	148	3	3	18	1	4	23
1308	11	196	148	17	18	1	4	2
1309	25	47	4	2	26	53	2	2
1310	25	47	4	10	26	1	4	2
1311	32	123	3	10	5	8	2	50
1312	35	52	38	39	38	36	29	35
1313	47	47	3	52	26	53	2	2
1314	87	3	4	52	16	29	2	2
1315	87	225	48	10	74	7	4	65
1316	152	297	186	198	23	214	187	218
1317	7	306	18	2	5	28	2	2
1318	11	3	4	25	25	31	18	20
1319	5	209	4	142	26	7	236	2
1320	7	33	18	2	5	28	239	2
1321	8	2	7	3	7	1	4	277
1322	8	2	7	3	259	1	4	2
1323	8	2	7	3	259	1	4	282
1324	8	28	7	3	259	1	4	2
1325	8	239	7	3	7	1	238	2
1326	10	2	3	3	259	1	4	2
1327	10	2	7	3	7	271	4	2
1328	10	2	7	3	260	1	4	2
1329	10	2	7	3	263	1	4	2
1330	10	2	7	101	7	1	237	2
1331	10	2	66	3	261	1	4	279
1332	10	2	240	18	7	57	4	101
1333	10	3	4	254	41	274	4	78
1334	10	28	4	3	18	1	235	2
1335	10	148	3	3	18	272	4	23
1336	10	148	3	3	259	1	4	2
1337	10	148	4	17	7	1	4	280
1338	10	407	4	83	41	1	4	2
1339	10	409	7	18	18	1	4	102
1340	10	410	7	3	262	1	4	2
1341	10	411	3	3	7	1	4	2
1342	10	412	3	3	7	1	240	2
1343	10	415	3	255	16	1	4	283
1344	10	416	242	256	16	1	237	284
1345	11	2	7	3	18	275	4	2
1346	11	413	7	3	259	1	241	23
1347	24	2	4	26	259	1	4	2
1348	24	31	4	26	259	29	2	2
1349	24	31	4	52	264	29	2	2
1350	60	2	241	10	259	57	4	2
1351	67	124	86	30	267	102	1	6
1352	173	414	39	210	265	273	103	281
1353	209	408	7	17	259	1	4	23
1354	210	2	3	3	7	1	4	2
1355	211	148	7	100	18	1	242	2
1356	212	2	3	17	18	1	4	22
1357	213	28	4	3	266	1	4	23
1358	214	2	4	3	7	1	4	252
1359	215	2	7	3	259	1	4	23
1360	216	2	226	100	259	1	4	259
1361	5	406	4	10	16	8	2	2
1362	6	6	4	253	154	7	2	4
1363	8	405	7	3	7	1	4	2
1364	10	2	7	3	7	1	234	2
1365	154	42	38	39	78	37	29	278
1366	208	41	110	53	258	270	233	164
1367	8	2	7	3	7	1	246	2
1368	10	2	3	17	269	1	4	22
1369	10	2	3	258	18	1	4	22
1370	10	2	7	3	7	276	243	2
1371	10	2	7	3	18	1	4	2
1372	10	2	7	3	259	1	4	2
1373	10	417	3	257	259	1	4	2
1374	10	417	3	257	259	1	244	2
1375	24	31	4	26	268	29	2	2
1376	24	31	4	26	268	29	245	2
1377	82	37	48	10	194	1	4	203
1378	106	310	243	45	33	277	115	204
1379	217	3	4	254	41	274	4	78
1380	218	39	99	93	270	100	105	285
1381	24	418	4	26	16	29	2	2
1382	5	47	66	56	6	7	2	203
1383	18	419	52	98	11	278	247	286
1384	2	77	72	31	2	20	1	73
1385	9	1	15	2	4	9	6	9
1386	8	2	7	5	7	1	4	2
1387	3	1	5	11	8	3	5	3
1388	84	37	3	12	74	7	4	183
1389	8	2	7	3	243	1	4	2
1390	31	195	11	259	27	34	248	43
1391	13	39	11	16	271	25	8	19
1392	9	1	15	7	4	9	249	9
1393	66	420	11	35	225	67	26	43
1394	11	196	148	17	18	279	4	2
1395	64	252	129	21	175	12	250	11
1396	118	236	16	30	4	163	251	27
1397	207	2	4	3	18	1	4	2
1398	8	262	7	3	7	1	4	253
1399	20	362	21	22	19	27	19	17
1400	10	2	3	17	18	1	4	5
1401	1	1	2	1	1	2	257	1
1402	1	1	2	1	1	2	259	1
1403	1	1	2	1	1	2	260	1
1404	1	1	2	260	1	2	3	1
1405	1	1	244	1	1	2	3	1
1406	1	7	1	9	2	20	1	297
1407	1	7	1	9	2	20	216	6
1408	1	23	55	4	181	183	102	56
1409	1	74	54	15	2	262	10	1
1410	2	4	6	4	1	6	1	295
1411	2	15	72	31	2	20	216	73
1412	2	21	1	8	223	244	216	237
1413	2	26	9	8	2	10	1	7
1414	2	134	6	4	1	6	1	1
1415	4	77	10	5	2	4	1	289
1416	4	427	1	1	31	148	1	130
1417	5	65	3	10	16	8	2	30
1418	5	65	3	10	16	285	2	30
1419	7	37	3	10	26	7	4	2
1420	8	421	7	3	7	1	4	2
1421	9	1	15	7	4	9	6	287
1422	9	1	15	265	4	9	6	9
1423	9	1	246	7	4	9	6	9
1424	9	134	74	134	4	286	1	9
1425	9	425	74	134	4	72	1	9
1426	10	2	3	3	7	280	4	2
1427	10	2	3	3	18	281	4	23
1428	10	2	7	3	7	1	4	293
1429	10	2	7	3	60	1	4	92
1430	10	2	7	3	273	1	4	291
1431	10	2	247	3	7	1	4	288
1432	10	28	3	18	18	26	4	2
1433	11	3	248	3	15	1	4	16
1434	11	196	148	2	18	164	4	147
1435	11	282	4	52	277	31	18	20
1436	12	40	24	19	13	287	8	29
1437	14	25	14	29	2	4	1	15
1438	16	1	74	134	274	180	6	9
1439	16	134	174	112	2	9	170	75
1440	17	12	26	13	11	13	254	3
1441	17	357	101	94	8	103	107	3
1442	23	424	17	135	9	11	7	13
1443	24	3	3	26	16	108	252	2
1444	25	432	3	10	26	53	4	65
1445	26	10	90	264	30	16	12	11
1446	26	434	90	264	30	16	12	11
1447	32	37	48	10	74	57	4	65
1448	32	47	4	10	71	7	4	5
1449	32	123	48	68	78	8	2	298
1450	50	47	4	10	5	8	2	30
1451	50	65	48	10	78	8	2	290
1452	55	20	2	4	47	2	253	8
1453	58	199	110	263	275	31	112	2
1454	63	26	2	28	1	284	1	8
1455	63	26	245	28	1	18	1	8
1456	64	423	129	21	175	12	138	11
1457	64	428	129	21	175	12	138	11
1458	64	429	129	21	175	12	138	11
1459	83	28	110	52	18	1	256	40
1460	87	47	48	10	16	7	4	65
1461	96	395	117	261	272	125	122	116
1462	102	401	73	82	127	18	46	1
1463	118	161	16	30	4	163	1	27
1464	154	340	41	54	218	59	20	164
1465	158	309	3	206	71	7	4	21
1466	219	422	37	9	2	2	3	128
1467	220	17	102	76	252	72	173	95
1468	221	3	48	10	26	57	4	90
1469	222	1	15	7	4	9	6	9
1470	223	426	4	53	258	282	233	292
1471	224	430	40	262	30	283	255	294
1472	225	431	121	96	30	12	126	121
1473	226	13	74	183	2	180	6	75
1474	226	435	74	183	2	180	6	75
1475	227	433	249	266	276	12	258	296
1476	228	4	6	4	1	6	1	1
1477	229	3	3	10	16	8	2	2
1478	230	4	6	4	1	6	1	1
1479	64	252	129	21	175	12	261	11
1480	10	436	4	83	41	1	4	2
1481	8	262	7	3	7	1	4	299
1482	8	2	7	3	7	1	4	300
1483	9	437	15	7	4	9	6	9
1484	4	24	10	5	2	4	264	6
1485	6	438	4	2	6	7	2	301
1486	8	2	7	268	7	1	4	2
1487	9	1	15	7	4	9	6	304
1488	9	1	15	7	4	9	262	9
1489	9	1	15	267	4	9	6	9
1490	9	134	15	134	4	72	1	9
1491	9	134	74	134	4	288	1	9
1492	10	28	7	18	18	1	4	302
1493	14	136	14	29	2	4	1	15
1494	14	439	14	29	2	4	1	15
1495	17	9	28	12	9	289	9	11
1496	23	9	8	12	9	11	7	303
1497	23	9	17	135	9	11	263	13
1498	32	441	3	10	78	7	4	2
1499	87	442	4	10	78	29	2	5
1500	102	18	97	82	2	290	1	93
1501	231	440	3	257	18	1	4	2
1502	190	29	7	3	7	253	4	245
1503	1	7	1	9	278	20	1	6
1504	5	47	4	10	26	1	4	305
1505	1	1	2	1	279	2	3	1
1506	232	8	112	11	8	103	265	32
1507	1	7	250	9	20	20	1	6
1508	88	24	127	76	4	72	1	9
1509	23	443	17	135	9	11	7	13
1510	1	444	2	1	1	2	3	1
1511	14	136	14	82	2	4	1	15
1512	5	205	4	10	5	8	2	90
1513	1	1	104	1	1	2	3	1
1514	185	312	195	13	8	12	9	3
1515	7	32	18	2	5	8	266	2
1516	233	148	3	3	7	1	4	2
1517	234	44	101	20	280	291	44	306
1518	10	87	110	3	16	1	4	2
1519	28	9	32	20	14	33	11	11
1520	10	2	3	3	7	1	4	307
1521	8	28	7	3	7	1	267	2
1522	9	134	251	134	4	72	1	9
1523	87	445	4	10	78	29	2	5
1524	4	446	1	6	2	2	1	1
1525	23	9	8	12	9	292	7	13
1526	47	3	3	10	5	57	4	2
1527	235	43	31	33	8	3	5	11
1528	1	1	2	1	1	293	3	1
1529	9	134	74	134	4	72	268	9
1530	4	19	1	6	281	2	1	1
1531	7	3	4	10	6	7	4	2
1532	25	160	3	10	5	57	4	5
1533	236	4	6	4	1	21	1	1
1534	237	1	15	7	4	9	6	9
1535	154	42	38	39	38	37	269	48
1536	1	447	74	112	4	294	1	27
1537	18	38	32	269	9	22	10	11
1538	8	2	252	3	7	1	4	2
1539	25	445	3	10	282	57	4	68
1540	238	448	253	270	283	12	270	109
1541	13	420	11	16	284	295	271	19
1542	10	28	4	3	18	1	272	2
1543	87	3	4	10	78	29	2	5
1544	64	449	129	21	175	12	138	11
1545	82	34	4	10	84	1	4	4
1546	4	450	1	6	2	2	1	1
1547	14	23	2	55	181	18	46	1
1548	239	451	126	271	285	296	273	127
1549	45	43	129	272	30	12	258	308
1550	32	37	48	52	74	8	2	65
1551	2	1	6	4	1	297	1	1
1552	1	1	2	1	286	2	3	1
1553	240	47	4	119	287	8	2	65
1554	2	7	1	9	2	298	1	6
1555	35	52	182	39	38	299	274	35
1556	2	4	6	4	1	300	1	1
1557	4	138	1	1	2	98	102	1
1558	9	134	74	134	4	72	275	9
1559	3	68	5	11	8	3	5	3
1560	241	3	3	27	78	7	4	5
1561	1	452	9	8	2	10	1	7
1562	32	3	3	10	74	301	2	65
1563	7	33	18	2	5	28	2	309
1564	207	2	3	3	18	1	4	2
1565	1	4	73	55	288	18	46	1
1566	27	13	1	4	289	32	1	6
1567	1	24	1	9	20	20	1	6
1568	1	1	2	273	1	2	3	1
1569	242	7	1	9	20	20	1	6
1570	9	1	15	7	4	9	276	9
1571	243	18	72	31	2	20	1	73
1572	4	18	10	274	2	4	1	6
1573	2	14	12	1	3	5	3	8
1574	88	161	74	112	4	19	1	310
1575	16	453	74	134	4	180	6	9
1576	4	25	1	6	2	302	1	1
1577	63	26	254	28	1	18	1	8
1578	10	454	3	3	18	1	4	2
1579	244	3	48	10	26	57	4	90
1580	14	14	14	29	290	4	1	15
1581	64	455	129	21	175	303	138	11
1582	1	23	2	1	1	2	3	1
1583	9	456	74	134	4	72	1	9
1584	3	8	5	11	8	304	5	3
1585	10	47	255	17	5	8	2	2
1586	18	12	17	14	14	305	14	14
1587	5	208	138	56	6	29	2	58
1588	10	2	3	3	7	1	277	2
1589	245	104	7	3	7	252	4	2
1590	1	1	2	1	1	306	3	1
1591	7	306	18	2	5	8	2	2
1592	7	33	18	275	5	8	2	2
1593	32	65	48	10	5	8	2	5
1594	4	201	10	5	2	4	1	6
1595	2	457	6	4	1	6	1	1
1596	32	37	3	206	74	301	2	65
1597	16	1	16	81	4	72	1	311
1598	12	40	24	276	13	24	8	29
1599	8	28	7	3	7	1	4	312
1600	7	65	4	10	5	8	2	5
1601	246	458	4	10	16	8	2	2
1602	25	442	4	10	78	29	2	5
1603	12	40	24	19	13	24	8	313
1604	32	47	4	10	291	307	4	5
1605	14	26	34	38	292	2	27	31
1606	25	91	107	10	71	57	4	2
1607	17	459	8	239	293	12	9	11
1608	21	460	3	52	294	308	134	2
1609	32	170	3	10	78	8	2	2
1610	3	8	5	11	8	3	5	314
1611	32	65	3	10	16	7	4	57
1612	12	271	24	277	13	24	8	3
1613	8	104	7	18	7	1	4	2
1614	87	160	4	10	78	29	2	5
1615	18	8	112	94	66	12	13	32
1616	1	7	1	9	2	20	278	6
1617	1	74	2	59	2	18	279	60
1618	23	9	8	12	9	11	7	315
1619	1	7	1	9	20	20	1	316
1620	1	128	103	4	2	2	280	157
1621	2	11	23	15	295	15	10	12
1622	6	461	4	2	6	7	2	4
1623	17	9	28	12	9	309	9	11
1624	5	3	3	2	78	29	2	103
1625	247	9	25	109	9	22	281	13
1626	248	1	6	4	1	6	1	1
1627	17	462	90	21	30	310	12	37
1628	34	195	11	35	296	67	26	43
1629	4	463	256	182	297	6	1	6
1630	118	26	2	1	3	5	3	317
1631	31	128	2	28	43	4	1	6
1632	14	14	14	82	2	311	1	15
1633	50	47	3	10	6	8	2	30
1634	65	464	139	19	12	24	145	80
1635	11	309	4	3	15	1	282	16
1636	9	1	15	7	4	9	6	318
1637	249	8	5	11	8	3	5	3
1638	4	465	2	278	2	4	1	56
1639	35	346	67	279	38	101	283	319
1640	154	67	47	39	298	41	205	320
1641	1	128	2	31	21	4	1	6
1642	10	28	7	18	18	26	284	2
1643	87	47	48	10	6	7	4	65
1644	250	4	6	4	1	6	1	1
1645	9	1	15	280	4	9	6	9
1646	5	65	4	52	16	57	4	30
1647	88	17	175	228	4	199	173	27
1648	3	8	5	11	8	3	5	321
1649	251	9	8	12	9	11	7	13
1650	63	26	2	28	299	18	1	8
1651	102	4	6	4	2	6	1	1
1652	9	4	15	7	4	9	6	9
1653	252	26	2	28	1	18	1	8
1654	253	2	7	3	7	1	4	2
1655	1	26	9	8	2	10	1	322
1656	34	466	157	35	27	174	156	43
1657	254	467	117	281	300	312	285	323
1658	25	65	3	10	26	53	4	324
1659	9	468	15	7	4	9	6	9
1660	1	1	2	1	1	2	286	1
1661	8	2	257	3	7	1	4	2
1662	10	42	210	39	38	23	20	35
1663	2	4	6	282	1	6	1	1
1664	9	134	74	134	4	72	1	325
1665	255	29	7	3	241	1	4	2
1666	1	26	9	8	2	10	1	326
1667	9	134	258	134	4	72	1	9
1668	256	469	4	52	301	313	233	156
1669	7	33	18	2	5	8	287	2
1670	3	470	5	11	8	3	5	3
1671	31	471	24	36	12	67	26	10
1672	110	23	125	1	2	20	1	327
1673	11	3	4	3	302	1	4	16
1674	32	47	48	119	16	7	4	113
1675	50	47	3	10	5	314	2	55
1676	8	472	7	3	7	1	288	2
1677	1	136	2	283	21	4	1	6
1678	2	4	6	4	1	6	289	1
1679	257	211	132	140	92	142	1	136
1680	106	41	128	138	158	202	197	38
1681	64	252	129	21	175	210	138	11
1682	118	473	174	183	4	9	170	27
1683	1	146	259	1	2	32	27	237
1684	66	474	260	16	12	315	290	19
1685	2	48	261	82	127	18	46	1
1686	258	475	262	284	30	316	291	328
1687	26	9	263	21	303	12	258	329
1688	1	255	10	31	304	143	292	6
1689	64	252	129	21	305	12	138	11
1690	64	476	40	11	161	16	12	109
1691	9	1	15	7	4	9	6	330
1692	32	3	4	285	78	29	2	57
1693	83	28	110	3	18	1	293	40
1694	259	47	3	10	5	8	2	55
1695	9	1	15	7	306	9	6	9
1696	260	4	6	4	307	6	1	1
1697	5	65	3	52	16	8	2	30
1698	102	27	6	4	308	6	1	1
1699	4	128	173	182	181	2	168	1
1700	1	477	2	59	2	18	1	60
1701	2	134	6	4	1	21	1	1
1702	261	2	3	3	18	1	4	331
1703	2	7	1	9	2	20	1	6
1704	262	25	9	8	2	10	1	7
1705	10	478	11	286	309	174	294	125
1706	17	380	264	109	242	12	9	332
1707	4	197	72	82	2	20	1	6
1708	32	479	4	10	16	7	4	5
1709	27	13	1	4	2	32	1	333
1710	32	37	48	10	16	57	4	65
1711	32	238	3	10	78	8	2	50
1712	1	1	2	1	310	2	3	1
1713	4	19	1	6	3	2	1	1
1714	18	12	17	14	14	317	14	13
1715	8	2	7	3	7	318	4	2
1716	1	1	2	1	1	319	22	1
1717	21	3	3	133	16	31	295	2
1718	1	1	265	1	1	2	3	1
1719	16	99	174	112	2	9	170	75
1720	10	28	266	18	311	1	4	2
1721	8	2	7	3	131	1	296	334
1722	263	37	4	10	78	8	2	2
1723	32	480	48	52	74	57	4	65
1724	1	146	259	287	2	32	27	237
1725	218	39	99	288	312	320	297	335
1726	5	481	4	52	84	1	4	66
1727	6	3	3	25	313	7	4	2
1728	5	3	107	289	78	321	298	2
1729	264	104	7	3	7	1	4	2
1730	8	2	7	290	22	1	4	2
1731	5	3	4	10	78	1	2	336
1732	4	19	267	6	2	2	1	1
1733	5	47	4	56	6	322	2	58
1734	5	47	4	56	6	322	2	337
1735	6	482	268	2	6	7	2	4
1736	6	3	269	25	6	7	4	2
1737	25	3	3	10	78	29	2	338
1738	264	104	7	3	314	1	4	2
1739	10	3	4	83	315	1	4	190
1740	265	47	3	10	5	8	2	50
1741	266	2	7	3	7	1	4	2
1742	10	28	66	100	16	1	299	23
1743	14	26	14	291	2	73	218	1
1744	82	3	3	292	78	323	4	4
1745	59	110	88	293	93	84	86	83
1746	267	104	7	3	7	1	296	2
1747	50	47	217	10	26	53	4	339
1748	82	3	3	292	78	137	4	4
1749	6	5	3	2	6	7	300	4
1750	268	3	3	292	78	137	4	4
1751	25	3	4	294	6	57	4	2
1752	59	483	88	63	93	84	86	83
1753	48	484	4	10	26	7	2	20
1754	25	3	4	10	6	324	4	307
1755	269	3	3	10	5	8	2	5
1756	59	110	88	63	93	84	86	340
1757	270	255	270	295	2	325	1	341
1758	8	2	7	84	7	1	4	342
1759	25	65	271	10	26	53	4	65
1760	56	49	272	11	11	326	10	3
1761	38	318	41	22	38	327	19	42
1762	6	3	3	25	6	7	4	2
1763	8	29	7	235	7	1	4	2
1764	25	3	4	10	16	7	4	2
1765	10	28	7	18	18	26	4	2
1766	5	122	138	56	6	29	2	58
1767	18	8	52	94	8	12	13	32
1768	10	28	7	3	16	1	4	23
1769	50	47	3	10	5	7	4	30
1770	5	3	3	10	78	137	4	4
1771	109	47	4	56	6	29	2	58
1772	11	91	193	3	25	31	191	20
1773	25	3	4	68	5	1	16	103
1774	25	432	3	52	16	57	4	50
1775	2	3	3	227	5	8	2	5
1776	5	47	138	56	6	29	2	58
1777	42	336	49	48	34	47	39	45
1778	111	255	86	30	2	149	143	6
1779	32	47	3	10	5	7	4	5
1780	35	67	38	39	28	37	29	42
1781	5	47	48	68	5	8	2	2
1782	2	3	3	52	16	1	4	2
1783	32	47	48	10	16	7	4	5
1784	5	382	3	26	84	57	4	2
1785	35	42	21	22	38	27	19	17
1786	59	110	88	63	55	84	86	85
1787	8	2	107	3	7	1	4	2
1788	5	122	48	68	5	29	109	2
1789	6	5	7	2	6	7	2	4
1790	32	208	4	10	133	7	4	5
1791	10	28	66	100	16	1	4	23
1792	87	47	3	10	78	8	2	2
1793	84	47	3	52	78	190	2	50
1794	59	110	88	296	93	84	86	83
1795	50	65	273	10	16	8	2	55
1796	6	3	274	25	6	7	4	2
1797	5	47	4	2	74	7	2	343
1798	50	47	217	10	26	328	4	339
1799	5	485	4	56	6	29	2	344
1800	56	486	275	98	14	329	56	345
1801	2	3	3	10	316	8	2	5
1802	10	3	4	83	41	1	301	190
1803	50	65	276	2	5	111	2	2
1804	11	487	193	297	317	31	18	20
1805	271	91	193	3	25	31	191	20
1806	82	91	4	10	74	53	2	346
1807	25	3	277	10	16	7	4	2
1808	32	47	3	10	5	8	2	347
1809	8	2	107	298	7	1	4	2
1810	59	110	88	63	318	84	86	83
1811	60	290	4	10	26	330	302	55
1812	5	3	278	3	78	331	18	2
1813	4	77	279	5	2	4	1	6
1814	25	3	4	10	6	332	4	2
1815	5	485	4	56	319	333	2	58
1816	272	3	3	10	5	8	2	5
1817	6	3	3	25	6	7	4	348
1818	11	36	4	299	25	31	18	20
1819	5	488	4	146	78	1	4	55
1820	273	2	7	3	60	1	4	2
1821	5	47	280	56	6	29	2	58
1822	1	489	34	82	47	2	27	139
1823	21	218	3	146	160	1	303	2
1824	7	33	18	2	5	334	2	2
1825	25	490	48	10	16	58	4	2
1826	8	104	7	3	7	1	4	349
1827	274	491	281	300	320	335	304	350
1828	11	3	282	52	321	336	18	20
1829	196	492	52	12	14	13	11	249
1830	21	218	3	146	160	1	4	351
1831	275	493	283	210	322	23	305	352
1832	44	291	46	15	2	45	38	353
1833	47	65	48	10	323	57	4	5
1834	276	245	117	156	169	167	151	150
1835	96	175	117	301	139	125	122	116
1836	10	323	110	17	324	1	201	40
1837	277	47	3	10	5	8	2	2
1838	56	486	90	98	14	329	56	345
1839	24	31	3	26	325	337	2	2
1840	278	74	2	59	2	18	1	60
1841	1	494	284	59	2	18	1	60
1842	5	122	48	68	5	338	109	2
1843	8	2	7	17	7	1	4	354
1844	279	21	285	32	2	17	21	28
1845	82	3	3	292	78	339	4	4
1846	5	47	4	10	26	340	4	2
1847	21	218	3	146	326	1	4	2
1848	11	282	3	25	327	341	306	355
1849	24	31	3	26	325	179	2	2
1850	6	5	4	302	6	7	2	4
1851	32	47	3	303	78	190	2	50
1852	8	104	7	304	7	1	4	2
1853	259	495	3	305	16	178	157	2
1854	32	150	3	306	5	8	2	50
1855	38	318	41	22	38	342	19	42
1856	10	2	7	101	7	1	4	356
1857	5	496	4	111	328	8	2	65
1858	8	2	7	307	7	1	4	2
1859	5	497	3	26	329	7	4	55
1860	72	337	47	308	28	242	36	48
1861	280	75	3	10	16	8	48	55
1862	281	41	21	92	23	23	20	18
1863	60	290	4	10	330	57	4	55
1864	10	28	3	3	16	1	4	357
1865	2	3	286	10	5	8	2	5
1866	58	156	110	17	18	31	112	358
1867	6	3	3	309	6	7	4	2
1868	8	29	7	3	7	1	4	359
1869	59	110	88	63	93	84	86	360
1870	50	123	3	10	16	343	2	55
1871	282	498	287	310	214	232	86	40
1872	32	3	3	311	5	8	2	5
1873	283	37	3	206	78	8	2	65
1874	284	290	4	10	26	57	4	55
1875	285	499	182	312	331	344	307	40
1876	47	65	48	10	16	345	4	5
1877	6	3	3	25	6	7	308	2
1878	82	3	3	313	78	137	4	4
1879	5	3	4	52	84	1	4	361
1880	6	3	3	25	6	346	4	2
1881	286	3	4	10	6	57	4	307
1882	25	3	4	10	6	57	4	362
1883	4	77	279	314	2	4	1	6
1884	153	500	51	214	332	41	205	36
1885	44	291	46	15	2	347	38	54
1886	32	150	3	315	5	348	2	50
1887	67	124	86	30	333	102	1	6
1888	287	248	117	159	172	170	154	154
1889	25	65	48	10	16	349	4	5
1890	288	156	110	17	18	31	112	2
1891	5	3	4	52	334	1	4	66
1892	25	65	3	316	26	53	4	65
1893	289	5	3	2	6	7	2	4
1894	290	110	88	63	93	84	86	83
1895	5	47	288	68	5	29	109	2
1896	105	42	67	317	28	350	309	35
1897	32	47	3	10	5	351	2	50
1898	59	110	88	63	93	84	310	83
1899	291	5	4	2	6	7	2	4
1900	5	47	4	56	6	322	311	337
1901	50	75	289	10	16	8	2	55
1902	84	501	3	52	84	7	4	50
1903	60	3	3	26	16	352	116	110
1904	25	3	4	318	6	57	4	307
1905	126	502	117	159	172	170	154	154
1906	32	47	48	10	74	353	2	65
1907	60	37	4	10	5	31	312	363
1908	292	503	3	256	16	1	4	364
1909	50	47	3	10	5	7	313	30
1910	32	47	3	10	78	354	2	50
1911	25	3	4	10	6	57	4	307
1912	181	337	67	39	38	299	274	35
1913	32	65	3	10	16	7	57	5
1914	8	104	7	3	7	1	296	2
1915	25	47	3	26	78	8	2	21
1916	25	445	107	10	71	29	2	57
1917	1	274	2	59	2	18	1	60
1918	82	37	3	292	5	28	2	55
1919	14	26	14	82	2	73	218	1
1920	56	281	176	12	9	200	175	365
1921	218	39	99	288	312	320	297	366
1922	10	504	110	17	324	1	201	40
1923	293	3	3	26	16	108	4	2
1924	6	3	3	25	6	355	4	2
1925	21	218	3	146	160	356	4	2
1926	10	28	290	3	131	1	4	23
1927	44	291	46	15	2	357	38	54
1928	294	41	21	92	23	23	20	18
1929	295	3	3	10	5	8	2	5
1930	296	33	18	2	5	8	2	2
1931	60	3	3	26	16	358	116	110
1932	6	5	4	320	6	7	2	4
1933	5	47	4	2	74	7	2	2
1934	25	3	291	294	6	57	4	2
1935	10	148	3	321	18	1	4	23
1936	2	237	23	15	335	15	10	12
1937	5	47	48	68	5	205	109	2
1938	10	2	7	18	7	1	4	2
1939	8	2	7	3	7	1	314	2
1940	5	47	4	68	74	29	2	2
1941	264	375	7	3	7	1	4	2
1942	17	505	90	12	336	359	315	367
1943	10	29	7	3	7	1	316	2
1944	10	2	7	322	7	1	4	2
1945	6	6	4	323	6	7	2	4
1946	8	2	7	235	7	1	4	2
1947	25	65	3	10	337	53	4	65
1948	2	11	23	15	10	360	10	12
1949	9	1	15	7	338	9	6	9
1950	2	506	23	15	10	15	10	12
1951	88	507	127	76	4	72	1	9
1952	32	37	48	324	74	57	4	65
1953	297	323	110	17	339	1	4	40
1954	87	65	48	10	74	7	4	65
1955	10	29	7	3	240	1	4	368
1956	25	3	107	10	5	109	2	57
1957	32	47	4	10	16	7	317	5
1958	50	508	3	2	5	7	4	55
1959	2	11	292	15	340	15	10	12
1960	10	2	7	52	7	1	4	2
1961	10	239	3	3	7	1	4	2
1962	10	2	7	101	7	361	4	2
1963	6	6	4	105	6	7	2	4
1964	76	2	7	325	60	1	4	2
1965	47	509	3	26	16	53	2	50
1966	10	177	7	3	7	1	4	2
1967	10	2	293	17	18	1	4	5
1968	87	47	4	10	26	8	2	2
1969	82	3	3	10	125	362	2	2
1970	8	2	294	3	7	1	4	2
1971	298	239	7	3	7	1	4	2
1972	10	292	7	3	7	1	4	2
1973	10	239	3	17	18	1	4	40
1974	25	3	4	10	78	29	318	5
1975	299	2	3	3	7	1	4	2
1976	5	510	4	10	16	8	2	2
1977	10	3	4	83	41	1	319	369
1978	8	2	7	3	7	363	4	2
1979	10	3	4	83	41	1	237	2
1980	300	2	7	326	7	1	4	2
1981	82	3	3	10	125	111	2	370
1982	11	3	4	3	15	1	4	371
1983	5	37	4	10	16	8	2	372
1984	23	9	52	51	39	52	44	49
1985	50	47	18	10	5	8	2	30
1986	301	31	4	26	16	29	2	2
1987	5	511	7	52	84	1	4	2
1988	10	2	7	327	60	1	4	2
1989	10	148	7	17	7	1	4	23
1990	8	512	7	52	7	1	4	2
1991	58	199	3	3	16	185	320	2
1992	8	2	7	328	7	364	4	2
1993	83	42	21	22	19	27	19	17
1994	302	2	7	3	7	1	4	2
1995	10	3	7	100	41	1	4	23
1996	5	47	4	2	26	1	4	373
1997	10	28	4	3	18	365	4	2
1998	25	91	3	2	16	7	2	4
1999	10	148	3	3	18	1	4	101
2000	10	3	4	101	41	1	57	252
2001	20	42	21	22	19	27	321	17
2002	24	31	295	26	16	29	2	2
2003	64	429	129	21	175	12	138	374
2004	10	148	3	100	18	1	4	101
2005	10	104	7	3	7	252	4	2
2006	25	47	108	329	16	57	4	50
2007	87	160	4	10	78	29	322	5
2008	10	2	296	3	7	1	4	2
2009	303	312	195	13	8	12	9	3
2010	5	513	48	68	5	29	109	2
2011	24	514	3	26	16	108	4	2
2012	2	73	2	55	43	18	323	1
2013	25	37	297	52	16	7	4	2
2014	10	148	3	3	18	366	4	23
2015	32	123	3	10	16	7	4	5
2016	304	310	178	210	214	43	36	40
2017	305	42	21	22	19	27	19	17
2018	306	290	4	330	26	57	4	55
2019	2	3	4	331	71	57	4	2
2020	8	2	298	332	7	1	4	2
2021	10	2	3	3	7	1	324	4
2022	50	91	3	10	5	8	2	30
2023	7	3	3	68	74	7	4	375
2024	60	290	241	10	16	57	4	2
2025	12	515	24	19	13	24	325	3
2026	50	47	299	10	5	7	326	30
2027	5	31	4	68	16	29	2	2
2028	6	6	4	166	6	367	2	4
2029	7	47	4	10	26	7	4	2
2030	25	47	108	52	16	57	4	50
2031	6	6	4	2	341	7	2	4
2032	47	205	3	10	5	57	4	2
2033	10	2	7	101	7	1	4	2
2034	151	264	41	214	38	27	19	194
2035	25	3	4	2	16	56	327	4
2036	32	47	4	10	342	7	4	5
2037	25	293	108	52	16	57	4	50
2038	7	33	18	2	5	368	2	2
2039	5	47	3	10	16	8	2	30
2040	5	65	4	10	16	53	328	113
2041	307	2	3	18	7	1	4	2
2042	308	45	11	333	27	369	1	43
2043	60	516	4	10	16	57	329	55
2044	160	29	7	334	7	1	4	2
2045	309	47	4	10	6	7	4	55
2046	50	47	3	10	5	370	4	30
2047	57	2	7	3	60	371	4	23
2048	310	160	4	285	78	29	2	57
2049	10	2	7	3	18	1	4	376
2050	10	2	30	3	7	1	4	23
2051	10	3	4	335	41	1	4	2
2052	57	517	7	3	60	372	4	23
2053	6	5	3	2	6	373	2	4
2054	2	11	300	15	10	15	10	12
2055	9	1	15	7	4	9	330	9
2056	311	2	7	3	18	1	4	376
2057	312	2	3	52	327	374	2	2
2058	8	148	3	3	18	1	4	23
2059	2	11	23	15	10	15	331	12
2060	31	518	11	35	27	67	26	125
2061	46	47	3	10	159	375	157	377
2062	10	28	221	3	18	1	4	23
2063	11	413	7	3	18	1	241	378
2064	24	31	4	26	16	29	332	2
2065	25	47	3	52	16	57	4	50
2066	25	519	48	10	16	8	2	2
2067	7	47	3	52	74	7	333	30
2068	191	520	3	3	166	1	4	2
2069	32	309	4	10	26	376	2	5
2070	25	65	48	10	78	8	2	2
2071	309	3	4	2	16	7	2	379
2072	10	2	3	17	343	377	4	2
2073	32	65	4	10	5	378	2	5
2074	25	91	4	10	78	29	2	5
2075	35	42	47	39	28	37	115	46
2076	104	47	3	10	78	8	2	380
2077	7	521	3	68	74	7	4	5
2078	82	47	4	10	74	7	4	55
2079	5	522	3	26	5	1	2	5
2080	10	269	7	3	60	1	4	23
2081	23	9	8	12	2	11	7	13
2082	87	205	18	10	5	8	2	30
2083	10	2	7	101	7	1	4	381
2084	7	37	4	10	26	7	4	382
2085	32	309	4	10	26	8	2	5
2086	10	28	4	3	311	1	4	2
2087	126	523	117	159	172	312	285	154
2088	82	3	3	336	78	137	4	4
2089	313	3	3	10	5	8	2	5
2090	25	524	4	10	6	57	4	2
2091	314	160	282	52	321	336	18	20
2092	8	2	7	3	7	1	4	383
2093	6	3	3	337	6	7	4	2
2094	32	47	4	10	16	7	334	5
2095	2	525	23	15	10	15	10	12
2096	82	3	3	10	125	379	2	2
2097	315	2	7	3	7	1	4	2
2098	10	2	7	338	60	1	4	2
2099	10	148	3	339	18	1	4	23
2100	316	33	18	2	5	28	2	2
2101	11	3	4	3	344	1	4	16
2102	25	3	107	10	7	109	2	57
2103	8	104	7	3	7	380	4	2
2104	10	2	302	3	7	1	4	2
2105	6	5	4	340	6	7	2	4
2106	7	33	18	341	5	28	2	309
2107	25	3	4	68	5	1	16	384
2108	10	2	3	52	7	1	4	385
2109	50	526	3	10	5	29	2	88
2110	10	28	7	18	18	1	335	23
2111	8	2	7	3	7	1	336	2
2112	31	527	11	3	27	67	26	125
2113	10	2	303	3	166	1	4	2
2114	5	37	4	10	78	8	96	30
2115	9	1	15	7	4	9	337	9
2116	18	143	112	233	14	13	11	32
2117	50	413	3	156	5	57	4	5
2118	165	348	66	221	211	41	40	278
2119	317	2	7	3	18	1	4	23
2120	87	3	4	342	345	381	4	103
2121	10	375	3	3	166	1	4	2
2122	7	33	18	2	5	28	338	2
2123	46	41	41	39	38	55	339	38
2124	8	2	304	3	18	1	4	2
2125	10	28	4	53	18	1	4	2
2126	160	29	3	3	7	1	4	2
2127	10	28	3	3	346	382	4	23
2128	24	31	4	26	347	29	2	2
2129	10	148	3	3	348	1	4	23
2130	10	28	4	3	18	1	132	2
2131	10	417	3	257	18	1	4	2
2132	5	47	48	10	5	8	2	386
2133	10	148	3	3	18	1	340	23
2134	22	325	214	39	38	101	283	35
2135	318	265	7	101	240	1	341	2
2136	8	148	7	52	259	1	4	2
2137	3	8	305	11	8	3	342	3
2138	1	401	2	1	349	2	3	1
2139	10	528	7	343	18	1	4	2
2140	10	2	7	343	18	1	4	2
2141	83	529	3	3	18	1	110	156
2142	25	530	48	52	16	57	4	387
2143	64	2	226	21	259	1	4	259
2144	76	512	7	3	259	1	4	2
2145	11	2	7	3	18	383	4	2
2146	10	31	4	26	16	29	2	2
2147	10	2	7	344	7	1	4	2
2148	25	531	3	2	16	7	2	5
2149	10	28	4	83	350	1	4	2
2150	7	33	18	3	5	8	2	2
2151	6	6	4	345	6	7	2	4
2152	32	47	4	10	16	384	4	5
2153	319	2	7	101	7	1	4	381
2154	8	2	307	3	7	1	4	2
2155	2	11	23	15	340	15	10	12
2156	10	351	4	83	41	1	4	2
2157	10	2	3	3	7	1	4	388
2158	10	2	7	3	351	1	4	23
2159	5	37	4	10	5	8	2	30
2160	160	2	3	3	60	1	4	2
2161	10	2	7	346	7	1	4	2
2162	25	47	108	347	16	57	4	50
2163	46	86	21	10	16	7	4	2
2164	6	6	4	2	352	7	2	4
2165	6	532	3	2	6	7	2	4
2166	10	28	308	3	18	1	4	2
2167	10	2	7	348	7	1	4	2
2168	24	31	4	26	16	29	343	2
2169	10	2	7	18	7	31	2	2
2170	10	2	309	3	353	385	4	2
2171	10	415	3	18	16	1	4	40
2172	76	533	7	3	60	1	4	2
2173	5	65	3	10	5	8	2	30
2174	5	516	4	10	84	1	4	389
2175	8	2	7	3	354	1	4	2
2176	10	3	310	83	41	1	4	2
2177	10	413	7	18	259	1	241	23
2178	10	2	7	18	60	386	4	2
2179	11	28	226	3	249	1	4	40
2180	10	28	182	100	18	1	4	2
2181	76	2	311	3	60	1	4	2
2182	320	2	7	3	355	1	4	2
2183	10	392	3	247	18	1	4	390
2184	11	3	312	3	302	1	4	16
2185	8	2	313	84	7	1	4	2
2186	82	65	18	10	74	57	4	50
2187	10	2	7	3	7	31	2	2
2188	76	534	3	3	356	1	4	2
2189	215	535	7	3	18	1	4	23
2190	10	28	7	17	16	1	4	2
2191	10	536	242	349	16	387	344	40
2192	10	2	3	3	7	1	4	101
2193	10	2	7	18	259	1	4	2
2194	10	2	221	18	357	1	4	2
2195	10	28	314	350	354	1	345	23
2196	321	41	214	216	38	23	346	320
2197	10	28	4	3	232	1	4	2
2198	5	37	4	10	78	301	2	30
2199	10	3	4	83	41	1	4	391
2200	10	416	242	256	16	1	4	364
2201	7	37	315	10	26	7	4	2
2202	24	31	4	26	16	29	347	2
2203	7	33	18	2	5	8	2	392
2204	215	2	7	3	18	1	4	23
2205	25	445	4	10	78	29	2	5
2206	87	47	4	10	16	7	4	65
2207	58	156	110	351	16	31	112	40
2208	24	31	4	26	359	29	2	2
2209	10	2	147	3	7	276	243	2
2210	8	2	7	3	259	389	4	2
2211	25	123	316	10	26	53	4	65
2212	8	28	7	3	259	1	4	393
2213	24	31	317	26	16	29	2	2
2214	8	2	7	3	7	1	243	2
2215	6	3	3	52	78	1	348	2
2216	10	28	4	3	18	390	4	2
2217	10	29	3	99	360	1	4	23
2218	322	150	3	10	5	8	2	50
2219	323	31	4	26	26	29	2	2
2220	87	174	4	10	78	29	2	5
2221	2	237	23	352	10	15	10	12
2222	10	29	7	3	238	1	4	2
2223	10	148	318	3	18	1	4	23
2224	8	239	7	3	7	1	4	394
2225	8	2	7	353	7	1	4	2
2226	10	2	7	354	7	1	4	2
2227	10	3	3	3	18	140	4	2
2228	11	148	3	355	18	1	4	23
2229	8	28	7	3	7	1	349	2
2230	5	3	3	10	78	1	4	2
2231	324	2	226	100	18	1	4	259
2232	32	47	4	119	78	8	2	65
2233	8	28	7	3	7	391	349	2
2234	32	47	4	10	16	392	4	5
2235	325	31	4	26	361	29	2	2
2236	76	533	7	3	355	1	4	2
2237	216	2	3	100	259	1	4	2
2238	21	3	4	26	16	1	4	110
2239	10	2	3	3	18	1	350	2
2240	11	28	319	3	18	393	4	78
2241	50	3	3	10	362	57	4	5
2242	11	148	3	3	18	394	4	23
2243	151	41	41	197	200	27	19	40
2244	32	47	3	10	16	7	4	2
2245	32	47	3	10	78	7	4	2
2246	35	42	21	22	19	27	19	17
2247	11	196	4	17	18	1	4	78
2248	326	3	107	10	71	109	2	57
2249	76	538	98	356	178	37	36	395
2250	24	31	4	26	16	29	351	2
2251	10	265	3	3	7	1	352	2
2252	76	2	7	3	363	1	4	2
2253	10	3	3	3	7	1	4	2
2254	327	3	4	83	364	1	4	2
2255	87	123	3	10	74	8	353	2
2256	10	148	7	17	7	1	4	2
2257	8	2	7	3	7	1	4	396
2258	87	442	320	10	78	29	2	5
2259	18	8	90	11	8	12	13	108
2260	11	2	7	3	7	252	4	2
2261	20	42	21	22	7	27	19	17
2262	8	47	4	10	16	7	4	5
2263	5	122	321	68	5	29	109	2
2264	328	104	7	3	7	1	4	2
2265	264	104	7	3	7	1	354	2
2266	8	104	7	3	365	1	4	2
2267	264	104	7	357	7	1	4	2
2268	329	104	7	3	7	1	4	2
2269	5	47	322	68	5	29	109	2
2270	8	104	7	3	7	1	355	2
2271	330	104	7	3	7	1	4	2
