ST	aroA	cpn60	dpr	gki	mutS	recA	thrA	clonal_complex
1	1	1	1	1	1	1	1	
2	1	1	1	2	1	1	1	
3	1	1	1	16	1	1	1	
4	9	1	1	1	1	1	1	
5	1	1	1	40	1	1	1	
6	1	1	1	1	1	1	2	
7	1	1	1	1	1	1	3	
8	1	1	1	1	28	1	1	
9	1	1	1	35	1	1	1	
10	1	10	1	1	1	1	1	
11	3	1	1	1	1	1	1	
12	3	1	1	1	1	2	1	
13	1	12	1	1	6	21	21	
14	18	1	5	12	1	10	1	
15	8	8	5	12	1	10	4	
16	5	17	5	12	1	10	4	
17	8	1	5	12	1	10	1	
18	31	1	5	12	1	10	1	
19	1	8	24	12	1	10	4	
20	1	1	5	12	1	10	1	
21	18	8	24	12	1	9	4	
22	18	8	24	12	1	11	4	
23	26	8	24	12	1	10	4	
24	6	21	24	12	1	10	4	
25	9	30	5	34	30	3	25	
26	2	26	5	34	31	3	25	
27	31	30	5	34	31	3	25	
28	2	30	5	34	31	3	25	
29	8	30	5	34	30	3	25	
30	30	30	5	34	31	3	22	
31	30	30	5	34	31	3	25	
32	8	30	5	34	30	21	4	
33	31	30	4	34	31	3	25	
34	8	43	5	34	30	21	4	
35	31	30	5	34	31	4	25	
36	24	30	35	25	9	33	20	
37	25	39	5	6	14	29	12	
38	31	7	8	13	6	7	24	
39	21	25	19	14	5	10	9	
40	37	10	14	14	8	32	27	
41	15	27	9	4	16	26	11	
42	13	13	32	28	25	38	12	
43	35	36	27	9	37	28	29	
44	32	19	25	10	6	12	6	
45	28	31	5	7	36	24	31	
46	17	3	21	7	14	6	8	
47	25	24	9	29	7	30	12	
48	37	41	20	46	38	5	27	
49	31	3	16	26	35	21	6	
50	17	42	21	15	14	6	8	
51	29	19	26	13	6	12	20	
52	35	36	27	9	37	18	29	
53	8	6	18	20	28	7	5	
54	8	6	18	20	28	7	4	
55	25	37	15	41	15	23	10	
56	1	2	17	36	29	21	15	
57	27	22	11	43	12	25	18	
58	1	2	17	37	29	21	15	
59	17	21	5	44	2	22	4	
60	31	30	18	38	17	8	15	
61	17	21	5	45	2	22	4	
62	7	31	28	8	18	16	32	
63	19	29	12	39	24	39	16	
64	8	21	5	45	2	22	4	
65	10	16	23	27	23	31	17	
66	38	35	10	42	33	17	30	
67	27	15	11	22	12	27	11	
68	14	20	31	27	27	34	18	
69	23	33	22	30	3	15	12	
70	38	28	30	15	32	26	7	
71	11	5	13	11	26	36	14	
72	12	9	33	3	19	35	19	
73	33	37	2	19	13	5	12	
74	31	2	6	31	10	14	6	
75	25	32	9	15	9	13	8	
76	8	23	36	24	21	22	12	
77	39	38	7	32	11	3	8	
78	23	11	5	7	22	20	8	
79	8	21	36	45	21	22	12	
80	8	21	3	45	2	22	23	
81	22	1	20	21	4	21	26	
82	25	34	29	5	34	19	28	
83	8	30	5	34	39	3	25	
84	4	1	1	1	1	1	1	
85	34	14	37	33	20	40	21	
86	1	1	1	1	1	1	25	
87	18	8	24	12	1	10	4	
88	36	3	16	18	35	21	6	
89	8	8	24	12	1	10	4	
90	20	40	5	23	40	41	1	
91	31	18	5	12	41	10	18	
92	16	4	34	17	42	37	13	
93	40	44	38	48	43	15	33	
94	8	21	5	45	44	22	4	
95	41	45	39	49	45	42	34	
96	25	46	40	50	5	43	35	
97	1	47	1	51	46	44	1	
98	8	17	5	12	1	10	4	
99	5	17	5	12	1	3	4	
100	2	30	5	47	31	10	25	
101	8	30	5	12	44	21	4	
102	42	30	5	34	30	3	25	
103	9	30	41	34	30	3	25	
104	8	30	5	1	44	21	4	
105	1	1	1	52	1	1	1	
106	15	48	42	4	47	18	8	
107	1	1	43	1	1	1	1	
108	8	21	5	45	44	22	23	
109	43	49	2	53	48	45	36	
110	23	50	7	54	9	46	37	
111	31	51	5	55	49	47	38	
112	31	52	30	56	50	48	39	
113	44	53	44	57	51	46	40	
114	43	54	5	21	52	47	38	
115	17	55	45	30	53	6	12	
116	45	56	28	58	54	49	12	
117	31	57	5	34	31	3	25	
118	8	21	5	45	44	50	25	
119	31	21	5	45	44	22	25	
120	46	58	17	59	55	51	41	
121	45	51	5	60	56	52	42	
122	53	51	28	7	154	71	33	
123	17	21	5	45	44	22	4	
124	1	1	1	12	1	1	1	
125	17	21	5	62	44	22	4	
126	1	1	1	1	44	1	1	
127	1	1	1	1	1	1	18	
128	47	59	46	63	57	53	43	
129	8	30	5	34	58	3	25	
130	38	60	47	64	59	54	44	
131	1	1	1	1	60	1	1	
132	1	1	1	1	1	1	45	
133	1	1	1	65	1	1	46	
134	1	61	1	1	1	1	1	
135	8	30	5	34	30	3	47	
136	5	62	5	12	1	10	4	
137	5	17	48	12	1	10	4	
138	48	33	49	66	61	55	48	
139	49	63	20	67	62	56	49	
140	2	1	1	1	63	1	1	
141	1	1	50	1	1	1	1	
142	1	30	5	34	31	3	25	
143	1	1	1	15	1	1	1	
144	1	30	1	1	1	1	1	
145	9	1	5	34	30	3	25	
146	1	1	1	68	1	1	1	
147	5	1	5	12	1	10	1	
148	1	1	1	19	1	1	1	
149	1	12	1	69	6	21	21	
150	8	30	5	12	64	3	25	
151	5	17	5	70	1	10	4	
152	5	17	5	12	1	10	5	
153	18	1	5	60	1	10	50	
154	5	17	2	12	1	10	4	
155	5	17	5	71	1	10	4	
156	1	1	5	1	1	1	1	
157	5	17	1	12	2	10	4	
158	1	1	1	1	1	57	1	
159	1	1	1	72	1	1	1	
160	1	1	51	1	1	1	1	
161	1	1	1	4	1	1	1	
162	2	30	5	34	1	3	25	
163	15	48	42	4	16	6	8	
164	50	64	13	54	65	58	51	
165	23	65	52	73	14	33	18	
166	54	66	30	7	66	15	12	
167	52	37	30	7	69	59	3	
168	51	51	30	7	67	60	52	
169	53	37	30	66	68	1	12	
170	51	66	30	7	69	1	28	
171	53	67	30	7	68	1	28	
172	15	68	52	4	16	1	52	
173	54	66	30	7	70	59	28	
174	53	69	30	74	71	61	53	
175	36	70	30	75	47	62	28	
176	51	51	30	57	67	60	52	
177	48	67	30	76	72	52	54	
178	55	1	1	1	1	1	1	
179	56	71	28	77	73	63	55	
180	52	72	28	72	74	63	55	
181	57	73	53	6	16	15	56	
182	58	74	49	7	75	64	57	
183	43	75	49	31	76	65	58	
184	8	21	36	78	44	22	12	
185	59	76	54	79	77	66	59	
186	60	53	28	7	78	61	59	
187	8	77	5	80	44	22	23	
188	63	55	53	86	43	68	12	
189	62	78	57	81	65	67	61	
190	61	79	28	82	81	18	60	
191	15	32	44	60	16	6	63	
192	15	82	42	4	79	33	12	
193	63	83	56	83	83	67	12	
194	63	84	55	84	83	67	12	
195	63	80	53	86	43	68	12	
196	62	85	58	54	82	42	62	
197	1	81	1	85	80	67	3	
198	18	17	5	12	1	10	4	
199	64	76	54	66	77	66	64	
200	1	28	59	87	84	69	55	
201	38	28	59	87	84	69	55	
202	65	51	28	88	85	45	65	
203	66	86	30	7	86	70	64	
204	67	51	60	79	87	71	64	
205	55	30	5	34	31	3	25	
206	68	87	61	89	16	72	10	
207	49	88	2	90	16	72	66	
208	69	89	62	39	88	73	67	
209	70	90	61	91	89	64	68	
210	71	91	63	87	4	64	18	
211	72	92	2	92	16	74	11	
212	70	93	21	93	90	75	69	
213	73	94	21	93	90	75	69	
214	49	95	2	87	16	72	66	
215	74	96	63	39	91	76	70	
216	25	97	64	94	7	64	71	
217	75	98	65	90	92	77	72	
218	17	99	21	4	11	6	8	
219	76	100	5	95	93	38	16	
220	48	33	30	66	33	55	27	
221	77	33	49	15	33	26	6	
222	78	101	46	49	94	53	28	
223	1	1	1	1	95	1	1	
224	31	57	5	34	31	78	73	
225	8	30	5	34	44	21	4	
226	79	53	66	96	96	79	74	
227	80	53	66	96	96	79	74	
228	1	1	1	1	97	1	3	
229	9	30	5	34	30	1	25	
230	9	30	5	34	30	3	1	
231	31	6	5	20	6	7	25	
232	1	30	1	1	1	21	4	
233	8	30	5	97	44	21	75	
234	77	33	1	15	33	26	6	
235	57	76	53	6	98	15	76	
236	81	102	67	15	99	73	6	
237	3	1	1	6	1	1	1	
238	33	1	5	12	12	80	25	
239	64	103	68	72	100	59	55	
240	82	37	46	98	101	81	77	
241	64	103	68	72	100	15	55	
242	1	1	1	12	1	1	3	
243	8	30	45	30	2	6	12	
244	1	1	1	66	1	1	3	
245	2	30	5	34	31	1	25	
246	83	104	69	99	102	82	78	
247	84	51	28	7	67	45	79	
248	85	105	28	72	103	83	64	
249	86	91	70	100	104	84	80	
250	63	68	49	86	14	85	11	
251	87	106	71	86	84	86	12	
252	88	107	38	101	105	87	49	
253	1	1	1	102	1	1	3	
254	89	108	28	15	34	88	44	
255	62	109	72	103	106	39	34	
256	90	30	11	12	107	77	18	
257	1	1	1	4	1	89	1	
258	91	110	73	104	108	37	81	
259	92	111	74	105	109	90	82	
260	93	112	75	60	110	91	53	
261	31	57	30	34	111	3	25	
262	94	113	30	106	112	92	83	
263	95	37	72	107	101	81	84	
264	91	110	76	104	113	38	81	
265	31	57	5	34	111	3	25	
266	93	114	30	60	94	93	53	
267	96	45	76	108	45	42	34	
268	97	115	28	109	114	52	85	
269	69	116	77	110	16	26	8	
270	49	117	78	111	115	94	68	
271	98	118	79	39	116	77	18	
272	99	119	80	112	4	95	86	
273	49	95	2	89	90	72	66	
274	100	120	81	113	117	96	87	
275	74	121	82	39	16	76	70	
276	25	122	20	114	16	26	88	
277	101	123	83	115	118	97	51	
278	43	124	84	116	119	98	4	
279	102	118	85	117	120	99	8	
280	103	124	61	94	121	22	11	
281	104	2	17	37	29	21	15	
282	25	97	64	114	7	64	71	
283	98	118	2	118	116	77	18	
284	105	116	21	114	122	95	89	
285	74	125	86	116	123	76	70	
286	43	126	87	39	21	98	70	
287	2	30	5	34	104	3	25	
288	62	127	88	16	45	100	34	
289	1	1	1	1	1	3	1	
290	2	30	5	34	31	101	25	
291	106	95	89	93	124	23	90	
292	107	93	90	119	125	26	8	
293	108	44	46	39	33	26	76	
294	1	1	91	1	1	1	1	
295	1	128	92	1	126	102	1	
296	109	129	61	89	16	26	88	
297	110	130	93	39	127	76	91	
298	2	1	1	1	1	1	1	
299	1	30	5	34	31	3	1	
300	63	131	22	7	16	6	12	
301	111	132	94	120	47	103	28	
302	112	133	30	121	128	104	55	
303	88	134	95	72	129	77	55	
304	74	2	5	45	130	105	18	
305	16	135	96	122	131	37	92	
306	90	30	11	107	16	77	18	
307	95	37	97	107	101	81	84	
308	18	136	24	12	1	10	4	
309	82	137	28	123	132	71	93	
310	113	110	98	124	133	106	94	
311	23	11	5	125	22	107	8	
312	114	138	99	126	134	106	81	
313	90	30	11	7	107	77	18	
314	87	106	71	127	84	108	56	
315	45	46	30	72	135	6	55	
316	115	139	7	32	9	3	55	
317	116	67	44	128	43	109	12	
318	90	30	11	7	136	77	18	
319	46	110	100	103	137	38	12	
320	91	140	74	129	138	34	81	
321	31	141	101	130	132	110	95	
322	117	142	102	131	139	111	56	
323	118	31	103	132	140	112	96	
324	2	30	104	34	31	3	25	
325	1	1	1	1	1	1	97	
326	1	1	1	133	1	1	1	
327	119	143	105	134	76	69	44	
328	108	64	106	135	141	39	98	
329	16	110	98	136	133	106	81	
330	16	110	98	136	133	113	81	
331	120	144	107	137	142	114	99	
332	121	64	74	103	141	39	98	
333	91	77	99	138	99	37	100	
334	122	145	108	54	143	38	101	
335	8	30	5	34	9	3	25	
336	90	146	109	39	135	115	31	
337	123	1	1	1	1	1	1	
338	13	127	99	139	144	39	102	
339	87	106	71	88	84	86	56	
340	124	58	110	140	145	37	16	
341	125	77	99	141	65	113	11	
342	91	147	111	142	143	113	51	
343	126	148	112	143	146	116	51	
344	46	149	100	103	147	38	12	
345	118	150	101	39	148	110	95	
346	127	151	113	144	149	117	92	
347	128	152	114	7	145	118	33	
348	87	106	71	88	84	26	56	
349	46	77	73	143	133	34	81	
350	129	153	110	145	55	34	103	
351	130	154	110	103	145	37	51	
352	2	30	5	146	31	3	25	
353	1	1	1	147	1	1	3	
354	1	1	1	1	1	119	1	
355	2	155	5	34	31	3	25	
356	131	156	115	115	150	96	104	
357	132	156	115	115	118	96	61	
358	131	130	116	39	123	26	70	
359	74	157	86	39	125	76	105	
360	101	156	83	115	118	96	61	
361	74	157	86	39	91	76	106	
362	133	130	63	39	91	76	106	
363	134	130	116	39	4	26	70	
364	105	158	40	148	98	20	80	
365	1	1	1	1	1	1	107	
366	135	159	117	39	91	76	70	
367	110	130	116	39	123	76	70	
368	43	160	116	149	151	120	70	
369	9	30	118	34	30	3	25	
370	1	1	1	1	1	121	1	
371	136	161	119	150	152	1	12	
372	18	6	109	151	9	7	108	
373	8	30	5	45	44	22	109	
374	17	48	22	4	153	85	12	
375	17	55	5	4	153	85	12	
376	9	3	54	31	14	109	12	
377	1	162	120	1	1	1	3	
378	1	163	1	152	1	1	3	
379	8	30	5	72	44	21	75	
380	9	30	5	34	30	21	25	
381	9	30	41	34	30	21	25	
382	2	30	5	34	31	21	25	
383	137	145	121	103	137	38	98	
384	5	17	5	12	1	10	1	
385	138	76	54	72	154	103	42	
386	139	164	122	7	155	122	33	
387	59	28	54	153	77	66	59	
388	64	76	54	154	77	66	64	
389	38	76	59	87	84	69	55	
390	66	165	28	6	16	123	1	
391	8	30	1	1	44	21	4	
392	8	30	1	1	44	21	1	
393	8	30	1	97	44	21	1	
394	8	1	1	1	1	1	1	
395	9	30	1	34	30	21	25	
396	49	95	2	1	16	72	66	
397	74	157	86	39	123	76	105	
398	140	29	100	103	156	113	11	
399	62	110	74	129	133	34	81	
400	87	42	71	155	84	86	56	
401	13	166	123	156	133	113	11	
402	141	58	124	39	157	124	110	
403	126	64	74	157	141	125	98	
404	91	167	74	129	108	34	94	
405	13	168	125	103	38	34	100	
406	142	77	74	158	109	113	111	
407	143	169	74	129	133	34	61	
408	144	110	126	159	133	34	81	
409	23	106	71	86	84	86	56	
410	91	77	58	27	65	113	112	
411	13	77	23	160	65	39	61	
412	124	77	74	138	108	126	81	
413	144	25	74	129	133	127	51	
414	62	77	23	161	158	113	111	
415	122	170	127	104	159	113	12	
416	13	58	128	139	145	37	16	
417	45	56	1	15	57	52	55	
418	1	30	5	34	31	4	25	
419	1	1	1	1	31	1	3	
420	7	58	36	54	42	34	12	
421	1	35	2	7	1	52	28	
422	7	58	36	54	42	37	12	
423	87	106	71	86	84	86	56	
424	63	55	22	4	43	6	12	
425	16	171	98	136	133	113	81	
426	145	172	129	7	25	125	113	
427	90	30	53	162	136	77	18	
428	146	125	58	155	25	58	114	
429	46	171	108	126	55	38	115	
430	140	29	100	163	156	113	11	
431	91	110	74	129	133	34	81	
432	121	152	74	155	141	118	116	
433	147	173	129	155	145	125	113	
434	148	77	130	161	133	113	111	
435	16	174	100	11	147	113	117	
436	149	110	131	103	160	113	111	
437	91	175	132	164	161	34	111	
438	150	110	73	104	108	106	103	
439	149	176	133	104	65	34	81	
440	151	177	40	6	162	59	12	
441	26	110	134	129	109	34	94	
442	91	178	73	129	108	34	61	
443	13	110	74	164	133	34	103	
444	121	166	123	7	133	113	11	
445	144	179	74	138	163	113	94	
446	13	168	135	145	164	37	103	
447	122	170	127	104	159	37	12	
448	91	180	123	155	165	90	100	
449	152	58	109	165	6	28	118	
450	153	181	74	129	159	124	114	
451	146	168	106	143	25	128	114	
452	146	168	106	166	25	128	114	
453	91	182	99	167	133	129	111	
454	13	167	136	103	65	34	103	
455	91	176	133	104	133	106	81	
456	154	78	133	104	133	106	119	
457	144	77	74	164	166	113	94	
458	91	77	137	104	133	37	81	
459	91	182	99	167	167	106	111	
460	91	110	73	168	133	106	81	
461	26	183	134	129	109	34	94	
462	128	140	138	169	168	130	51	
463	126	184	139	170	168	131	120	
464	155	185	28	171	169	131	121	
465	156	186	140	172	168	132	122	
466	147	187	129	173	168	133	51	
467	91	188	74	174	65	37	61	
468	149	189	141	175	65	134	61	
469	144	77	23	143	65	37	94	
470	144	77	129	143	170	37	94	
471	157	25	99	27	145	37	94	
472	76	190	142	16	108	116	16	
473	157	25	99	27	170	37	94	
474	158	191	129	103	161	135	92	
475	159	110	74	60	171	37	51	
476	13	192	131	103	172	34	51	
477	15	193	22	4	16	85	12	
478	157	77	74	138	65	113	94	
479	63	38	49	162	43	6	12	
480	160	194	56	176	173	126	123	
481	161	195	143	177	174	136	124	
482	23	33	22	30	174	15	12	
483	8	21	3	45	44	22	23	
484	162	196	128	158	113	90	81	
485	8	21	5	45	44	137	25	
486	88	134	2	72	175	91	125	
487	25	82	42	76	9	13	126	
488	144	77	144	158	65	113	94	
489	148	197	145	84	83	102	127	
490	148	197	56	178	176	138	128	
491	94	164	146	7	155	122	33	
492	163	198	146	7	77	104	33	
493	64	76	147	79	77	66	33	
494	164	199	148	179	177	139	129	
495	108	200	149	180	178	140	130	
496	67	51	30	7	85	45	28	
497	165	60	150	134	179	15	18	
498	38	28	59	72	84	69	55	
499	88	134	44	72	105	91	55	
500	94	113	30	106	112	141	83	
501	166	77	99	141	180	142	94	
502	167	201	131	129	159	113	51	
503	168	202	28	181	181	15	74	
504	94	113	30	106	112	141	94	
505	165	203	94	182	182	143	131	
506	169	204	30	183	183	144	96	
507	108	205	151	184	184	145	96	
508	170	206	30	185	185	146	132	
509	171	207	152	186	186	147	133	
510	172	105	153	187	54	52	134	
511	2	30	1	34	31	8	25	
512	8	208	5	1	44	21	4	
513	8	30	5	1	44	21	135	
514	1	30	5	1	44	21	4	
515	8	30	1	34	30	3	1	
516	8	30	1	34	30	3	25	
517	127	168	114	188	187	132	115	
518	173	209	154	189	188	148	136	
519	174	147	111	142	143	113	51	
520	175	147	28	170	189	131	137	
521	91	210	155	163	145	113	12	
522	126	211	156	155	168	145	51	
523	176	212	128	163	168	34	94	
524	91	213	157	190	168	39	138	
525	177	214	138	191	168	118	44	
526	173	215	154	189	188	148	44	
527	76	170	142	158	143	113	16	
528	174	147	111	142	143	113	139	
529	174	147	111	192	190	149	140	
530	76	170	99	143	156	34	16	
531	178	216	129	193	38	150	16	
532	128	13	158	194	145	38	51	
533	179	217	107	195	168	118	51	
534	126	187	158	196	190	151	141	
535	62	109	72	197	106	39	34	
536	126	218	159	155	189	152	51	
537	126	147	111	142	143	113	139	
538	180	187	138	198	190	18	115	
539	118	150	160	199	148	110	95	
540	90	30	11	15	191	77	18	
541	181	170	127	200	192	153	142	
542	173	209	154	189	188	118	136	
543	24	30	35	14	191	77	143	
544	13	44	100	201	193	113	12	
545	182	77	23	161	194	34	111	
546	174	147	111	202	143	113	139	
547	128	13	158	203	195	38	11	
548	147	219	161	189	146	118	144	
549	126	211	159	155	168	145	51	
550	183	220	28	7	196	103	145	
551	128	13	158	103	197	38	115	
552	91	213	157	155	168	39	138	
553	108	221	138	204	198	34	51	
554	16	222	158	205	190	151	11	
555	126	223	159	155	199	39	33	
556	173	187	158	196	200	38	115	
557	126	218	129	206	189	39	18	
558	108	224	138	142	168	113	139	
559	108	187	138	155	168	154	51	
560	126	25	74	207	201	37	11	
561	184	138	138	208	168	34	146	
562	147	225	138	206	168	133	11	
563	91	147	111	142	143	113	147	
564	155	44	28	170	202	131	137	
565	177	214	107	196	168	118	120	
566	91	226	74	129	133	34	81	
567	173	215	154	189	188	148	136	
568	13	29	139	163	147	113	12	
569	128	138	129	198	168	152	51	
570	13	227	162	163	203	155	12	
571	128	217	159	155	146	142	51	
572	127	168	163	103	168	132	115	
573	91	110	74	209	108	34	81	
574	185	228	164	210	26	142	11	
575	186	184	30	211	204	36	33	
576	150	77	23	138	65	38	94	
577	187	229	107	103	205	34	115	
578	148	110	74	129	108	34	81	
579	52	220	30	79	196	103	145	
580	174	147	111	142	143	113	136	
581	180	187	138	198	168	18	115	
582	91	152	165	7	206	38	12	
583	31	177	166	212	10	156	18	
584	16	230	99	213	207	157	148	
585	16	230	99	213	207	157	111	
586	13	231	159	214	145	39	11	
587	13	166	123	155	133	113	149	
588	16	232	74	215	172	34	16	
589	188	233	74	103	208	106	111	
590	13	232	167	215	172	34	16	
591	189	233	74	103	172	106	111	
592	43	234	108	216	209	34	150	
593	190	170	168	104	109	113	98	
594	189	235	74	217	209	34	101	
595	13	236	99	218	133	113	111	
596	140	237	100	104	144	37	81	
597	141	238	23	139	113	134	103	
598	191	116	169	129	210	39	111	
599	154	170	73	173	55	106	81	
600	144	77	74	219	211	37	94	
601	141	238	12	155	212	113	151	
602	192	239	142	103	113	38	16	
603	192	226	167	129	213	38	16	
604	88	170	127	158	65	158	12	
605	157	240	170	95	214	159	115	
606	54	241	66	7	181	160	152	
607	193	242	76	220	215	102	153	
608	193	242	74	220	215	102	153	
609	193	242	1	220	215	102	153	
610	194	243	1	221	216	102	127	
611	82	101	46	49	94	53	154	
612	97	115	28	109	217	52	85	
613	45	132	28	15	218	91	55	
614	195	244	171	222	219	161	153	
615	25	245	172	84	83	67	8	
616	25	246	172	83	83	67	1	
617	25	83	173	85	83	67	155	
618	25	246	56	84	83	67	1	
619	17	11	5	7	220	162	6	
620	196	30	5	34	31	3	25	
621	197	247	174	223	16	6	76	
622	197	77	174	223	139	6	76	
623	38	28	175	31	32	64	38	
624	77	142	49	15	221	64	156	
625	14	248	176	155	222	36	61	
626	8	21	5	45	223	3	23	
627	31	30	5	34	44	3	25	
628	198	30	44	7	224	20	8	
629	2	30	5	34	224	3	25	
630	8	21	5	45	31	137	25	
631	43	249	45	15	16	64	157	
632	52	51	28	106	218	71	158	
633	95	250	30	107	101	81	84	
634	1	1	1	224	1	1	3	
635	199	1	1	225	1	1	3	
636	1	1	1	226	1	1	3	
637	1	251	177	227	1	1	3	
638	94	244	178	222	225	161	83	
639	31	7	109	14	6	12	24	
640	31	30	5	34	31	3	66	
641	31	7	109	12	6	12	24	
642	8	30	5	34	30	4	25	
643	200	1	5	12	6	1	159	
644	8	8	5	12	1	10	160	
645	31	1	5	12	226	10	1	
646	8	1	5	12	227	10	1	
647	37	252	25	10	11	163	6	
648	18	8	24	12	1	164	4	
649	201	77	121	95	55	113	16	
650	48	33	49	228	76	165	57	
651	202	1	5	12	1	7	1	
652	25	39	179	229	228	28	1	
653	25	37	179	230	228	28	1	
654	203	85	88	231	145	42	12	
655	8	1	5	232	145	10	62	
656	48	253	52	233	229	166	33	
657	204	254	180	234	7	167	161	
658	1	1	1	1	1	1	162	
659	17	48	42	154	47	6	8	
660	173	29	74	155	201	37	11	
661	63	68	49	4	14	85	8	
662	8	77	5	45	44	10	23	
663	8	77	5	45	1	10	23	
664	15	68	42	4	16	6	12	
665	1	1	1	189	1	1	1	
666	23	82	42	223	22	13	63	
667	45	164	153	187	103	114	55	
668	168	255	28	7	87	114	79	
669	173	29	74	155	230	37	163	
670	66	66	30	7	231	86	134	
671	45	256	28	7	154	71	28	
672	15	257	52	6	16	69	12	
673	205	164	28	187	54	114	55	
674	206	258	2	60	75	20	164	
675	207	11	11	7	73	1	44	
676	173	29	74	235	188	37	11	
677	151	90	40	236	232	71	165	
678	208	259	181	237	233	168	166	
679	209	260	182	164	27	169	11	
680	1	261	68	238	234	102	55	
681	88	134	2	72	105	91	55	
682	117	177	30	60	16	64	125	
683	95	220	42	79	196	103	28	
684	1	83	56	72	83	67	23	
685	210	262	30	72	235	170	60	
686	25	82	42	223	61	13	63	
687	108	263	46	239	94	93	167	
688	203	264	183	228	148	30	6	
689	117	25	2	60	9	86	168	
690	37	254	184	240	7	109	169	
691	49	42	20	12	16	46	170	
692	186	58	185	241	24	39	171	
693	211	11	42	134	236	171	57	
694	212	265	24	242	30	23	1	
695	31	266	2	21	237	172	18	
696	213	267	40	155	238	92	113	
697	62	268	72	16	42	173	62	
698	25	39	30	243	228	28	1	
699	214	269	29	244	159	36	172	
700	8	1	5	245	1	10	1	
701	214	270	13	11	239	42	125	
702	1	271	186	244	240	37	66	
703	62	272	72	16	241	28	62	
704	215	273	187	103	26	174	101	
705	43	58	99	126	109	106	51	
706	77	60	66	7	235	93	28	
707	94	71	30	79	67	63	33	
708	16	58	74	126	159	116	133	
709	91	100	119	218	19	149	92	
710	154	58	17	155	81	116	18	
711	87	34	28	74	135	91	44	
712	168	60	30	74	128	104	79	
713	192	260	166	103	188	157	146	
714	23	30	7	64	9	3	37	
715	15	33	22	66	14	85	11	
716	23	55	52	4	153	85	12	
717	17	274	22	4	153	85	12	
718	17	275	52	4	16	6	12	
719	63	276	7	4	153	85	12	
720	13	110	74	164	166	34	111	
721	15	32	22	66	14	85	11	
722	56	86	30	72	70	20	28	
723	15	86	9	7	16	19	12	
724	23	277	22	4	153	175	12	
725	8	21	36	24	2	22	12	
726	62	278	58	155	82	42	111	
727	216	86	30	73	70	19	28	
728	217	21	1	45	44	1	25	
729	218	77	166	7	191	18	37	
730	17	68	21	4	242	6	8	
731	38	82	175	15	243	26	149	
732	219	77	188	61	244	176	66	
733	17	1	5	34	30	177	63	
734	220	279	189	246	245	55	173	
735	48	280	49	247	139	20	174	
736	222	282	5	34	52	18	175	
737	223	283	34	248	21	142	13	
738	231	297	200	260	254	183	183	
739	232	298	201	261	255	184	184	
740	16	13	119	250	25	34	177	
741	225	77	191	66	61	55	102	
742	226	285	192	188	248	39	92	
743	13	287	162	103	249	38	178	
744	227	288	194	164	117	179	51	
745	228	77	58	252	250	37	111	
746	13	289	32	254	55	180	179	
747	233	242	196	255	256	102	127	
748	229	292	58	24	145	37	16	
749	13	294	119	259	55	38	182	
750	114	296	49	188	82	182	8	
751	31	7	5	66	6	7	24	
752	8	21	5	264	44	22	23	
753	8	21	5	45	44	191	4	
754	25	299	42	60	14	13	187	
755	62	177	49	265	264	190	76	
756	62	127	88	16	266	100	34	
757	238	127	88	16	45	42	34	
758	62	127	88	16	265	42	34	
759	237	127	88	16	45	42	34	
760	117	177	53	15	263	189	113	
761	62	127	88	16	262	188	186	
762	62	109	74	197	106	187	185	
763	62	109	74	197	106	39	185	
764	236	109	74	197	106	39	185	
765	235	109	74	197	106	39	185	
766	234	45	74	108	261	42	34	
767	229	291	36	24	260	38	12	
768	8	30	5	60	44	21	4	
769	8	30	5	60	258	21	4	
770	62	127	88	16	259	100	34	
771	64	177	54	72	232	103	42	
772	9	276	53	30	267	26	8	
773	17	275	5	266	16	162	188	
774	23	25	203	32	11	3	8	
775	239	266	2	38	4	192	149	
776	137	145	204	103	137	38	98	
777	8	30	5	34	30	193	25	
778	8	21	36	24	42	22	12	
779	1	1	1	34	31	3	25	
780	63	55	52	267	220	194	12	
781	91	188	34	155	268	37	189	
782	63	131	52	223	43	68	125	
783	2	30	5	34	31	10	25	
784	8	23	34	24	269	22	12	
785	222	282	5	49	52	18	175	
786	16	188	36	268	145	37	8	
787	2	30	5	34	270	3	25	
788	23	25	7	32	16	18	37	
789	17	3	21	4	14	6	8	
790	23	25	5	128	14	46	106	
791	17	21	5	269	44	22	4	
792	62	45	39	49	6	42	34	
793	122	300	119	95	271	195	113	
794	13	16	193	39	23	31	113	
795	240	302	17	270	273	46	190	
796	74	301	21	145	272	76	8	
797	91	232	17	188	274	196	41	
798	13	305	39	16	6	198	34	
799	16	303	205	142	275	197	12	
800	241	304	206	271	276	106	92	
801	34	14	37	272	277	40	21	
802	48	33	49	228	98	55	57	
803	5	17	5	12	1	199	4	
804	5	17	207	12	1	10	4	
805	5	17	5	12	278	10	4	
806	25	34	66	228	34	19	34	
807	48	33	49	6	84	55	191	
808	57	308	40	6	98	15	193	
809	48	33	66	228	279	55	192	
810	48	306	49	6	61	55	48	
811	48	307	19	14	16	32	27	
812	1	1	1	1	1	1	8	
813	1	1	1	1	106	1	1	
814	8	30	45	30	2	3	12	
815	8	21	36	108	21	22	12	
816	8	21	36	108	45	42	34	
817	242	308	30	14	280	200	80	
818	242	309	208	273	98	15	113	
819	243	1	5	12	1	10	1	
820	244	310	183	228	53	26	56	
821	203	311	34	248	247	198	8	
822	203	311	34	248	247	198	1	
823	96	45	32	108	45	42	34	
824	245	314	209	274	281	201	103	
825	8	313	49	15	267	73	125	
826	8	30	5	45	44	22	4	
827	62	315	72	16	45	42	62	
828	62	45	143	49	6	42	194	
829	62	316	211	276	283	203	62	
830	23	45	37	277	166	204	34	
831	62	85	88	278	45	42	34	
832	8	77	210	275	282	202	12	
833	17	312	71	223	9	13	12	
834	1	1	1	1	284	1	1	
835	225	189	74	164	143	173	8	
836	26	85	58	27	134	37	94	
837	16	119	131	142	23	153	51	
838	23	264	7	12	9	46	37	
839	8	21	5	45	44	22	25	
840	18	8	24	267	1	10	4	
841	8	317	5	45	44	22	109	
842	225	319	74	164	286	205	8	
843	26	320	212	27	287	37	94	
844	16	321	131	279	288	206	195	
845	8	30	5	45	44	22	196	
846	245	323	213	129	211	207	61	
847	23	322	7	12	9	46	37	
848	246	318	37	272	285	40	20	
849	247	324	99	163	288	36	197	
850	8	1	5	125	1	10	1	
851	1	326	214	222	290	208	1	
852	140	325	193	103	289	158	198	
853	91	77	73	104	133	37	81	
854	8	30	5	34	64	3	25	
855	31	8	24	12	1	10	4	
856	8	30	5	34	31	3	25	
857	31	7	109	13	6	7	6	
858	38	75	45	15	84	26	149	
859	38	10	30	66	84	71	174	
860	49	90	19	128	75	77	125	
861	23	99	52	101	220	194	11	
862	26	8	24	12	55	10	4	
863	37	34	29	5	8	19	28	
864	23	39	52	4	14	33	18	
865	223	68	5	4	76	107	8	
866	23	68	5	4	76	107	8	
867	18	30	5	34	31	3	25	
868	30	8	24	12	1	10	4	
869	1	1	1	7	1	1	1	
870	15	99	52	39	220	194	12	
871	25	68	9	4	7	30	12	
872	91	77	99	138	133	37	100	
873	1	1	1	293	1	1	1	
874	38	344	20	7	5	214	8	
875	202	6	18	39	52	216	12	
876	37	339	227	296	304	217	36	
877	15	11	9	7	305	30	12	
878	15	68	9	12	305	30	11	
879	63	68	21	297	7	30	8	
880	157	341	228	11	307	36	178	
881	114	342	58	188	25	219	8	
882	35	36	27	9	308	28	29	
883	37	344	230	66	75	20	204	
884	49	340	231	14	16	46	12	
885	256	344	232	128	220	26	56	
886	257	344	231	61	76	26	125	
887	114	342	58	188	310	219	8	
888	49	340	20	290	54	46	27	
889	257	344	232	298	8	26	125	
890	25	13	235	254	117	38	113	
891	1	1	1	299	1	1	1	
892	15	11	236	7	16	77	8	
893	254	88	22	298	16	213	157	
894	188	152	220	163	306	113	178	
895	21	25	221	14	8	21	27	
896	255	152	112	286	309	58	178	
897	13	77	233	287	117	38	205	
898	49	344	234	61	300	26	125	
899	49	344	30	288	84	6	56	
900	91	296	99	289	82	218	98	
901	188	343	229	103	301	58	202	
902	49	10	8	298	76	32	170	
903	49	335	20	294	84	26	8	
904	31	345	222	212	9	10	8	
905	31	332	223	15	302	46	143	
906	258	336	99	129	303	113	51	
907	8	30	238	34	30	21	4	
908	38	340	237	298	84	26	9	
909	1	1	1	1	311	1	1	
910	157	346	224	300	117	38	206	
911	8	21	5	45	44	22	203	
912	259	337	30	128	312	7	44	
913	21	344	225	128	76	26	56	
914	25	344	27	291	308	69	29	
915	260	338	193	292	25	39	207	
916	254	88	22	298	16	21	157	
917	23	99	52	73	220	194	23	
918	25	55	42	199	9	13	63	
919	25	33	30	4	9	13	12	
920	15	299	5	7	220	162	11	
921	56	44	28	106	94	71	126	
922	13	110	23	161	108	34	81	
923	25	55	42	223	9	13	63	
924	119	177	2	60	53	190	76	
925	63	327	42	223	9	13	12	
926	93	328	75	165	292	91	53	
927	63	33	2	280	43	64	12	
928	63	312	2	280	43	64	12	
929	16	329	23	281	293	35	51	
930	248	330	216	282	294	77	138	
931	249	66	52	86	292	91	55	
932	25	327	47	212	228	28	200	
933	91	331	74	155	296	34	100	
934	63	55	217	86	43	68	12	
935	77	142	49	283	221	64	38	
936	88	134	44	284	105	91	55	
937	250	332	9	72	295	209	82	
938	251	333	23	161	109	90	111	
939	252	327	109	72	228	28	63	
940	39	38	30	12	297	210	201	
941	8	23	36	24	298	38	12	
942	88	132	30	60	299	20	55	
943	88	134	218	72	105	211	55	
944	9	124	221	29	8	21	27	
945	261	1	1	301	1	1	3	
946	265	197	215	303	176	138	128	
947	37	41	239	294	75	20	204	
948	25	39	226	295	315	215	8	
949	25	39	226	25	315	215	8	
950	43	340	227	296	304	217	36	
951	1	1	1	1	316	1	1	
952	13	347	131	54	313	221	12	
953	91	140	74	129	314	34	81	
954	266	348	240	304	317	223	208	
955	267	349	241	305	256	224	127	
956	1	1	1	1	1	222	1	
957	63	55	53	4	43	68	12	
958	144	350	129	307	109	34	111	
959	95	37	30	156	101	114	84	
960	1	1	5	1	1	10	1	
961	2	30	5	34	44	3	25	
962	8	21	5	45	16	22	4	
963	29	252	25	32	11	163	6	
964	8	21	14	45	44	22	25	
965	48	77	44	60	139	20	174	
966	8	21	5	45	44	22	76	
967	198	77	44	73	224	20	8	
968	229	291	36	24	21	38	12	
969	31	21	5	45	44	22	23	
970	63	33	45	154	77	6	12	
971	8	68	5	34	30	177	63	
972	114	296	49	254	82	182	8	
973	8	30	5	34	30	3	214	
974	220	279	189	246	245	225	173	
975	254	90	30	66	48	214	76	
976	269	90	30	66	48	214	125	
977	270	21	5	45	44	22	23	
978	270	25	24	12	11	3	8	
979	8	21	5	45	318	22	211	
980	8	21	5	312	44	22	4	
981	8	354	5	45	44	137	25	
982	8	361	5	45	44	22	109	
983	13	357	32	95	109	113	113	
984	13	358	248	254	324	38	149	
985	25	52	25	61	319	3	213	
986	37	10	244	294	320	32	27	
987	38	259	14	310	323	26	76	
988	38	259	245	15	323	26	149	
989	89	108	28	311	34	88	44	
990	89	355	28	311	48	88	44	
991	94	90	246	31	32	26	8	
992	114	296	249	188	82	182	8	
993	117	356	247	15	76	26	57	
994	192	77	66	308	300	76	12	
995	198	32	242	7	224	64	8	
996	203	360	88	313	247	227	62	
997	271	188	213	103	325	207	16	
998	272	359	250	278	326	226	194	
999	254	53	46	7	72	20	79	
1000	45	49	175	7	72	45	174	
1001	268	351	243	12	299	77	15	
1002	273	363	2	7	72	26	215	
1003	274	363	2	7	72	45	216	
1004	31	57	5	34	31	3	199	
1005	168	1	28	1	1	1	1	
1006	278	44	257	39	291	93	126	
1007	197	32	44	86	16	6	76	
1008	27	22	11	87	53	27	15	
1009	57	49	40	6	220	15	193	
1010	8	1	5	12	151	10	193	
1011	8	1	5	12	1	10	3	
1012	94	83	251	314	328	230	1	
1013	275	364	252	315	329	149	217	
1014	74	159	63	39	330	76	70	
1015	94	63	11	106	331	141	28	
1016	49	365	77	117	332	26	69	
1017	188	366	253	316	333	113	218	
1018	276	64	132	129	143	231	51	
1019	25	116	77	317	334	26	11	
1020	103	197	77	317	335	26	11	
1021	25	116	258	318	336	72	8	
1022	122	367	254	40	281	232	51	
1023	212	368	24	242	30	23	1	
1024	25	39	226	87	337	215	156	
1025	138	15	9	319	338	107	18	
1026	31	32	255	12	135	28	106	
1027	8	369	256	320	339	233	1	
1028	94	370	21	314	53	230	1	
1029	31	371	5	15	84	22	1	
1030	277	2	17	36	340	233	15	
1031	280	332	261	323	6	235	1	
1032	279	31	5	237	295	234	63	
1033	282	275	239	87	75	20	219	
1034	281	291	36	24	21	38	12	
1035	284	19	196	305	344	102	127	
1036	283	3	5	34	30	3	25	
1037	15	3	53	66	43	68	12	
1038	16	29	58	188	21	38	12	
1039	17	6	28	7	2	6	12	
1040	18	37	24	12	1	10	4	
1041	2	3	5	34	341	3	23	
1042	25	37	30	128	5	123	56	
1043	25	1	38	60	1	6	8	
1044	25	34	45	30	2	6	12	
1045	31	37	5	34	31	3	25	
1046	31	37	5	34	31	3	220	
1047	31	3	5	34	30	3	25	
1048	38	28	239	89	342	26	149	
1049	43	37	20	66	5	26	56	
1050	63	5	52	322	5	68	12	
1051	63	9	260	321	43	68	12	
1052	8	2	262	103	21	22	12	
1053	8	2	36	24	21	38	12	
1054	91	27	259	126	343	37	51	
1055	2	30	5	34	30	3	23	
1056	206	284	239	324	84	26	76	
1057	194	261	263	238	234	102	127	
1058	210	69	264	74	71	236	53	
1059	285	376	74	325	65	237	103	
1060	119	377	30	114	7	23	221	
1061	286	378	173	85	345	67	222	
1062	287	379	2	39	245	225	173	
1063	45	132	30	326	218	52	55	
1064	45	132	28	327	218	86	55	
1065	144	380	74	164	347	239	92	
1066	91	110	265	164	133	98	149	
1067	289	76	54	72	54	45	42	
1068	63	33	49	162	43	6	12	
1069	13	168	100	328	348	113	12	
1070	16	170	53	329	133	34	198	
1071	91	77	266	103	349	140	103	
1072	290	60	267	101	350	240	224	
1073	292	381	268	269	351	241	225	
1074	293	382	269	269	351	242	226	
1075	291	259	30	330	163	18	166	
1076	13	168	100	163	348	113	94	
1077	63	32	49	162	43	6	12	
1078	294	383	52	294	16	55	170	
1079	74	170	17	104	133	34	16	
1080	13	384	73	331	352	158	111	
1081	295	83	270	332	353	67	227	
1082	296	77	23	164	145	124	94	
1083	250	332	9	333	295	209	24	
1084	297	83	172	84	83	67	228	
1085	45	132	28	326	218	52	55	
1086	298	168	100	163	348	113	12	
1087	299	385	172	83	83	67	228	
1088	210	69	30	74	71	236	53	
1089	122	77	142	334	303	113	16	
1090	38	259	30	64	163	18	229	
1091	118	259	239	138	354	170	60	
1092	45	386	30	187	354	243	79	
1093	300	246	173	85	356	67	155	
1094	122	171	100	335	133	113	230	
1095	62	296	271	16	139	42	34	
1096	302	56	53	15	7	23	55	
1097	150	394	193	343	108	113	92	
1098	308	395	124	188	364	254	12	
1099	305	389	273	340	361	246	16	
1100	43	54	5	21	49	253	38	
1101	31	1	5	151	358	27	170	
1102	62	85	72	62	82	244	62	
1103	1	1	1	65	1	1	1	
1104	25	392	15	41	15	23	10	
1105	206	393	239	342	363	20	231	
1106	307	6	5	20	362	7	25	
1107	303	68	38	338	360	248	12	
1108	62	85	58	339	82	249	62	
1109	307	6	5	20	6	7	25	
1110	202	391	5	341	1	71	1	
1111	303	327	38	338	360	248	12	
1112	202	1	5	12	1	71	1	
1113	304	6	5	20	6	7	25	
1114	306	387	272	106	359	141	28	
1115	31	44	18	38	350	8	33	
1116	303	30	38	338	360	248	12	
1117	157	396	13	11	367	198	232	
1118	38	397	217	151	360	192	1	
1119	108	44	46	344	350	15	33	
1120	192	390	274	337	307	247	232	
1121	15	398	42	31	369	251	11	
1122	140	77	275	340	244	86	233	
1123	157	399	99	129	313	159	234	
1124	224	399	277	346	118	252	113	
1125	49	388	226	114	366	245	235	
1126	31	397	217	342	368	46	12	
1127	303	327	184	347	12	46	15	
1128	106	389	193	340	118	133	197	
1129	1	400	85	345	16	255	8	
1130	8	8	24	12	1	10	236	
1131	1	1	1	348	1	1	3	
1132	8	401	5	45	44	22	23	
1133	2	30	5	349	31	3	25	
1134	31	30	276	280	370	8	1	
1135	63	68	53	86	43	68	12	
1136	90	30	11	223	107	77	18	
1137	91	77	88	102	143	113	94	
1138	301	197	23	336	357	256	127	
1139	310	23	36	129	145	22	12	
1140	8	21	5	45	348	22	4	
1141	91	110	32	164	133	37	111	
1142	91	110	265	164	133	38	149	
1143	137	145	121	103	137	38	94	
1144	91	402	259	164	145	113	12	
1145	144	168	100	103	348	113	12	
1146	48	383	52	294	16	55	170	
1147	311	170	132	167	159	113	51	
1148	315	182	165	103	192	158	94	
1149	18	8	24	12	105	10	4	
1150	31	57	5	34	212	3	25	
1151	1	1	1	1	374	1	111	
1152	88	113	30	49	1	153	80	
1153	314	77	278	352	1	110	6	
1154	88	134	44	39	105	91	55	
1155	91	296	193	108	133	113	103	
1156	91	296	193	108	133	38	103	
1157	23	99	49	31	14	13	12	
1158	16	169	74	350	212	37	81	
1159	8	21	5	45	54	22	4	
1160	18	8	24	12	373	10	4	
1161	312	77	279	9	10	156	18	
1162	8	21	36	45	44	22	4	
1163	313	4	74	351	372	113	178	
1164	1	356	1	1	1	1	1	
1165	91	58	74	45	113	113	111	
1166	91	58	74	143	44	113	111	
1167	18	8	24	12	375	10	4	
1168	197	21	5	45	44	22	4	
1169	8	21	280	45	44	22	23	
1170	23	30	5	45	44	22	109	
1171	242	308	281	134	376	257	33	
1172	1	1	282	1	378	1	1	
1173	63	75	21	15	7	30	1	
1174	8	30	283	34	44	21	4	
1175	8	21	5	45	44	22	109	
1176	23	68	25	354	11	3	8	
1177	2	30	5	45	44	22	23	
1178	8	23	36	24	2	22	12	
1179	254	403	46	15	379	26	76	
1180	2	30	5	34	31	3	212	
1181	316	8	24	12	1	10	4	
1182	37	90	14	298	8	55	76	
1183	8	21	5	353	44	22	25	
1184	17	30	5	45	44	22	109	
1185	8	21	5	34	44	22	25	
1186	222	21	5	45	44	22	23	
1187	8	21	5	34	44	22	23	
1188	117	403	21	15	35	26	76	
1189	8	21	5	355	44	22	4	
1190	117	404	52	103	377	258	23	
1191	8	21	53	45	44	22	25	
1192	270	21	5	312	44	22	4	
1193	23	21	5	45	44	22	23	
1194	8	25	24	32	11	3	8	
1195	15	55	174	4	43	68	37	
1196	23	21	5	45	44	22	25	
1197	31	21	5	45	44	22	109	
1198	23	25	21	128	14	46	106	
1199	18	30	5	45	44	22	109	
1200	23	25	19	32	11	3	8	
1201	317	405	11	356	44	27	240	
1202	63	68	44	357	9	194	12	
1203	210	36	29	358	34	259	4	
1204	140	300	23	359	380	260	197	
1205	31	30	284	282	6	18	138	
1206	38	406	49	66	61	55	57	
1207	318	407	285	163	381	261	8	
1208	39	408	7	32	16	3	37	
1209	48	108	49	31	382	26	18	
1210	254	90	30	66	76	214	76	
1211	222	35	286	12	35	18	239	
1212	223	38	216	7	295	262	20	
1213	320	409	30	361	52	115	31	
1214	119	352	2	360	139	20	174	
1215	254	90	30	66	16	214	76	
1216	210	410	30	7	383	253	55	
1217	18	8	5	12	1	10	4	
1218	8	30	24	34	30	3	25	
1219	151	411	287	30	2	26	12	
1220	279	259	278	362	302	14	241	
1221	29	252	25	254	11	163	6	
1222	63	75	21	15	7	30	8	
1223	63	1	5	12	1	10	1	
1224	16	169	74	1	212	37	81	
1225	91	77	100	129	133	38	12	
1226	8	30	5	34	371	21	4	
1227	91	77	74	158	171	90	81	
1228	1	1	1	1	1	1	242	
1229	269	415	132	103	371	113	178	
1230	319	227	99	158	27	90	81	
1231	269	13	132	364	371	113	102	
1232	269	13	132	364	30	113	102	
1233	269	414	132	103	371	113	102	
1234	100	13	58	363	212	38	102	
1235	91	416	168	164	80	34	94	
1236	62	85	288	16	45	42	34	
1237	62	85	88	16	45	42	34	
1238	321	417	273	198	384	38	16	
1239	23	46	20	365	16	10	11	
1240	62	85	88	366	45	42	34	
1241	9	30	5	34	30	3	4	
1242	48	383	30	294	16	189	170	
1243	323	423	129	163	388	250	16	
1244	325	421	193	143	387	265	149	
1245	1	12	1	1	389	21	21	
1246	326	424	46	7	69	15	80	
1247	308	425	74	103	390	34	224	
1248	2	30	5	45	44	22	109	
1249	5	25	31	57	34	3	31	
1250	242	426	8	6	14	15	245	
1251	242	426	5	6	31	15	245	
1252	327	428	290	369	138	267	94	
1253	46	429	5	139	156	58	103	
1254	129	200	5	371	391	131	120	
1255	17	427	2	370	2	215	8	
1256	31	57	2	34	31	3	25	
1257	144	83	289	222	31	34	111	
1258	8	1	5	12	1	10	246	
1259	154	170	266	372	171	268	94	
1260	192	110	74	373	214	269	111	
1261	188	110	74	217	172	34	102	
1262	23	33	45	86	2	6	12	
1263	91	110	74	158	109	34	101	
1264	329	299	30	374	392	91	12	
1265	122	77	127	104	159	158	70	
1266	29	19	25	375	11	270	6	
1267	330	167	98	103	144	34	247	
1268	1	1	1	1	1	21	1	
1269	8	21	5	34	137	137	25	
1270	48	106	54	39	54	45	42	
1271	328	170	127	103	192	36	94	
1272	203	58	176	103	94	34	94	
1273	137	145	164	178	156	34	113	
1274	17	33	53	30	220	6	12	
1275	25	32	53	86	43	68	12	
1276	63	55	30	86	392	13	63	
1277	91	431	291	376	281	271	113	
1278	58	10	38	72	8	245	80	
1279	332	432	292	143	211	38	92	
1280	33	433	293	377	358	26	12	
1281	333	431	291	378	281	272	113	
1282	210	36	2	358	52	21	4	
1283	248	35	294	282	368	18	138	
1284	31	434	243	82	394	110	18	
1285	334	435	295	379	108	113	92	
1286	17	39	296	30	2	6	1	
1287	25	436	101	12	395	273	25	
1288	157	437	291	380	281	265	113	
1289	194	197	202	221	256	102	127	
1290	8	21	36	24	21	22	12	
1291	223	38	5	14	44	41	175	
1292	197	368	45	15	2	214	12	
1293	335	283	34	248	21	142	13	
1294	219	438	297	61	244	113	66	
1295	336	58	17	381	396	37	102	
1296	331	430	181	5	10	156	18	
1297	8	439	5	12	1	10	1	
1298	25	32	298	86	43	68	12	
1299	1	1	1	1	397	1	3	
1300	331	430	181	138	10	156	18	
1301	15	32	44	60	16	6	76	
1302	46	171	100	367	147	113	92	
1303	95	37	30	156	101	263	84	
1304	16	418	106	103	398	38	178	
1305	64	177	2	6	232	103	42	
1306	77	142	49	15	221	26	38	
1307	117	32	66	7	365	20	8	
1308	117	32	66	7	20	20	8	
1309	11	58	112	1	399	39	8	
1310	144	419	129	307	109	34	111	
1311	269	353	301	309	321	274	25	
1312	338	262	181	383	2	18	31	
1313	96	58	299	235	400	275	13	
1314	88	134	30	72	105	91	55	
1315	63	33	22	162	295	6	12	
1316	91	402	259	164	145	265	12	
1317	13	168	100	163	348	37	244	
1318	96	45	72	108	45	42	34	
1319	91	442	131	103	347	113	149	
1320	63	33	49	162	2	6	12	
1321	90	443	30	4	232	6	12	
1322	25	32	44	60	16	6	76	
1323	202	405	181	386	16	156	18	
1324	137	145	121	103	137	276	94	
1325	340	168	100	163	348	113	12	
1326	91	170	302	103	401	37	12	
1327	26	384	303	129	402	113	92	
1328	16	444	304	105	403	35	51	
1329	91	445	32	163	108	265	12	
1330	270	30	5	45	44	22	1	
1331	186	21	5	45	44	3	4	
1332	341	450	137	161	212	38	179	
1333	18	8	315	12	1	10	4	
1334	23	30	166	34	31	3	25	
1335	43	28	30	66	407	123	149	
1336	18	25	21	128	14	46	106	
1337	343	348	201	393	408	277	249	
1338	18	1	5	34	30	177	63	
1339	229	291	36	24	21	38	13	
1340	342	451	284	161	245	18	37	
1341	342	451	284	79	245	18	37	
1342	117	177	2	15	139	26	27	
1343	8	25	21	128	14	46	106	
1344	336	58	190	381	396	37	102	
1345	117	403	19	15	35	26	76	
1346	2	30	5	34	31	3	250	
1347	2	21	36	24	2	22	251	
1348	8	30	5	34	44	22	252	
1349	8	30	5	34	44	22	253	
1350	13	452	129	254	409	278	254	
1351	344	453	49	4	14	6	255	
1352	18	1	5	12	1	10	25	
1353	345	297	91	260	410	279	225	
1354	346	454	307	394	254	280	256	
1355	345	455	268	238	411	281	225	
1356	119	456	49	73	139	20	174	
1357	90	409	30	361	312	115	31	
1358	270	25	25	356	11	3	8	
1359	219	404	188	61	244	176	66	
1360	8	21	5	45	44	22	269	
1361	347	409	30	361	312	115	31	
1362	219	77	188	66	244	176	6	
1363	2	1	5	34	30	177	63	
1364	192	38	25	32	16	18	37	
1365	347	409	30	361	16	115	31	
1366	270	21	5	395	44	22	23	
1367	15	349	49	30	2	6	12	
1368	13	281	190	95	324	113	257	
1369	8	21	24	32	11	3	8	
1370	13	77	168	95	324	113	179	
1371	2	21	5	34	31	3	25	
1372	23	1	5	34	30	177	63	
1373	49	25	30	310	16	190	258	
1374	8	23	36	24	2	22	259	
1375	13	286	197	246	252	38	260	
1376	8	21	21	45	44	22	23	
1377	8	23	36	24	42	22	12	
1378	317	405	11	403	44	27	240	
1379	348	457	308	95	117	34	179	
1380	222	21	5	45	44	22	4	
1381	23	25	309	32	11	3	8	
1382	254	458	25	32	14	3	8	
1383	39	459	49	32	319	18	37	
1384	29	252	25	10	11	163	6	
1385	8	21	5	45	44	22	270	
1386	31	3	16	12	14	21	6	
1387	349	1	5	34	30	177	63	
1388	141	58	143	359	159	282	92	
1389	100	58	143	359	412	282	92	
1390	141	58	143	359	159	282	197	
1391	100	460	143	359	159	34	261	
1392	31	3	5	396	35	21	1	
1393	1	1	1	1	1	1	271	
1394	192	77	306	60	382	26	38	
1395	246	318	37	272	49	40	262	
1396	1	1	1	1	1	1	272	
1397	105	356	2	397	76	26	57	
1398	77	90	19	31	382	214	76	
1399	350	281	133	103	413	34	51	
1400	13	452	168	254	212	283	179	
1401	13	457	129	95	117	38	179	
1402	13	461	129	254	38	38	263	
1403	351	462	310	39	166	214	264	
1404	105	356	311	310	48	284	265	
1405	26	8	24	12	1	288	4	
1406	240	302	17	212	414	46	190	
1407	2	30	5	34	31	3	273	
1408	63	131	49	4	7	190	12	
1409	31	3	16	12	35	21	6	
1410	28	31	139	390	65	289	120	
1411	222	68	25	354	11	285	8	
1412	281	77	312	95	212	38	113	
1413	13	463	313	398	212	113	266	
1414	31	38	25	32	76	214	204	
1415	352	348	314	399	415	286	267	
1416	353	348	201	400	416	223	208	
1417	354	464	201	401	416	184	267	
1418	203	311	34	402	247	198	8	
1419	1	1	1	1	1	1	274	
1420	17	68	21	4	14	6	8	
1421	17	453	21	4	14	6	8	
1422	355	28	49	15	221	20	38	
1423	356	348	201	304	408	287	268	
1424	1	1	1	1	1	1	275	
1425	1	1	1	1	1	1	276	
1426	2	30	5	34	31	3	277	
1427	8	21	5	45	44	22	278	
1428	8	21	5	45	44	22	279	
1429	2	30	5	34	31	3	280	
1430	1	1	1	1	1	1	281	
1431	1	1	1	1	1	1	282	
1432	2	30	5	34	31	3	283	
1433	1	1	1	1	1	1	284	
1434	1	1	1	1	1	1	285	
1435	1	1	1	1	1	1	286	
1436	1	1	1	1	1	1	287	
1437	1	1	1	1	1	1	288	
1438	357	110	32	138	108	34	81	
1439	253	334	219	285	143	212	104	
1440	8	465	5	45	44	137	289	
1441	38	259	14	310	324	26	76	
1442	89	108	28	45	34	88	44	
1443	38	284	239	89	342	26	149	
1444	16	291	58	188	21	38	12	
1445	2	30	5	34	341	3	23	
1446	63	55	52	322	5	68	12	
1447	284	197	196	305	344	102	127	
1448	25	374	30	128	5	123	56	
1449	17	68	28	7	2	6	12	
1450	63	99	260	321	43	68	12	
1451	8	23	262	103	21	22	12	
1452	2	30	5	34	31	3	290	
1453	43	375	20	66	5	26	56	
1454	23	21	5	45	44	22	291	
1455	25	11	38	60	1	6	8	
1456	18	8	24	12	1	10	292	
1457	15	33	53	66	43	68	12	
1458	31	373	5	34	31	3	25	
1459	31	373	5	34	31	3	220	
1460	25	344	45	30	2	6	12	
1461	178	58	176	404	419	35	293	
1462	358	466	316	394	420	280	294	
1463	2	30	5	34	31	3	295	
1464	91	275	259	126	343	37	51	
1465	283	30	5	34	30	3	25	
1466	8	23	36	24	21	38	12	
1467	229	291	317	248	421	38	296	
1468	31	30	5	34	30	3	25	
1469	18	372	24	12	1	10	4	
1470	31	21	42	45	44	22	25	
1471	1	1	1	1	1	1	297	
1472	197	247	174	223	16	6	298	
1473	8	465	5	45	44	137	25	
1474	2	30	5	34	31	3	299	
1475	344	310	49	4	7	6	300	
1476	31	21	5	45	44	22	301	
1477	1	1	1	1	1	1	302	
1478	2	30	5	34	31	3	303	
1479	9	30	5	34	30	3	290	
1480	31	21	5	45	44	22	304	
1481	8	8	24	12	1	10	305	
1482	186	21	5	45	44	3	306	
1483	359	296	233	405	422	34	307	
1484	279	409	7	39	16	18	37	
1485	198	32	191	406	224	20	308	
1486	8	21	5	45	16	22	310	
1487	31	21	5	45	44	22	273	
1488	23	1	5	34	30	177	311	
1489	31	21	5	45	44	22	312	
1490	18	8	24	12	1	10	313	
1491	8	21	5	45	44	137	322	
1492	23	1	5	34	30	177	314	
1493	8	21	5	45	44	22	315	
1494	186	21	5	45	44	3	316	
1495	344	453	49	4	14	6	317	
1496	344	453	49	4	14	6	318	
1497	31	21	5	45	44	22	319	
1498	1	1	1	1	1	1	320	
1499	360	281	318	407	55	38	321	
1500	8	1	5	34	16	26	323	
1501	77	90	245	310	382	214	324	
1502	31	21	5	45	44	22	325	
1503	361	348	319	401	408	290	249	
1504	1	1	1	1	1	1	326	
1505	6	8	24	12	1	10	4	
1506	17	1	5	12	29	10	1	
1507	5	17	24	12	1	10	4	
1508	18	1	5	12	29	10	1	
1509	48	33	49	7	61	55	48	
1510	77	108	245	31	382	26	327	
1511	77	108	245	31	382	26	328	
1512	119	456	49	73	139	20	329	
1513	1	1	1	1	1	1	330	
1514	2	30	320	34	31	3	25	
1515	8	30	5	408	30	3	25	
1516	8	30	5	34	30	291	25	
1517	362	467	209	409	144	271	92	
1518	363	17	5	12	1	10	4	
1519	364	101	46	410	218	53	114	
1520	5	17	5	12	1	292	4	
1521	365	3	5	396	28	21	1	
1522	31	6	321	20	6	7	25	
1523	1	12	1	1	6	293	21	
1524	15	468	17	270	16	21	12	
1525	91	469	131	411	423	294	41	
1526	1	470	1	1	1	1	1	
1527	48	33	49	412	299	55	57	
1528	18	8	322	12	1	10	331	
1529	8	21	5	413	44	295	23	
1530	366	395	129	414	117	149	8	
1531	222	282	5	415	308	18	175	
1532	367	177	53	31	53	189	74	
1533	312	471	181	386	10	156	18	
1534	223	472	46	416	14	52	332	
1535	223	302	17	270	414	46	190	
1536	223	282	46	416	14	28	332	
1537	280	90	46	15	16	64	8	
1538	15	68	231	4	14	296	8	
1539	31	7	5	145	6	7	24	
1540	5	17	21	212	224	28	333	
1541	5	473	109	212	424	28	1	
1542	40	321	40	417	16	26	34	
1543	8	21	5	418	44	22	4	
1544	8	21	5	418	44	22	333	
1545	18	46	5	12	1	10	4	
1546	18	3	5	396	28	21	1	
1547	18	473	109	212	424	28	1	
1548	31	30	18	12	6	7	334	
1549	8	17	21	212	224	28	333	
1550	312	77	279	9	371	156	18	
1551	25	13	132	26	10	38	18	
1552	368	1	1	1	1	1	1	
1553	95	37	30	135	101	81	158	
1554	119	134	30	15	94	20	76	
1555	95	37	30	7	101	81	158	
1556	52	198	28	79	218	18	28	
1557	87	255	30	7	140	114	145	
1558	249	69	46	7	135	114	79	
1559	45	255	21	7	67	52	33	
1560	278	44	46	165	291	103	77	
1561	108	198	46	7	135	15	80	
1562	183	386	28	165	128	52	64	
1563	87	386	28	165	128	52	64	
1564	53	386	28	165	291	114	64	
1565	87	255	30	7	140	15	145	
1566	87	255	46	7	181	114	44	
1567	38	386	46	7	292	15	145	
1568	52	220	28	77	47	15	44	
1569	45	177	2	6	139	26	76	
1570	95	37	30	107	101	81	84	
1571	53	113	30	7	54	52	158	
1572	242	275	8	6	14	15	149	
1573	67	255	46	7	94	112	126	
1574	66	32	47	96	352	15	54	
1575	87	255	28	7	135	52	44	
1576	53	198	46	7	135	15	80	
1577	95	386	28	66	128	52	64	
1578	52	66	28	7	231	55	44	
1579	183	205	28	79	218	103	126	
1580	88	134	284	15	299	112	76	
1581	168	53	47	77	231	79	64	
1582	95	37	30	72	135	52	84	
1583	17	177	2	31	53	189	74	
1584	48	177	30	267	16	55	170	
1585	51	386	28	165	128	52	64	
1586	256	386	46	165	128	52	64	
1587	87	28	53	267	16	189	74	
1588	49	116	30	294	34	189	76	
1589	285	77	327	164	109	113	111	
1590	122	474	100	163	172	195	101	
1591	122	474	100	262	208	195	101	
1592	144	475	326	351	133	182	81	
1593	16	58	73	39	133	297	111	
1594	144	77	73	421	133	37	61	
1595	203	283	36	24	42	182	13	
1596	144	58	328	420	133	90	115	
1597	91	77	323	419	171	298	111	
1598	144	25	131	11	55	221	111	
1599	124	476	100	163	133	195	101	
1600	1	1	1	1	1	1	323	
1601	1	1	1	1	1	1	336	
1602	1	1	1	1	1	1	343	
1603	8	21	5	45	44	22	342	
1604	8	8	24	12	1	10	341	
1605	63	477	42	103	139	13	340	
1606	1	1	1	1	1	1	339	
1607	23	25	19	32	11	3	337	
1608	1	1	1	1	1	1	338	
1609	6	17	5	12	1	10	4	
1610	8	68	5	34	6	177	63	
1611	8	1	5	12	220	10	1	
1612	66	478	329	79	291	103	344	
1613	8	479	24	12	1	10	4	
1614	8	30	5	423	44	21	4	
1615	16	77	23	161	108	38	111	
1616	2	21	5	45	44	22	4	
1617	2	21	5	45	44	22	23	
1618	1	1	1	1	1	299	1	
1619	25	73	54	72	54	45	42	
1620	369	90	30	110	428	122	76	
1621	8	21	5	6	44	22	4	
1622	17	21	5	45	44	22	127	
1623	8	30	5	16	30	3	25	
1624	48	10	85	14	84	20	11	
1625	17	11	330	14	267	1	8	
1626	37	10	14	14	5	32	27	
1627	62	296	331	108	139	42	34	
1628	62	85	88	150	427	42	34	
1629	2	30	5	1	31	3	25	
1630	1	1	332	16	1	1	1	
1631	1	1	1	424	1	1	1	
1632	17	21	5	45	44	21	4	
1633	62	85	72	150	427	42	34	
1634	38	124	9	6	7	6	12	
1635	62	109	72	108	106	34	34	
1636	370	109	88	11	247	227	194	
1637	8	21	24	12	1	10	4	
1638	63	75	293	15	7	30	8	
1639	25	28	64	12	84	1	8	
1640	8	21	5	45	30	22	25	
1641	17	21	5	45	424	22	4	
1642	1	1	1	101	1	1	1	
1643	1	1	1	101	339	1	1	
1644	6	21	24	4	1	10	4	
1645	15	1	330	14	267	189	345	
1646	229	177	2	239	16	72	76	
1647	18	1	5	12	1	301	346	
1648	9	30	5	34	430	3	25	
1649	17	482	21	1	14	6	76	
1650	17	21	5	45	44	302	4	
1651	31	6	88	20	6	7	25	
1652	17	21	5	45	429	22	4	
1653	33	481	44	145	16	33	348	
1654	15	327	9	425	305	30	347	
1655	17	21	5	45	44	22	1	
1656	8	30	5	15	44	21	75	
1657	17	33	45	162	2	6	12	
1658	96	45	99	108	45	42	34	
1659	18	483	24	12	1	10	4	
1660	1	8	24	12	1	10	25	
1661	1	21	5	45	44	22	4	
1662	1	1	1	26	1	1	1	
1663	8	1	5	12	226	10	1	
1664	91	78	74	129	108	34	81	
1665	144	77	73	420	108	38	81	
1666	16	110	32	164	133	34	111	
1667	144	77	137	159	133	34	81	
1668	91	484	99	426	65	113	61	
1669	252	35	284	427	191	303	175	
1670	362	233	74	103	109	106	111	
1671	48	383	30	267	16	55	170	
1672	7	405	28	356	136	209	8	
1673	62	296	271	54	139	42	34	
1674	252	70	216	79	47	62	28	
1675	43	49	227	428	304	304	49	
1676	371	49	40	15	304	141	80	
1677	372	30	216	4	431	64	8	
1678	373	146	5	12	245	18	37	
1679	8	21	5	17	44	22	4	
1680	373	146	5	12	245	18	38	
1681	49	91	85	67	62	84	18	
1682	222	472	46	6	308	28	332	
1683	223	472	46	6	308	28	332	
1684	117	177	2	429	139	111	12	
1685	38	49	30	7	72	45	79	
1686	117	403	49	15	35	26	76	
1687	25	285	42	7	14	109	349	
1688	25	485	42	7	14	109	349	
1689	8	21	333	45	44	22	4	
1690	45	480	30	288	426	300	120	
1691	86	102	7	42	432	18	11	
1692	269	486	335	39	433	307	114	
1693	23	21	25	45	44	22	4	
1694	31	28	5	430	44	7	76	
1695	63	68	42	103	139	13	8	
1696	17	33	49	30	2	6	1	
1697	23	21	5	45	44	22	4	
1698	8	21	5	45	44	22	1	
1699	38	259	20	15	434	26	149	
1700	25	487	7	32	16	3	8	
1701	8	21	36	24	435	22	12	
1702	1	1	1	1	1	306	1	
1703	317	77	279	9	10	156	18	
1704	375	13	129	254	212	38	179	
1705	15	327	9	39	305	30	11	
1706	38	259	14	15	323	55	149	
1707	8	1	5	12	1	10	350	
1708	1	1	1	1	1	1	351	
1709	3	8	5	437	278	10	4	
1710	8	8	5	437	278	10	4	
1711	1	1	1	86	1	1	3	
1712	13	13	32	431	448	38	112	
1713	8	30	5	32	44	21	75	
1714	391	1	1	1	1	1	3	
1715	46	77	73	104	452	320	100	
1716	45	518	28	60	232	52	55	
1717	2	1	1	12	1	1	3	
1718	1	1	1	1	1	1	357	
1719	1	1	1	1	1	1	358	
1720	376	488	336	39	436	308	51	
1721	18	8	24	12	1	10	109	
1722	217	21	5	45	44	22	25	
1723	377	77	58	254	145	116	62	
1724	8	21	36	24	2	22	13	
1725	17	30	5	432	44	21	75	
1726	8	30	5	30	44	21	4	
1727	62	278	58	155	82	42	62	
1728	23	275	22	4	153	85	12	
1729	66	489	30	7	54	71	55	
1730	23	177	22	7	7	6	12	
1731	25	491	9	433	9	309	63	
1732	139	492	30	7	232	71	55	
1733	5	21	5	45	44	22	25	
1734	17	55	22	4	437	310	12	
1735	25	30	9	56	44	13	55	
1736	379	493	74	168	133	37	353	
1737	380	494	30	6	54	71	55	
1738	223	495	5	30	14	26	1	
1739	141	496	74	359	133	113	51	
1740	72	305	88	278	45	42	62	
1741	62	278	58	434	82	42	62	
1742	216	492	30	247	105	71	55	
1743	9	274	22	4	438	85	12	
1744	381	497	338	188	439	311	61	
1745	62	85	58	155	82	42	16	
1746	17	498	22	4	153	85	12	
1747	62	85	333	39	145	42	62	
1748	8	21	1	45	44	22	4	
1749	62	85	333	62	82	42	62	
1750	382	489	22	72	139	19	55	
1751	383	499	49	72	70	20	55	
1752	62	85	58	390	82	42	62	
1753	62	278	58	155	440	42	62	
1754	8	21	36	435	2	22	12	
1755	62	85	333	390	82	42	62	
1756	384	500	74	436	441	169	61	
1757	380	86	40	72	232	312	42	
1758	385	494	30	7	54	71	55	
1759	386	501	30	72	54	313	55	
1760	64	501	30	72	54	103	55	
1761	230	125	23	381	442	37	8	
1762	321	47	74	62	133	134	111	
1763	81	102	67	15	6	73	6	
1764	245	77	339	438	138	314	92	
1765	91	497	99	422	133	321	111	
1766	216	502	30	6	153	71	55	
1767	62	296	271	439	139	42	34	
1768	186	77	340	7	443	36	111	
1769	218	31	284	155	107	18	37	
1770	18	6	18	20	28	7	4	
1771	251	77	23	155	138	315	61	
1772	91	493	99	440	133	37	92	
1773	184	493	58	27	133	37	354	
1774	222	30	7	42	302	18	11	
1775	377	77	326	254	145	116	62	
1776	17	76	22	4	437	6	12	
1777	251	503	74	167	444	316	111	
1778	91	504	99	441	82	113	51	
1779	62	505	341	167	139	42	34	
1780	16	77	99	442	108	113	61	
1781	64	177	54	72	232	313	55	
1782	17	55	22	4	153	85	12	
1783	5	30	5	97	44	21	75	
1784	377	497	326	422	145	116	62	
1785	56	485	30	121	70	19	28	
1786	88	485	53	6	445	15	76	
1787	56	86	2	72	70	19	55	
1788	62	278	58	72	82	42	62	
1789	377	506	338	95	145	34	98	
1790	62	296	121	16	139	42	34	
1791	63	507	22	72	154	162	12	
1792	31	86	2	72	70	19	55	
1793	184	493	74	168	133	37	353	
1794	91	508	326	351	446	34	16	
1795	91	506	338	95	447	34	98	
1796	251	197	131	443	27	37	189	
1797	151	492	329	6	43	19	76	
1798	186	510	74	163	449	318	12	
1799	188	511	154	444	145	113	113	
1800	312	52	181	445	10	156	18	
1801	8	3	5	396	28	21	1	
1802	64	76	40	72	232	103	42	
1803	140	512	58	446	133	113	111	
1804	64	77	28	39	154	71	55	
1805	1	6	18	20	28	7	4	
1806	381	497	74	188	25	311	61	
1807	5	30	5	86	9	6	12	
1808	23	55	42	31	14	319	349	
1809	8	21	67	4	437	6	12	
1810	45	513	30	72	128	20	55	
1811	91	77	74	39	133	34	61	
1812	217	21	5	447	44	22	25	
1813	64	86	53	79	232	19	42	
1814	91	145	99	15	82	37	12	
1815	388	517	259	448	145	113	12	
1816	389	515	32	39	450	113	8	
1817	23	32	42	31	153	85	356	
1818	218	2	109	82	6	21	118	
1819	15	516	343	66	453	85	11	
1820	159	517	132	103	451	34	51	
1821	390	312	53	66	135	6	8	
1822	5	17	334	12	1	10	4	
1824	62	45	88	49	6	305	34	
1825	8	30	5	34	30	3	359	
1826	8	30	5	34	44	22	109	
1827	344	453	49	4	14	6	8	
1828	49	25	30	310	16	190	204	
1829	8	23	36	24	2	22	8	
1830	2	21	36	24	2	22	22	
1831	18	53	30	18	139	91	63	
1832	8	53	30	18	139	91	63	
1833	392	53	30	18	139	91	63	
1834	2	519	5	34	31	3	25	
1835	91	77	34	11	133	113	62	
1836	31	53	30	18	139	91	63	
1837	31	30	30	18	139	91	63	
1838	8	30	30	18	139	22	63	
1839	393	53	30	18	139	91	63	
1840	8	53	30	374	139	91	63	
1841	8	53	30	18	139	91	4	
1842	1	1	344	1	1	1	1	
1843	203	520	34	62	21	42	62	
1844	8	30	30	18	139	91	63	
1845	197	53	30	18	139	91	63	
1846	396	527	30	15	105	324	76	
1847	52	528	30	66	105	91	55	
1848	397	529	23	129	133	37	113	
1849	91	421	23	451	145	37	111	
1850	62	524	347	62	82	42	12	
1851	45	525	28	326	54	52	12	
1852	395	526	99	141	65	113	100	
1853	1	1	1	34	1	1	3	
1854	406	347	351	459	460	314	362	
1855	21	537	22	7	461	26	157	
1856	100	538	58	460	25	38	179	
1857	407	539	352	461	462	327	368	
1858	408	540	353	462	463	328	363	
1859	13	13	346	95	117	113	113	
1860	23	68	293	14	433	26	8	
1861	406	541	354	463	464	206	362	
1862	62	545	355	197	6	329	34	
1863	409	542	149	66	465	330	364	
1864	31	405	181	386	16	156	18	
1865	410	543	36	16	21	38	13	
1866	325	270	128	103	466	39	18	
1867	150	77	32	464	55	331	365	
1868	68	22	356	42	33	17	366	
1869	411	544	357	465	467	332	367	
1870	8	21	5	449	44	22	25	
1871	18	8	345	12	1	10	4	
1872	8	8	24	12	31	10	4	
1873	178	521	346	164	194	268	92	
1874	25	177	28	449	16	322	8	
1875	229	291	36	248	21	38	8	
1876	91	77	32	164	454	37	61	
1877	49	177	30	138	232	52	38	
1878	394	522	17	450	281	323	51	
1879	223	523	36	15	455	38	12	
1880	122	77	348	452	456	34	94	
1881	16	21	34	17	457	142	13	
1882	400	532	74	139	288	182	111	
1883	13	236	133	164	268	37	61	
1884	401	533	2	138	16	64	55	
1885	402	534	213	103	459	182	16	
1886	129	535	350	155	143	37	61	
1887	403	536	44	15	139	20	76	
1888	151	411	45	30	2	26	12	
1889	404	30	284	12	431	18	37	
1890	100	58	213	458	211	72	16	
1891	405	142	28	15	236	72	106	
1892	1	1	1	466	1	1	1	
1893	412	546	56	467	83	67	155	
1894	295	547	358	332	83	67	155	
1895	413	83	172	83	83	229	227	
1896	414	548	319	304	408	333	267	
1897	415	548	359	468	468	333	268	
1898	416	348	201	469	408	334	267	
1899	13	476	12	470	171	113	44	
1900	149	384	74	129	212	113	100	
1901	13	110	123	350	444	34	100	
1902	252	52	181	138	10	156	18	
1903	88	134	30	60	299	20	55	
1904	15	193	22	4	16	85	145	
1905	417	32	53	86	43	68	63	
1906	63	32	53	86	43	68	63	
1907	8	30	5	471	44	22	109	
1908	8	30	5	472	44	22	109	
1909	43	32	66	15	236	20	76	
1910	250	451	7	475	295	209	18	
1911	88	134	30	15	299	20	76	
1912	43	32	66	15	299	20	8	
1913	17	33	45	30	2	6	12	
1914	17	142	45	31	53	189	74	
1915	95	37	30	476	101	336	84	
1916	45	132	28	15	218	337	55	
1917	17	177	2	265	236	189	76	
1918	17	48	42	154	43	6	8	
1919	39	531	216	282	191	338	138	
1920	218	551	284	12	191	339	37	
1921	331	332	9	138	295	13	63	
1922	248	531	216	282	294	18	369	
1923	23	257	42	31	14	109	12	
1924	56	142	361	473	154	71	28	
1925	17	33	22	4	153	85	12	
1926	365	30	11	7	136	77	18	
1927	365	451	5	445	136	46	39	
1928	111	132	54	7	47	103	28	
1929	151	71	42	6	139	59	76	
1930	418	428	99	126	469	265	51	
1931	380	513	30	72	154	59	55	
1932	383	110	99	474	138	37	111	
1933	15	275	52	86	16	69	12	
1934	151	90	42	72	154	59	76	
1935	91	549	23	39	145	37	92	
1936	419	165	28	6	16	123	125	
1937	64	550	30	79	103	335	44	
1938	420	489	30	66	154	71	55	
1939	421	30	5	34	31	3	25	
1940	223	30	5	453	14	28	240	
1941	16	188	362	268	145	37	8	
1942	96	45	360	108	45	42	34	
1943	2	21	36	24	2	22	12	
1944	17	177	30	15	365	190	76	
1945	95	37	30	107	101	81	42	
1946	8	21	5	164	44	22	4	
1947	63	259	9	7	7	26	12	
1948	8	360	36	167	2	22	12	
1949	23	131	45	30	2	6	12	
1950	270	38	7	310	319	3	37	
1951	2	21	5	45	44	22	109	
1952	77	108	49	310	16	26	361	
1953	17	552	5	45	44	22	4	
1954	1	1	1	1	1	1	371	
1955	5	17	14	12	1	10	4	
1956	8	17	363	12	1	340	4	
1957	8	1	5	477	1	10	1	
1958	398	530	349	457	133	113	111	
1959	422	249	49	66	471	55	57	
1960	63	131	2	233	9	6	12	
1961	63	131	2	223	9	6	12	
1962	53	69	30	74	71	236	53	
1963	7	31	5	87	36	322	31	
1964	24	351	35	25	9	33	1	
1965	24	30	35	25	9	33	143	
1966	25	34	234	5	48	19	106	
1967	31	3	5	12	35	21	18	
1968	31	30	5	38	71	8	200	
1969	35	35	286	145	35	33	64	
1970	35	35	286	282	35	18	64	
1971	43	308	2	6	135	15	149	
1972	57	308	40	6	98	15	149	
1973	62	85	58	62	82	42	62	
1974	63	11	9	4	7	6	349	
1975	91	395	99	244	108	34	92	
1976	107	6	18	20	28	7	4	
1977	147	395	32	188	211	38	115	
1978	250	332	146	15	295	17	63	
1979	269	432	99	443	159	34	92	
1980	317	3	5	12	319	21	24	
1981	362	201	193	126	55	34	113	
1982	376	550	28	415	71	18	74	
1983	362	395	132	139	159	342	115	
1984	127	395	379	155	473	34	92	
1985	127	395	379	479	473	34	92	
1986	127	395	379	155	479	34	115	
1987	36	567	216	490	294	18	138	
1988	127	432	133	139	211	343	171	
1989	147	395	372	484	413	142	115	
1990	147	561	375	139	211	343	176	
1991	15	118	22	15	484	26	12	
1992	157	232	369	244	478	198	232	
1993	157	565	377	244	478	133	232	
1994	16	432	380	480	475	134	372	
1995	17	68	367	4	477	6	8	
1996	178	58	58	478	472	34	8	
1997	178	58	58	155	472	34	8	
1998	188	29	233	443	483	38	113	
1999	2	30	381	34	31	3	25	
2000	2	30	378	34	31	3	25	
2001	20	560	5	12	35	21	4	
2002	214	232	186	244	478	36	232	
2003	224	558	99	488	211	34	374	
2004	224	562	74	488	211	34	374	
2005	224	563	132	488	211	39	374	
2006	25	30	179	7	228	351	4	
2007	250	332	146	6	485	209	63	
2008	269	395	132	155	480	198	115	
2009	269	395	99	483	159	34	92	
2010	269	556	132	126	481	142	11	
2011	281	29	132	155	487	350	98	
2012	29	337	366	12	107	242	18	
2013	31	555	5	15	52	259	18	
2014	334	553	129	139	474	344	11	
2015	334	559	374	139	486	343	176	
2016	334	559	374	139	211	343	176	
2017	35	35	286	145	35	32	64	
2018	36	567	216	282	294	18	138	
2019	362	395	132	103	211	343	115	
2020	362	201	170	139	55	345	113	
2021	362	554	193	482	55	345	218	
2022	38	33	49	15	489	175	149	
2023	362	562	193	126	55	142	113	
2024	362	201	193	126	55	345	113	
2025	362	554	193	126	55	142	113	
2026	38	557	371	66	482	17	64	
2027	423	432	133	481	476	343	171	
2028	424	1	284	12	44	32	63	
2029	424	1	284	6	44	32	63	
2030	424	1	284	12	4	32	63	
2031	425	77	373	244	483	347	218	
2032	426	29	129	95	108	149	373	
2033	429	566	49	6	84	26	149	
2034	429	433	30	491	5	348	44	
2035	38	566	49	489	84	26	149	
2036	430	395	132	139	473	39	92	
2037	57	433	30	485	5	348	364	
2038	62	85	365	62	82	42	62	
2039	71	404	370	145	244	346	1	
2040	76	29	368	481	475	34	11	
2041	76	29	368	126	475	34	218	
2042	76	558	375	139	483	271	16	
2043	8	21	5	492	44	22	23	
2044	91	395	129	481	138	349	375	
2045	114	296	58	188	488	219	149	
2046	127	554	383	126	55	142	113	
2047	127	395	379	487	473	34	92	
2048	157	564	376	244	478	352	376	
2049	248	35	294	282	368	353	138	
2050	423	432	384	486	211	343	171	
2051	429	177	49	493	5	55	149	
2052	429	433	15	494	5	354	149	
2053	278	44	46	165	291	93	126	
2054	45	132	28	15	218	52	55	
2055	63	33	22	223	14	85	11	
2056	25	312	30	72	9	13	8	
2057	17	142	53	496	365	189	74	
2058	427	569	58	495	145	134	377	
2059	100	77	99	155	212	113	378	
2060	122	568	17	27	490	34	61	
2061	428	569	58	495	145	134	377	
2062	431	177	30	15	365	190	76	
2063	114	170	99	497	159	113	12	
2064	224	569	58	456	491	35	247	
2065	386	570	30	326	139	337	76	
2066	88	44	257	39	291	93	379	
2067	17	142	53	9	365	189	74	
2068	94	63	272	106	48	141	28	
2069	33	99	293	106	433	26	12	
2070	365	3	5	396	28	21	4	
2071	38	10	19	26	5	32	27	
2072	2	30	382	34	31	25	3	
2073	432	1	1	1	1	1	1	
2074	1	6	385	20	28	7	4	
2075	38	566	387	503	498	26	28	
2076	38	566	40	503	498	26	28	
2077	62	296	271	16	495	42	34	
2078	147	240	170	95	496	159	98	
2079	48	28	49	6	494	26	44	
2080	18	572	52	503	489	194	11	
2081	229	571	88	197	493	355	62	
2082	435	85	72	197	145	42	62	
2083	37	152	14	26	8	32	179	
2084	35	36	27	13	37	28	29	
2085	35	36	27	140	37	28	29	
2086	242	308	40	7	98	15	18	
2087	434	38	72	197	493	42	62	
2088	31	7	109	13	6	7	382	
2089	272	573	250	278	492	198	194	
2090	18	405	44	7	16	6	380	
2091	141	58	132	235	159	282	261	
2092	63	75	30	499	22	30	8	
2093	31	6	18	20	28	7	4	
2094	197	6	18	20	28	7	4	
2095	210	575	29	358	34	259	4	
2096	13	574	388	501	499	37	117	
2097	438	6	18	20	28	7	4	
2098	18	572	184	15	489	194	383	
2099	18	1	391	12	1	10	25	
2100	439	1	1	1	1	1	1	
2101	1	1	1	1	1	1	384	
2102	37	10	392	128	8	32	125	
2103	440	577	394	504	502	357	145	
2104	440	577	30	7	502	357	145	
2105	441	578	395	505	102	358	385	
2106	444	242	396	220	508	102	388	
2107	114	395	397	508	509	159	16	
2108	157	390	398	11	510	142	176	
2109	166	201	399	129	511	206	389	
2110	184	584	400	509	303	362	51	
2111	25	392	15	41	15	23	390	
2112	306	63	23	106	359	141	28	
2113	306	63	272	106	359	141	28	
2114	307	585	5	20	6	7	25	
2115	325	586	193	129	512	363	18	
2116	62	85	288	278	45	42	34	
2117	62	29	88	16	82	42	62	
2118	8	1	5	510	1	10	1	
2119	119	177	2	265	53	190	76	
2120	367	106	30	294	34	189	76	
2121	119	177	2	265	53	190	55	
2122	389	482	23	168	27	149	12	
2123	45	489	28	74	128	104	55	
2124	312	52	181	6	10	156	18	
2125	389	77	99	507	145	113	111	
2126	46	583	121	277	507	37	51	
2127	100	581	198	103	506	360	387	
2128	91	582	74	163	133	311	386	
2129	16	581	32	39	38	149	101	
2130	251	579	23	441	505	37	12	
2131	443	29	74	95	144	359	111	
2132	159	497	338	422	504	361	51	
2133	442	580	99	506	503	34	218	
2134	108	587	401	7	48	71	28	
2135	16	588	402	129	212	124	391	
2136	87	255	371	7	513	15	145	
2137	88	227	74	164	514	90	82	
2138	445	110	99	103	145	37	111	
2139	16	77	74	167	404	364	81	
2140	57	589	8	6	14	15	245	
2141	446	591	403	512	515	365	393	
2142	448	591	403	512	515	365	392	
2143	448	591	403	461	515	365	392	
2144	13	590	100	143	348	113	111	
2145	1	1	1	1	1	1	395	
2146	220	593	21	7	517	242	114	
2147	450	426	95	513	132	366	80	
2148	43	594	21	288	517	225	114	
2149	220	593	46	288	245	242	114	
2150	43	593	21	288	245	242	114	
2151	43	82	21	288	245	242	114	
2152	366	327	42	342	43	13	12	
2153	43	279	404	39	16	225	173	
2154	259	337	30	66	312	115	166	
2155	39	249	261	86	285	216	1	
2156	89	32	30	7	224	20	334	
2157	18	451	5	12	1	10	1	
2158	63	128	42	303	14	102	334	
2159	63	327	42	342	43	13	12	
2160	451	58	53	443	105	34	8	
2161	246	318	37	272	285	40	396	
2162	154	612	17	155	534	37	115	
2163	451	603	53	83	532	34	8	
2164	53	601	28	7	529	71	170	
2165	38	598	30	490	103	20	64	
2166	249	613	412	520	34	15	30	
2167	53	598	28	531	529	71	136	
2168	38	598	30	531	103	114	64	
2169	16	612	17	525	534	58	115	
2170	456	606	413	443	145	39	19	
2171	456	606	413	530	145	39	19	
2172	457	604	30	60	103	235	240	
2173	460	152	17	500	533	282	12	
2174	458	51	411	7	43	235	399	
2175	453	609	28	527	529	71	38	
2176	38	614	407	72	531	114	38	
2177	25	11	9	72	220	86	63	
2178	23	68	21	4	14	6	334	
2179	192	609	335	521	67	69	136	
2180	38	609	335	521	67	69	136	
2181	63	600	42	4	14	72	334	
2182	38	613	30	515	535	20	42	
2183	452	152	66	83	538	20	64	
2184	38	606	42	521	67	69	136	
2185	249	614	66	103	538	23	38	
2186	38	128	264	303	14	102	8	
2187	34	613	30	521	48	370	368	
2188	178	152	17	524	108	282	51	
2189	461	72	28	7	523	114	33	
2190	461	607	413	420	536	372	336	
2191	467	132	30	72	531	114	38	
2192	461	72	28	7	537	114	33	
2193	465	613	30	518	360	15	397	
2194	192	606	46	522	135	382	400	
2195	45	604	66	7	535	377	30	
2196	461	132	28	531	529	71	401	
2197	467	610	30	7	530	378	402	
2198	461	132	28	531	529	71	400	
2199	463	611	407	517	530	69	403	
2200	459	601	28	523	81	379	404	
2201	464	255	28	7	100	380	158	
2202	249	598	335	520	522	381	405	
2203	466	77	415	520	522	376	406	
2204	462	614	30	528	535	369	405	
2205	91	606	410	529	377	373	12	
2206	90	616	6	66	528	52	158	
2207	461	49	409	7	34	382	44	
2208	154	515	23	155	534	373	115	
2209	66	90	28	519	527	123	403	
2210	456	606	413	526	525	141	405	
2211	53	599	28	520	529	374	38	
2212	53	197	28	520	529	374	38	
2213	53	598	415	77	67	69	136	
2214	466	83	335	84	522	67	406	
2215	38	77	46	520	526	69	403	
2216	252	616	166	155	319	18	6	
2217	38	77	46	520	526	71	403	
2218	278	44	30	165	291	93	126	
2219	82	44	418	39	539	367	64	
2220	8	21	5	532	44	22	4	
2221	468	37	70	7	101	103	79	
2222	469	44	28	39	291	93	64	
2223	471	424	28	165	540	52	407	
2224	8	617	5	12	1	10	1	
2225	51	618	30	533	232	385	55	
2226	472	105	42	7	541	386	136	
2227	469	44	28	39	291	384	126	
2228	87	619	419	534	34	88	44	
2229	87	106	71	86	84	123	12	
2230	473	348	420	393	408	223	408	
2231	473	348	420	393	542	223	408	
2232	475	620	420	535	408	223	410	
2233	8	1	5	34	30	177	63	
2234	49	340	19	52	300	214	125	
2235	8	1	5	12	1	383	246	
2236	8	1	417	12	1	10	1	
2237	52	308	49	60	112	141	55	
2238	470	263	46	239	94	93	126	
2239	45	424	421	127	540	71	407	
2240	94	113	30	165	112	141	42	
2241	43	624	278	537	6	73	6	
2242	468	386	30	187	136	388	79	
2243	16	625	74	538	472	34	243	
2244	162	476	422	178	137	195	101	
2245	16	77	74	129	108	34	411	
2246	8	404	24	12	1	10	4	
2247	37	621	25	26	8	32	27	
2248	122	476	131	163	172	195	101	
2249	8	30	5	540	44	22	109	
2250	124	622	131	7	503	131	120	
2251	124	622	158	7	503	131	120	
2252	29	19	25	10	11	270	6	
2253	88	134	15	60	299	190	55	
2254	289	76	54	72	544	45	42	
2255	95	478	46	539	545	390	28	
2256	16	171	165	536	147	113	11	
2257	82	113	46	7	112	141	83	
2258	94	202	28	7	54	387	237	
2259	350	626	23	161	108	389	111	
2260	46	627	423	542	147	391	113	
2261	476	110	108	541	214	38	150	
2262	91	77	23	161	108	34	111	
2263	137	595	23	103	108	106	111	
2264	117	106	2	15	139	189	113	
2265	173	29	74	155	188	34	163	
2266	13	171	23	163	109	113	149	
2267	91	623	23	161	138	34	111	
2268	126	77	74	161	109	34	111	
2269	13	166	123	155	133	113	11	
2270	249	72	335	520	522	381	405	
2271	77	615	408	516	369	26	158	
2272	477	602	49	56	360	371	55	
2273	456	629	416	443	247	34	243	
2274	477	605	49	56	360	371	55	
2275	374	68	5	15	7	107	8	
2276	7	7	109	453	6	7	24	
2277	49	459	30	310	16	393	204	
2278	9	275	28	454	16	46	8	
2279	399	7	5	4	6	7	24	
2280	21	344	225	455	16	325	125	
2281	31	7	109	453	6	7	24	
2282	254	90	19	66	48	214	76	
2283	229	291	36	24	21	38	8	
2284	77	90	245	310	382	214	360	
2285	229	291	34	456	458	38	13	
2286	63	33	45	30	2	6	12	
2287	206	51	439	60	139	20	55	
2288	119	456	30	73	139	20	174	
2289	13	311	34	248	247	198	8	
2290	31	409	166	4	312	115	31	
2291	147	77	32	544	38	392	94	
2292	63	644	49	267	79	33	12	
2293	25	25	7	32	35	27	37	
2294	31	3	16	12	44	21	6	
2295	222	25	203	32	11	322	8	
2296	25	38	7	7	319	3	37	
2297	250	332	20	333	295	209	63	
2298	373	38	7	7	319	3	37	
2299	197	247	44	357	16	6	76	
2300	63	42	53	4	7	68	12	
2301	252	52	166	15	319	18	370	
2302	490	646	445	559	546	394	412	
2303	26	78	23	514	156	38	72	
2304	148	110	74	129	518	113	81	
2305	149	58	405	254	519	265	61	
2306	326	424	46	7	520	15	80	
2307	488	639	2	534	323	26	113	
2308	264	349	440	560	553	404	418	
2309	119	142	2	31	53	190	76	
2310	62	109	72	16	106	39	34	
2311	122	444	31	552	491	34	12	
2312	191	285	432	387	212	39	92	
2313	96	45	429	108	45	42	414	
2314	8	23	36	561	298	410	12	
2315	485	128	202	305	357	102	153	
2316	343	643	359	400	559	411	184	
2317	367	177	30	548	34	86	76	
2318	482	632	202	550	549	102	127	
2319	16	110	266	218	192	158	13	
2320	36	259	181	7	557	409	370	
2321	489	197	441	303	216	407	420	
2322	31	262	181	383	2	18	33	
2323	487	83	433	556	393	67	227	
2324	297	546	172	84	548	67	227	
2325	484	245	173	553	393	67	415	
2326	154	593	435	164	133	37	81	
2327	478	83	172	84	393	67	227	
2328	479	245	172	238	393	67	155	
2329	486	636	30	156	552	357	417	
2330	90	30	11	138	107	77	18	
2331	8	30	45	269	2	6	12	
2332	17	177	53	223	53	189	74	
2333	491	2	275	344	228	32	422	
2334	492	433	446	563	560	15	8	
2335	157	399	397	368	361	34	234	
2336	306	63	23	345	359	255	33	
2337	493	388	226	114	369	245	235	
2338	157	647	46	16	561	246	234	
2339	144	110	456	419	576	34	111	
2340	490	646	30	559	546	394	428	
2341	498	618	28	566	67	45	145	
2342	88	56	28	15	218	52	55	
2343	59	53	54	7	78	61	64	
2344	91	77	457	571	444	113	111	
2345	62	85	58	54	483	42	62	
2346	281	452	32	95	212	38	102	
2347	144	201	74	103	65	419	12	
2348	16	110	99	60	145	98	61	
2349	91	167	74	572	109	420	51	
2350	510	76	54	72	54	103	42	
2351	508	77	74	573	133	37	94	
2352	509	159	340	552	577	37	8	
2353	197	247	22	223	16	6	427	
2354	96	664	99	574	145	37	111	
2355	326	655	95	7	94	415	77	
2356	38	655	30	7	94	71	64	
2357	82	655	95	165	581	93	55	
2358	486	666	30	7	582	52	126	
2359	511	667	66	79	181	423	152	
2360	43	668	49	15	16	81	106	
2361	254	344	22	30	16	21	157	
2362	54	241	66	127	181	423	152	
2363	15	48	42	154	43	6	12	
2364	45	132	28	15	218	337	113	
2365	15	193	22	4	323	85	145	
2366	8	8	24	270	1	10	4	
2367	43	134	30	15	299	20	76	
2368	254	33	22	72	7	86	145	
2369	242	669	8	6	14	15	245	
2370	512	241	66	79	181	423	152	
2371	8	30	5	9	44	21	4	
2372	18	30	53	30	2	6	12	
2373	48	33	30	66	48	55	76	
2374	8	1	5	34	16	26	1	
2375	254	90	30	66	48	214	360	
2376	13	674	464	103	441	38	432	
2377	23	25	24	32	11	3	8	
2378	222	25	21	7	14	3	18	
2379	17	25	5	356	11	3	8	
2380	270	21	309	32	11	3	8	
2381	219	404	188	61	244	176	6	
2382	2	30	5	578	31	3	25	
2383	224	281	133	103	413	34	51	
2384	516	68	25	354	11	3	8	
2385	281	13	462	95	212	113	102	
2386	351	462	310	39	166	428	264	
2387	18	8	24	12	1	426	4	
2388	90	409	30	361	52	115	37	
2389	517	108	463	31	16	26	76	
2390	520	543	36	24	21	38	8	
2391	518	409	30	361	35	115	31	
2392	259	28	30	66	382	123	149	
2393	23	68	21	4	14	6	8	
2394	77	90	30	4	382	214	76	
2395	279	400	5	4	14	26	1	
2396	63	477	42	103	139	13	12	
2397	519	23	36	24	42	22	12	
2398	23	25	25	356	11	3	8	
2399	270	8	24	12	1	10	4	
2400	18	8	24	12	1	427	4	
2401	25	68	7	32	52	18	37	
2402	17	482	21	340	14	6	76	
2403	23	30	5	34	44	22	109	
2404	254	90	465	61	76	214	76	
2405	13	452	129	254	409	278	102	
2406	77	108	49	310	76	26	76	
2407	13	286	466	246	252	38	151	
2408	77	108	245	31	382	26	125	
2409	49	108	245	31	382	26	125	
2410	100	110	133	103	212	149	101	
2411	521	8	24	12	1	10	4	
2412	91	77	53	422	425	297	335	
2413	77	90	467	310	585	214	360	
2414	23	675	21	4	14	46	106	
2415	25	82	42	60	9	91	1	
2416	189	167	124	373	214	106	101	
2417	329	33	30	374	392	91	12	
2418	15	99	66	4	392	13	12	
2419	13	110	74	216	214	38	111	
2420	45	132	28	15	218	189	55	
2421	63	33	22	4	14	85	11	
2422	86	299	30	18	181	26	63	
2423	45	132	28	156	218	52	55	
2424	23	11	42	31	14	109	12	
2425	23	299	30	60	392	26	12	
2426	26	170	98	27	192	158	113	
2427	63	48	42	154	77	6	8	
2428	329	30	11	7	136	77	63	
2429	13	58	326	351	475	34	114	
2430	51	44	30	7	54	52	79	
2431	23	275	49	31	14	109	12	
2432	31	68	30	32	11	3	76	
2433	377	283	99	564	109	265	51	
2434	141	476	447	163	172	113	101	
2435	16	648	73	103	133	34	81	
2436	157	649	123	143	133	34	100	
2437	223	38	371	4	14	73	423	
2438	13	650	58	103	212	58	178	
2439	25	13	448	129	562	38	102	
2440	494	33	42	223	9	112	12	
2441	16	110	74	565	214	412	16	
2442	157	651	170	95	563	113	102	
2443	495	410	449	156	71	18	239	
2444	496	652	155	103	571	39	92	
2445	100	4	450	351	564	113	178	
2446	63	653	20	4	392	13	12	
2447	192	232	74	216	214	413	16	
2448	497	654	155	95	248	414	92	
2449	140	654	155	26	565	39	179	
2450	127	170	127	155	566	158	16	
2451	13	171	100	163	141	153	424	
2452	207	656	30	77	567	416	44	
2453	270	77	451	481	108	34	61	
2454	270	25	5	356	11	3	8	
2455	25	657	42	223	302	71	53	
2456	91	116	142	103	143	417	150	
2457	45	33	452	72	34	156	28	
2458	155	658	453	39	568	103	139	
2459	499	52	335	567	295	14	425	
2460	500	659	28	7	569	418	426	
2461	38	660	2	31	139	26	74	
2462	501	33	454	4	9	6	12	
2463	197	68	44	60	570	6	76	
2464	502	298	455	304	572	287	267	
2465	503	300	143	359	573	38	197	
2466	100	662	32	568	565	38	102	
2467	504	77	123	27	574	206	41	
2468	159	170	127	200	534	113	106	
2469	505	663	319	401	554	184	249	
2470	506	663	319	569	575	184	249	
2471	252	35	5	7	191	303	175	
2472	507	330	37	272	285	40	20	
2473	46	171	131	570	171	113	12	
2474	480	76	30	72	545	53	42	
2475	13	676	168	95	38	113	113	
2476	63	673	42	154	47	6	12	
2477	13	676	32	95	38	113	113	
2478	38	513	70	579	16	400	416	
2479	308	170	99	143	583	34	16	
2480	514	444	31	552	491	34	16	
2481	203	671	34	402	247	198	8	
2482	154	595	127	164	133	37	81	
2483	154	595	435	164	133	37	81	
2484	192	110	74	575	113	34	115	
2485	13	677	129	103	38	429	102	
2486	8	21	25	7	11	3	8	
2487	23	678	25	7	11	3	23	
2488	270	25	25	7	11	3	23	
2489	29	252	7	10	11	163	6	
2490	29	252	37	10	11	163	6	
2491	15	131	52	267	14	26	12	
2492	49	459	9	582	16	55	204	
2493	48	197	49	4	43	430	56	
2494	524	58	81	105	396	113	102	
2495	222	51	7	7	139	432	37	
2496	63	247	20	86	392	13	63	
2497	247	286	198	246	588	38	8	
2498	26	678	25	7	11	3	23	
2499	77	90	19	31	382	214	360	
2500	157	680	186	583	211	36	197	
2501	270	21	5	45	44	295	23	
2502	252	405	166	49	319	18	370	
2503	26	678	468	7	11	3	23	
2504	18	21	5	45	44	22	4	
2505	13	77	469	398	38	38	102	
2506	23	68	24	32	11	22	8	
2507	8	21	5	584	44	22	4	
2508	522	679	49	288	586	123	30	
2509	525	681	2	15	139	26	76	
2510	1	1	1	103	1	1	1	
2511	229	85	271	163	587	42	62	
2512	8	30	470	34	30	3	25	
2513	222	682	5	45	44	22	4	
2514	523	85	72	108	45	42	62	
2515	77	90	311	66	382	214	76	
2516	254	90	19	66	16	214	360	
2517	405	683	471	267	16	20	149	
2518	254	90	30	582	16	214	76	
2519	526	684	45	585	22	6	98	
2520	49	685	245	310	16	214	204	
2521	270	25	5	128	14	46	106	
2522	13	677	129	103	212	265	433	
2523	105	356	9	310	16	214	125	
2524	5	17	45	12	1	10	4	
2525	17	25	25	356	11	3	23	
2526	8	25	25	356	11	3	8	
2527	2	1	1	16	1	1	1	
2528	5	82	42	15	61	13	63	
2529	63	55	52	223	14	6	125	
2530	223	58	74	164	25	169	111	
2531	225	444	324	155	133	34	111	
2532	401	668	28	66	236	72	106	
2533	16	686	142	586	431	179	18	
2534	527	687	472	587	462	433	267	
2535	527	687	474	587	590	435	435	
2536	178	690	176	590	27	436	18	
2537	530	145	475	155	591	437	16	
2538	531	691	74	163	133	438	94	
2539	39	77	216	591	431	41	436	
2540	13	692	476	95	592	113	102	
2541	532	25	129	592	133	34	437	
2542	533	25	477	410	593	323	438	
2543	225	444	324	155	594	34	61	
2544	534	58	74	139	133	439	61	
2545	13	693	141	164	133	113	111	
2546	16	694	34	593	472	439	197	
2547	535	686	478	188	595	441	92	
2548	536	696	326	351	109	34	102	
2549	537	697	350	594	133	198	197	
2550	77	177	44	449	596	64	55	
2551	544	77	482	602	604	445	446	
2552	56	86	30	72	70	19	55	
2553	91	110	129	103	133	412	111	
2554	62	505	341	16	139	42	34	
2555	18	276	53	30	267	26	8	
2556	91	145	340	351	133	134	442	
2557	251	496	23	596	446	438	111	
2558	545	705	483	602	605	446	447	
2559	546	706	484	605	601	211	450	
2560	8	30	5	30	44	21	75	
2561	540	702	481	601	601	444	445	
2562	91	296	58	589	133	134	111	
2563	418	110	23	168	133	134	51	
2564	386	492	22	72	54	313	55	
2565	91	110	129	351	446	134	111	
2566	91	296	58	589	599	134	111	
2567	540	702	481	601	166	444	445	
2568	539	296	348	139	145	113	61	
2569	145	496	58	155	446	113	51	
2570	528	496	479	599	166	440	443	
2571	366	296	23	597	133	438	51	
2572	8	21	36	24	597	22	13	
2573	547	703	485	606	606	314	448	
2574	528	496	479	599	166	134	443	
2575	8	21	36	588	21	22	12	
2576	18	8	24	12	1	10	440	
2577	8	688	36	24	21	22	12	
2578	186	700	99	422	133	34	92	
2579	541	86	30	6	602	19	42	
2580	548	619	486	446	607	447	449	
2581	548	705	487	602	608	446	447	
2582	81	102	67	15	99	73	441	
2583	91	699	58	15	133	34	189	
2584	186	286	58	168	145	37	354	
2585	538	496	480	600	600	443	444	
2586	29	19	25	10	6	434	6	
2587	39	30	284	6	431	18	18	
2588	529	76	30	72	232	442	55	
2589	17	698	22	4	153	85	12	
2590	543	704	354	603	603	443	444	
2591	397	110	58	598	145	36	111	
2592	62	296	271	439	139	42	62	
2593	550	708	488	608	609	449	451	
2594	13	689	133	164	171	34	111	
2595	8	25	203	32	11	3	439	
2596	91	77	23	168	133	42	111	
2597	31	25	7	310	11	3	76	
2598	39	146	7	333	135	103	31	
2599	529	76	30	72	16	442	55	
2600	551	77	489	609	610	450	452	
2601	216	142	361	595	154	71	28	
2602	15	68	203	266	16	103	12	
2603	45	90	40	236	232	26	165	
2604	366	296	58	597	133	438	51	
2605	26	4	23	72	598	438	111	
2606	366	4	473	168	133	438	51	
2607	251	110	23	168	446	134	111	
2608	91	4	473	168	133	438	51	
2609	91	296	23	139	145	113	111	
2610	366	296	58	597	133	149	243	
2611	17	312	22	4	153	85	12	
2612	529	701	30	72	70	19	28	
2613	542	296	58	597	133	438	243	
2614	386	60	28	7	54	20	55	
2615	542	703	58	597	133	134	243	
2616	17	695	5	4	153	85	12	
2617	139	492	28	7	232	313	168	
2618	87	90	2	72	16	189	44	
2619	88	134	30	60	299	190	55	
2620	91	648	128	143	589	124	12	
2621	13	77	188	61	244	176	66	
2622	308	648	155	167	589	124	149	
2623	13	171	131	103	109	113	434	
2624	23	68	5	128	14	46	106	
2625	365	1	236	12	1	26	1	
2626	23	11	236	14	16	77	8	
2627	17	7	109	14	6	12	24	
2628	100	296	133	379	472	117	51	
2629	1	1	1	6	1	1	1	
2630	17	68	21	4	14	457	8	
2631	31	284	109	13	6	7	24	
2632	63	48	49	86	484	26	348	
2633	365	3	491	18	35	21	6	
2634	553	348	314	607	408	455	455	
2635	25	44	40	134	613	15	33	
2636	63	713	9	425	9	458	11	
2637	483	591	428	551	462	365	413	
2638	406	531	354	547	166	397	362	
2639	194	670	269	576	176	424	430	
2640	206	77	239	60	75	20	9	
2641	1	1	1	39	1	1	1	
2642	415	672	461	401	554	184	431	
2643	448	591	403	512	515	395	392	
2644	202	3	16	7	35	21	18	
2645	178	58	58	254	82	34	176	
2646	1	8	24	12	615	10	4	
2647	415	548	319	546	554	405	267	
2648	89	177	49	15	16	322	76	
2649	1	1	1	39	614	1	1	
2650	554	711	108	129	240	34	51	
2651	8	30	45	45	44	22	109	
2652	37	308	40	610	98	15	80	
2653	286	378	497	85	345	67	222	
2654	481	591	428	545	462	365	413	
2655	188	281	233	126	276	453	51	
2656	210	262	278	382	618	170	60	
2657	361	548	459	261	416	223	249	
2658	8	21	493	45	44	22	4	
2659	18	8	492	12	1	10	4	
2660	354	548	460	261	408	184	267	
2661	515	298	459	261	416	223	249	
2662	513	348	458	304	408	184	249	
2663	416	548	498	261	617	462	267	
2664	202	6	18	18	612	216	18	
2665	479	245	172	238	393	67	227	
2666	7	31	5	7	36	451	11	
2667	484	633	173	83	353	67	227	
2668	555	714	494	611	166	459	362	
2669	557	348	499	546	408	184	267	
2670	127	717	23	616	616	37	111	
2671	280	28	95	539	14	26	33	
2672	193	455	91	394	555	406	419	
2673	415	348	201	546	408	184	267	
2674	416	348	461	551	408	333	184	
2675	25	30	11	7	107	77	18	
2676	448	637	352	545	547	365	392	
2677	447	637	437	557	344	333	392	
2678	505	348	319	401	408	399	184	
2679	448	591	352	512	547	365	392	
2680	31	408	7	32	16	3	37	
2681	29	3	25	10	624	163	6	
2682	448	591	352	545	547	365	392	
2683	21	177	2	247	16	26	76	
2684	561	346	168	129	588	142	102	
2685	31	57	5	47	31	3	25	
2686	448	591	495	545	590	365	392	
2687	446	715	496	613	344	460	393	
2688	406	541	349	240	166	206	362	
2689	31	52	30	56	621	48	39	
2690	210	262	278	382	81	170	60	
2691	415	348	359	468	408	184	267	
2692	13	77	168	254	623	38	179	
2693	43	668	49	15	236	72	44	
2694	13	621	501	254	38	283	102	
2695	23	6	18	20	28	7	4	
2696	119	28	49	15	139	20	37	
2697	13	452	129	617	212	38	179	
2698	560	14	37	272	622	40	20	
2699	148	476	132	470	444	465	117	
2700	148	476	132	470	444	466	179	
2701	13	719	168	32	38	38	179	
2702	18	718	45	30	2	6	12	
2703	8	21	5	45	44	22	170	
2704	559	77	32	95	324	38	113	
2705	558	38	25	32	11	3	8	
2706	31	7	19	7	139	7	24	
2707	88	28	95	156	76	26	33	
2708	17	44	30	156	291	93	126	
2709	386	132	500	60	218	59	55	
2710	54	241	66	79	181	423	152	
2711	46	296	129	103	145	113	442	
2712	91	721	74	54	133	34	100	
2713	397	569	340	456	594	34	463	
2714	230	722	503	155	108	37	16	
2715	504	188	58	552	442	468	51	
2716	66	723	2	15	53	189	55	
2717	328	110	127	200	109	469	106	
2718	210	30	284	620	191	18	138	
2719	562	724	284	124	295	18	464	
2720	563	146	504	15	431	18	465	
2721	278	37	30	621	132	387	84	
2722	189	110	108	622	209	470	115	
2723	564	77	505	390	626	471	123	
2724	62	300	129	623	209	113	218	
2725	189	239	506	139	209	38	101	
2726	31	30	181	7	16	77	18	
2727	90	30	181	7	16	77	18	
2728	223	332	5	532	295	262	175	
2729	48	32	44	60	224	72	8	
2730	86	177	284	15	191	107	11	
2731	250	332	9	270	295	209	63	
2732	494	106	30	548	34	26	76	
2733	365	32	42	223	101	6	63	
2734	63	32	22	199	43	6	12	
2735	95	37	507	624	101	81	28	
2736	564	725	505	581	628	472	123	
2737	3	1	1	162	627	1	1	
2738	566	725	477	625	628	203	452	
2739	350	8	24	12	1	10	4	
2740	565	30	11	537	107	112	18	
2741	15	68	22	4	16	85	466	
2742	25	33	9	439	579	6	12	
2743	312	38	181	247	408	99	429	
2744	25	55	9	79	7	13	13	
2745	91	58	99	536	133	37	51	
2746	16	58	508	27	377	421	72	
2747	16	77	23	381	578	34	149	
2748	62	296	271	289	139	42	34	
2749	15	665	9	39	579	13	63	
2750	86	726	7	4	302	18	37	
2751	25	727	9	79	7	13	12	
2752	1	2	203	32	11	3	439	
2753	37	1	1	1	1	1	1	
2754	2	30	5	34	31	3	73	
2755	25	485	42	627	14	109	349	
2756	567	485	42	7	14	109	349	
2757	365	6	18	49	28	7	4	
2758	568	485	509	7	14	109	349	
2759	49	25	245	310	76	190	76	
2760	5	8	5	12	1	10	4	
2761	64	177	54	7	232	103	42	
2762	138	71	30	72	232	71	55	
2763	56	728	49	86	221	19	467	
2764	8	30	5	34	30	3	73	
2765	216	71	28	7	154	85	55	
2766	45	502	30	7	154	71	55	
2767	139	55	97	626	629	91	436	
2768	1	1	1	60	1	6	1	
2769	18	1	5	12	1	10	50	
2770	74	58	58	629	583	34	16	
2771	6	8	510	12	1	10	4	
2772	569	17	5	12	1	10	4	
2773	570	17	5	12	1	10	4	
2774	571	99	21	628	14	6	106	
2775	18	8	24	12	615	10	4	
2776	572	288	129	155	507	134	470	
2777	117	142	30	58	16	55	55	
2778	87	177	2	630	16	189	44	
2779	223	30	11	631	631	27	138	
2780	140	444	129	552	594	113	13	
2781	499	30	11	631	431	27	138	
2782	499	30	11	631	431	77	138	
2783	280	102	278	377	6	474	8	
2784	563	146	504	632	431	18	465	
2785	45	489	329	72	154	71	472	
2786	248	330	216	282	294	18	138	
2787	45	489	30	636	523	20	55	
2788	573	569	511	495	113	113	377	
2789	8	106	5	12	1	10	469	
2790	406	729	354	637	638	473	468	
2791	8	17	514	12	639	481	346	
2792	563	146	504	632	295	18	465	
2793	410	543	36	16	640	38	13	
2794	49	730	21	633	457	189	264	
2795	574	731	326	495	632	37	51	
2796	57	308	40	638	98	15	193	
2797	14	735	340	155	633	475	51	
2798	96	736	515	140	630	38	149	
2799	223	30	11	631	631	27	12	
2800	577	77	477	639	641	482	475	
2801	578	737	516	640	642	483	473	
2802	579	687	517	641	643	365	393	
2803	580	738	477	642	644	484	474	
2804	506	348	512	634	554	476	268	
2805	16	569	58	552	594	475	470	
2806	581	739	518	385	645	485	362	
2807	140	732	58	139	133	475	471	
2808	575	348	201	401	554	477	249	
2809	48	733	66	267	365	20	44	
2810	299	83	56	635	634	67	227	
2811	502	548	319	304	408	478	267	
2812	581	347	518	643	584	486	362	
2813	26	722	340	552	635	275	13	
2814	406	77	518	390	646	487	362	
2815	576	288	393	552	507	479	13	
2816	144	78	513	138	636	479	247	
2817	13	734	326	351	637	480	114	
2818	580	740	477	642	647	488	474	
2819	577	77	477	639	641	489	475	
2820	406	77	518	644	648	486	362	
2821	8	21	5	20	44	22	109	
2822	17	25	5	356	11	3	23	
2823	5	21	24	12	1	10	4	
2824	1	1	1	34	1	1	1	
2825	17	21	5	45	561	22	4	
2826	17	21	5	4	44	22	4	
2827	1	1	1	108	31	1	1	
2828	1	1	1	1	397	1	1	
2829	270	21	5	45	44	22	25	
2830	229	291	36	645	21	38	12	
2831	23	21	5	45	44	22	109	
2832	223	283	34	248	21	142	8	
2833	96	45	32	108	82	42	34	
2834	96	85	72	150	427	42	34	
2835	95	37	520	72	135	52	84	
2836	222	82	203	7	14	3	18	
2837	33	82	44	145	16	6	348	
2838	49	741	20	294	14	46	170	
2839	583	348	455	646	650	184	477	
2840	582	348	519	399	408	455	476	
2841	17	11	330	14	267	189	8	
2842	62	742	72	16	139	42	34	
2843	270	21	25	45	44	22	23	
2844	31	7	30	7	6	7	31	
2845	49	90	245	310	76	322	125	
2846	584	38	7	310	319	3	37	
2847	5	106	5	12	1	10	469	
2848	157	743	521	343	109	113	198	
2849	25	744	387	60	651	6	44	
2850	39	79	28	82	81	18	60	
2851	468	134	30	60	299	20	55	
2852	17	63	386	342	139	190	12	
2853	91	110	137	129	133	158	94	
2854	88	263	2	239	94	93	126	
2855	16	595	74	164	133	113	111	
2856	91	171	513	163	147	34	12	
2857	367	177	2	79	34	189	63	
2858	308	110	204	139	137	113	98	
2859	510	76	54	72	154	45	42	
2860	25	68	42	223	9	13	63	
2861	63	55	52	86	43	68	12	
2862	222	39	42	60	9	13	63	
2863	328	170	193	329	159	38	12	
2864	8	155	5	45	44	22	109	
2865	214	232	186	244	211	36	232	
2866	229	85	72	197	493	42	62	
2867	214	232	186	244	211	34	232	
2868	31	68	8	358	6	7	24	
2869	13	232	193	188	478	37	117	
2870	57	433	8	296	14	15	36	
2871	147	745	522	103	65	34	16	
2872	8	30	5	34	652	3	25	
2873	1	1	1	647	1	1	3	
2874	66	756	28	31	16	322	204	
2875	585	747	46	165	112	141	28	
2876	586	110	204	139	137	113	98	
2877	16	170	193	164	108	34	482	
2878	514	748	23	27	109	34	149	
2879	386	749	28	79	218	103	126	
2880	270	201	326	351	637	419	111	
2881	90	322	7	649	9	3	37	
2882	587	55	239	156	2	6	12	
2883	95	37	30	156	657	225	55	
2884	233	242	523	648	658	279	153	
2885	57	83	8	134	659	495	36	
2886	57	83	8	134	659	495	245	
2887	8	30	5	45	44	194	109	
2888	219	652	188	61	244	176	66	
2889	117	750	2	342	139	26	12	
2890	334	751	129	498	281	149	51	
2891	588	752	524	410	327	206	478	
2892	62	85	389	197	45	490	62	
2893	589	753	524	650	166	412	362	
2894	436	29	526	139	25	34	115	
2895	77	90	49	31	382	214	204	
2896	114	754	375	315	654	149	18	
2897	7	755	193	129	143	149	149	
2898	437	755	193	129	143	149	149	
2899	281	281	527	651	38	38	149	
2900	269	13	375	652	478	492	51	
2901	590	757	199	139	655	169	479	
2902	591	758	528	653	656	493	480	
2903	197	90	22	223	16	6	12	
2904	5	482	21	340	14	6	76	
2905	8	30	525	34	30	3	25	
2906	229	85	72	163	587	42	62	
2907	222	408	7	49	52	18	37	
2908	1	38	24	34	16	18	37	
2909	299	440	56	83	83	67	155	
2910	299	83	172	635	83	67	228	
2911	8	1	5	242	1	10	1	
2912	25	131	42	7	14	109	349	
2913	62	45	39	197	6	42	34	
2914	8	6	18	20	28	227	4	
2915	91	285	131	188	613	113	261	
2916	418	437	405	324	509	142	197	
2917	62	45	88	49	6	42	34	
2918	62	85	72	16	247	355	62	
2919	2	6	18	20	28	7	4	
2920	62	85	389	188	640	355	62	
2921	8	30	5	7	31	21	11	
2922	406	169	518	581	166	314	362	
2923	17	600	15	30	2	6	12	
2924	8	1	5	31	1	10	1	
2925	38	259	20	45	323	26	149	
2926	23	763	49	31	16	109	12	
2927	595	30	284	7	294	77	12	
2928	151	71	42	72	232	59	76	
2929	596	496	480	663	669	500	445	
2930	597	496	480	385	669	203	443	
2931	91	517	259	436	671	34	94	
2932	598	496	480	659	662	221	484	
2933	386	274	30	79	663	104	44	
2934	386	764	30	79	103	104	44	
2935	599	274	29	356	663	71	485	
2936	151	177	54	7	232	103	55	
2937	62	765	340	62	82	169	62	
2938	88	485	53	72	98	15	119	
2939	386	764	30	79	663	104	44	
2940	23	48	42	31	14	6	12	
2941	209	500	259	164	145	197	94	
2942	5	485	42	7	14	109	349	
2943	600	286	58	660	133	39	12	
2944	100	768	259	103	55	316	51	
2945	406	496	530	661	166	206	468	
2946	45	277	30	435	128	103	28	
2947	112	769	30	72	128	313	55	
2948	601	770	531	602	667	436	486	
2949	7	30	284	7	294	38	18	
2950	100	77	259	662	668	38	179	
2951	100	770	532	177	309	398	12	
2952	37	41	20	46	38	348	44	
2953	18	8	24	12	1	10	488	
2954	219	252	188	61	244	176	6	
2955	21	771	7	267	382	26	489	
2956	192	110	74	216	214	106	16	
2957	149	47	129	81	144	497	12	
2958	16	239	506	216	209	496	102	
2959	91	476	457	164	133	34	111	
2960	62	759	167	215	172	36	102	
2961	189	233	74	103	214	34	101	
2962	189	233	74	103	214	34	115	
2963	25	76	54	72	54	45	42	
2964	91	182	99	167	133	37	111	
2965	321	77	142	138	133	113	111	
2966	91	493	363	167	55	90	111	
2967	189	760	74	103	214	34	115	
2968	16	77	123	138	55	34	411	
2969	91	77	74	103	65	34	94	
2970	62	78	129	129	108	34	81	
2971	285	77	123	103	109	113	111	
2972	150	227	74	129	108	90	81	
2973	144	25	23	103	616	34	16	
2974	91	77	74	104	108	113	94	
2975	144	77	73	254	65	98	94	
2976	13	227	74	158	133	38	111	
2977	13	110	74	129	133	34	111	
2978	251	450	17	655	133	496	94	
2979	151	71	40	6	54	59	12	
2980	13	77	123	103	109	113	94	
2981	594	166	23	161	108	113	483	
2982	38	766	53	664	139	26	74	
2983	74	159	99	665	192	469	102	
2984	189	234	108	216	660	397	16	
2985	592	110	73	657	133	37	81	
2986	220	13	129	497	159	113	12	
2987	91	77	273	658	144	499	92	
2988	91	772	108	419	171	113	459	
2989	593	110	74	164	144	34	111	
2990	144	77	529	138	65	113	94	
2991	285	110	74	141	664	113	111	
2992	341	110	73	104	133	397	81	
2993	254	90	30	128	48	214	360	
2994	251	188	58	456	594	373	51	
2995	53	424	46	7	665	15	80	
2996	602	767	533	72	666	71	487	
2997	45	132	30	7	218	52	55	
2998	148	145	135	141	143	113	100	
2999	15	106	49	548	545	86	76	
3000	23	33	52	86	2	6	12	
3001	329	531	30	374	392	112	12	
3002	15	68	42	4	79	33	12	
3003	91	171	99	163	108	34	178	
3004	87	106	71	127	375	86	74	
3005	62	450	23	666	133	37	13	
3006	91	450	23	666	133	37	94	
3007	91	773	99	167	133	38	111	
3008	13	762	74	163	133	501	111	
3009	17	99	42	154	47	6	8	
3010	26	188	340	495	145	37	16	
3011	13	707	490	570	133	113	453	
3012	15	443	22	4	16	85	12	
3013	23	39	52	18	14	33	454	
3014	63	68	42	103	139	13	12	
3015	433	264	109	280	501	448	348	
3016	117	403	19	15	35	190	204	
3017	23	99	52	604	220	194	12	
3018	16	58	53	155	673	297	459	
3019	8	30	5	97	44	71	75	
3020	312	52	181	532	10	156	18	
3021	15	274	22	66	14	13	11	
3022	46	709	131	612	188	452	81	
3023	549	138	131	570	212	37	16	
3024	63	39	9	357	220	30	12	
3025	54	710	66	79	181	423	152	
3026	15	275	52	7	16	6	12	
3027	63	52	19	138	43	6	12	
3028	45	492	28	15	232	20	55	
3029	63	48	49	614	14	85	11	
3030	13	171	131	615	109	113	111	
3031	45	177	30	72	70	175	55	
3032	8	12	5	97	44	21	75	
3033	46	171	131	570	611	113	457	
3034	380	277	9	667	232	13	164	
3035	173	712	74	570	159	454	16	
3036	17	48	42	154	14	6	8	
3037	63	247	20	618	392	13	12	
3038	380	277	9	667	232	13	174	
3039	552	52	30	619	557	367	60	
3040	9	774	5	34	30	3	25	
3041	603	30	5	97	44	21	4	
3042	604	494	30	7	54	71	55	
3043	214	232	186	359	211	34	232	
3044	242	308	40	14	498	19	80	
3045	13	776	129	103	55	113	111	
3046	26	777	58	387	507	34	470	
3047	13	476	74	103	109	34	179	
3048	605	21	36	24	2	22	12	
3049	91	775	131	160	65	34	16	
3050	25	409	534	32	312	115	31	
3051	23	30	5	34	31	3	25	
3052	1	1	1	1	1	1	490	
3053	606	3	25	32	11	163	240	
3054	23	25	24	32	11	46	8	
3055	1	1	1	1	1	1	4	
3056	531	77	23	668	38	261	179	
3057	8	21	5	45	44	502	23	
3058	279	400	5	237	14	26	1	
3059	63	299	42	60	61	13	63	
3060	8	23	36	561	145	22	12	
3061	25	778	139	134	9	190	63	
3062	66	90	245	310	16	322	204	
3063	494	33	42	154	477	6	8	
3064	18	30	45	30	2	6	12	
3065	15	55	22	4	16	85	12	
3066	15	131	42	669	14	109	349	
3067	15	193	22	374	16	85	12	
3068	13	58	53	155	673	297	111	
3069	43	32	2	15	16	20	8	
3070	49	108	30	7	382	26	361	
3071	17	99	5	4	153	6	12	
3072	23	33	49	86	2	6	12	
3073	17	142	535	267	53	189	74	
3074	8	30	5	34	30	3	491	
3075	607	304	108	103	55	34	117	
3076	91	227	74	670	161	90	51	
3077	140	288	513	671	674	113	102	
3078	587	134	30	15	299	52	76	
3079	63	33	30	672	392	13	63	
3080	16	780	128	138	161	34	111	
3081	16	110	74	673	108	34	94	
3082	15	177	53	674	53	189	74	
3083	13	169	133	675	675	34	100	
3084	38	779	536	267	16	52	12	
3085	495	410	30	156	71	303	239	
3086	376	488	27	187	436	308	492	
3087	88	76	30	60	299	503	55	
3088	168	781	28	677	87	386	55	
3089	210	262	30	678	618	170	60	
3090	168	781	28	677	196	386	55	
3091	15	33	30	672	392	13	63	
3092	36	30	11	7	136	77	429	
3093	210	262	11	382	618	77	18	
3094	252	77	166	49	319	18	370	
3095	105	356	311	310	16	214	265	
3096	219	783	188	61	244	176	66	
3097	63	784	223	7	43	6	489	
3098	197	785	45	15	2	6	12	
3099	329	68	30	374	392	91	12	
3100	91	29	74	103	209	106	102	
3101	38	35	284	9	191	303	175	
3102	43	134	2	15	16	20	8	
3103	198	668	49	280	236	72	106	
3104	15	193	22	4	16	45	12	
3105	18	55	5	4	153	6	12	
3106	117	106	54	15	365	45	56	
3107	329	531	30	374	392	506	12	
3108	222	68	21	7	76	3	18	
3109	43	177	2	15	16	20	8	
3110	252	405	181	4	10	156	18	
3111	94	113	46	7	112	52	83	
3112	450	426	95	7	132	366	77	
3113	17	142	53	496	53	189	74	
3114	614	788	108	103	681	38	16	
3115	17	48	42	154	47	13	8	
3116	140	444	58	139	133	206	51	
3117	63	193	30	86	392	64	63	
3118	71	48	42	154	16	6	8	
3119	16	789	328	104	143	507	81	
3120	36	259	30	138	683	18	166	
3121	615	288	340	139	682	113	247	
3122	616	790	158	683	503	131	120	
3123	337	790	28	683	503	131	120	
3124	88	791	71	684	292	71	55	
3125	16	792	114	254	108	34	94	
3126	210	30	544	620	191	18	37	
3127	329	793	30	374	16	91	12	
3128	189	167	74	685	209	34	101	
3129	9	794	5	266	16	33	188	
3130	13	795	133	398	55	58	102	
3131	617	796	99	139	19	133	497	
3132	49	25	19	310	16	214	170	
3133	15	68	21	4	14	6	8	
3134	114	296	58	188	82	182	8	
3135	612	360	58	681	247	227	194	
3136	611	637	541	461	462	395	496	
3137	141	787	542	682	380	58	197	
3138	13	305	540	16	6	198	34	
3139	610	786	543	126	680	149	61	
3140	34	14	37	33	285	40	21	
3142	613	637	517	461	679	505	495	
3143	62	45	88	680	6	42	34	
3144	77	90	49	31	16	214	76	
3145	619	1	1	1	1	1	1	
3146	565	132	54	15	218	45	55	
3147	25	485	545	7	14	109	349	
3148	618	77	23	235	145	265	113	
3149	251	145	23	168	27	149	12	
3150	5	485	5	7	14	109	349	
3151	23	48	42	31	14	109	12	
3152	23	39	52	106	14	33	454	
3153	63	48	42	154	77	6	12	
3154	63	247	30	86	392	26	63	
3155	63	68	49	123	14	85	11	
3156	8	30	45	472	44	22	109	
3157	17	33	42	154	47	6	8	
3158	23	33	49	86	107	6	12	
3159	17	48	42	154	47	30	8	
3160	17	55	42	154	47	30	8	
3161	494	33	42	154	47	6	8	
3162	17	48	42	154	12	336	8	
3163	17	48	42	154	47	6	12	
3164	23	131	42	55	14	64	349	
3165	17	48	42	154	16	6	8	
3166	17	48	42	154	12	6	18	
3167	63	68	53	7	43	26	76	
3168	63	48	42	154	43	6	8	
3169	23	11	54	31	14	109	12	
3170	17	48	42	154	12	6	8	
3171	17	799	5	45	44	22	4	
3172	25	265	356	93	299	509	18	
3173	17	21	5	687	44	22	4	
3174	23	48	43	154	47	6	8	
3175	63	55	53	86	43	68	76	
3176	17	276	5	4	153	85	12	
3177	17	21	5	45	44	510	4	
3178	17	801	5	45	44	22	4	
3179	40	10	46	134	8	15	193	
3180	5	3	5	396	28	21	1	
3181	17	21	5	45	686	22	4	
3182	17	800	5	45	44	22	4	
3183	23	257	49	31	16	109	12	
3184	15	327	42	106	684	251	11	
3185	63	797	49	86	14	85	11	
3186	17	37	52	267	685	107	12	
3187	329	32	49	686	14	109	12	
3188	63	798	2	199	43	508	12	
3189	15	275	52	689	16	6	12	
3190	63	802	22	688	14	85	11	
3191	63	299	44	86	43	68	12	
3192	15	193	5	7	220	162	11	
3193	415	464	359	304	554	184	268	
3194	15	142	52	86	16	26	12	
3195	23	403	21	4	14	6	8	
3196	15	8	24	12	1	10	4	
3197	17	68	21	246	14	6	8	
3198	15	327	9	12	305	30	11	
3199	33	68	293	19	358	26	12	
3200	33	481	44	294	16	33	348	
3201	33	572	44	145	16	33	348	
3202	18	37	184	503	489	194	18	
3203	18	264	184	503	489	242	383	
3204	63	668	42	30	7	6	12	
3205	63	803	45	4	16	68	12	
3206	63	652	9	298	7	6	8	
3207	25	68	9	29	7	30	12	
3208	15	11	9	29	305	30	11	
3209	17	804	42	154	47	6	8	
3210	25	68	9	416	7	30	12	
3211	23	68	9	4	14	30	11	
3212	23	131	42	55	16	109	349	
3213	63	802	22	614	14	85	11	
3214	63	481	22	614	14	194	247	
3215	23	25	21	4	7	30	8	
3216	17	805	21	690	14	511	106	
3217	15	593	9	691	6	33	11	
3218	63	48	22	614	14	85	11	
3219	63	247	42	247	9	242	63	
3220	63	39	42	4	32	68	12	
3221	23	131	223	386	302	46	12	
3222	63	11	42	247	9	242	63	
3223	23	3	22	4	153	85	12	
3224	33	805	21	4	14	511	106	
3225	25	806	42	4	358	26	12	
3226	33	807	52	145	16	6	348	
3227	197	308	546	145	16	6	348	
3228	25	808	30	60	489	512	347	
3229	15	809	9	439	305	30	11	
3230	63	24	9	692	687	26	11	
3231	63	810	547	614	14	85	349	
3232	25	68	9	693	7	30	12	
3233	1	1	1	1	1	1	108	
3234	63	32	311	7	7	513	12	
3235	493	90	550	696	366	514	108	
3236	63	811	20	7	392	13	12	
3237	17	39	22	4	153	85	498	
3238	63	812	52	156	2	6	12	
3239	8	17	5	12	1	10	25	
3240	15	48	42	694	76	6	8	
3241	63	99	548	695	43	68	370	
3242	3	1	1	60	1	1	1	
3243	63	32	548	4	43	68	370	
3244	18	30	5	12	1	10	4	
3245	63	99	548	4	43	68	18	
3246	63	55	549	4	43	13	12	
3247	17	813	21	15	22	30	8	
3248	3	1	551	60	1	1	1	
3249	523	85	303	16	21	34	62	
3250	62	45	39	49	6	42	8	
3251	254	33	30	15	16	214	106	
3252	31	405	44	7	16	6	380	
3253	63	55	42	60	43	26	8	
3254	23	55	53	294	489	68	8	
3255	197	30	5	268	44	22	109	
3256	8	6	18	20	28	7	1	
3257	17	427	2	548	2	215	8	
3258	17	21	333	45	44	22	4	
3259	5	21	5	45	44	22	1	
3260	8	3	5	45	698	22	25	
3261	31	30	5	34	44	22	109	
3262	197	247	22	127	16	6	76	
3263	88	28	95	156	76	26	149	
3264	367	76	54	72	154	103	42	
3265	242	782	8	134	659	15	245	
3266	370	360	88	188	247	227	194	
3267	280	32	175	247	32	26	149	
3268	405	683	20	267	16	20	76	
3269	39	35	216	34	191	18	39	
3270	247	248	17	164	562	275	41	
3271	31	21	5	45	31	22	109	
3272	62	85	72	108	427	42	34	
3273	5	17	5	697	1	10	4	
3274	25	34	29	145	34	19	192	
3275	8	1	5	12	29	10	1	
3276	5	17	5	12	1	10	499	
3277	5	814	5	12	1	10	4	
3278	620	815	172	698	688	67	227	
3279	210	31	181	282	136	18	166	
3280	31	52	166	49	52	18	370	
3281	77	90	19	61	382	214	76	
3282	23	453	52	15	2	6	8	
3283	7	405	181	386	10	156	18	
3284	63	55	22	4	43	6	18	
3285	63	32	20	4	392	13	12	
3286	39	35	146	12	431	18	175	
3287	43	68	52	30	9	72	12	
3288	252	52	166	49	319	18	370	
3289	8	359	36	24	42	22	12	
3290	21	88	22	87	16	322	157	
3291	86	405	284	15	586	107	11	
3292	63	247	22	223	14	194	8	
3293	49	28	30	124	365	26	12	
3294	8	30	30	45	44	22	109	
3295	8	30	58	45	44	22	109	
3296	1	21	5	45	44	22	25	
3297	192	77	49	390	382	26	361	
3298	48	77	191	66	61	5	57	
3299	77	108	49	31	76	26	361	
3300	23	312	45	30	2	6	12	
3301	66	99	22	15	14	194	11	
3302	63	33	22	614	14	194	11	
3303	8	21	36	248	42	22	12	
3304	23	51	439	31	43	20	44	
3305	7	3	5	12	49	47	429	
3306	373	30	11	7	136	77	429	
3307	140	13	32	254	212	113	102	
3308	38	259	20	15	323	26	149	
3309	36	35	216	34	191	18	39	
3310	23	249	52	4	220	194	12	
3311	219	404	5	61	139	163	8	
3312	66	90	28	31	139	123	125	
3313	620	815	172	556	688	67	227	
3314	151	90	52	6	139	26	55	
3315	108	184	28	206	503	131	120	
3316	418	77	259	103	313	37	61	
3317	25	34	66	228	34	19	192	
3318	36	35	284	124	191	303	175	
3319	297	83	172	83	80	67	227	
3320	23	68	236	4	14	46	106	
3321	145	77	259	103	145	149	12	
3322	38	340	237	298	76	26	9	
3323	25	816	2	317	9	10	119	
3324	297	815	172	556	688	67	227	
3325	297	83	172	83	83	67	227	
3326	91	500	259	103	145	149	12	
3327	17	21	5	45	44	22	25	
3328	139	71	97	7	154	91	55	
3329	17	33	53	30	2	6	8	
3330	145	77	259	536	313	265	61	
3331	209	500	259	103	145	149	12	
3332	151	90	97	6	139	26	55	
3333	300	83	172	83	83	67	227	
3334	17	6	18	20	28	7	4	
3335	91	300	388	367	211	113	232	
3336	295	815	172	84	83	67	227	
3337	9	68	5	266	16	162	12	
3338	64	28	54	72	232	103	42	
3339	300	83	172	467	83	67	227	
3340	138	71	97	6	629	91	55	
3341	621	817	30	699	689	516	134	
3342	623	321	387	700	690	517	88	
3343	97	115	28	701	691	518	500	
3344	622	818	28	704	692	52	500	
3345	623	321	554	7	690	517	88	
3346	624	115	28	699	693	519	500	
3347	621	818	28	705	694	516	501	
3348	64	55	54	7	629	91	55	
3349	72	305	88	16	45	42	34	
3350	94	75	272	242	48	141	28	
3351	62	21	5	16	28	42	62	
3352	72	305	271	108	45	42	34	
3353	23	377	2	667	7	23	11	
3354	23	68	52	4	14	46	106	
3355	23	88	52	4	14	46	106	
3356	6	21	24	614	1	10	4	
3357	38	340	30	298	84	26	9	
3358	372	95	2	93	16	72	66	
3359	13	574	193	501	611	37	117	
3360	1	1	5	4	1	10	1	
3361	625	88	19	15	54	20	27	
3362	25	34	29	1	34	19	192	
3363	242	400	272	60	84	99	9	
3364	62	296	271	343	139	42	34	
3365	23	68	21	4	14	46	106	
3366	17	284	38	4	14	6	44	
3367	119	28	239	15	84	55	76	
3368	8	1	5	269	1	10	1	
3369	5	1	1	1	1	1	1	
3370	43	344	2	294	299	6	349	
3371	141	58	143	359	159	34	197	
3372	31	68	5	12	35	21	4	
3373	38	28	40	15	498	15	348	
3374	43	28	175	449	32	26	149	
3375	280	32	552	31	32	26	149	
3376	31	3	5	5	35	32	18	
3377	210	34	19	7	6	7	4	
3378	242	308	49	15	34	26	149	
3379	203	360	88	313	145	227	194	
3380	389	45	88	680	6	42	34	
3381	62	45	88	197	82	42	62	
3382	370	360	88	11	247	227	194	
3383	62	296	271	108	139	42	34	
3384	62	296	88	11	6	42	34	
3385	254	454	49	73	139	20	174	
3386	254	77	49	73	139	20	174	
3387	18	1	5	12	29	10	4	
3388	31	193	85	425	53	21	11	
3389	117	77	174	66	61	55	57	
3390	62	109	72	108	106	42	34	
3391	119	249	166	15	32	20	106	
3392	119	39	166	15	32	20	106	
3393	48	77	191	15	61	55	12	
3394	31	30	18	38	88	45	15	
3395	18	6	18	20	28	7	25	
3396	62	395	72	49	45	42	34	
3397	17	68	53	702	267	6	8	
3398	48	90	20	298	16	32	170	
3399	48	77	174	66	61	55	57	
3400	72	85	271	16	45	42	34	
3401	406	819	553	277	695	206	362	
3402	31	6	5	4	6	7	25	
3403	16	296	271	16	139	42	34	
3404	91	425	372	687	38	159	12	
3405	62	315	72	49	45	42	62	
3406	2	1	5	12	1	10	1	
3407	37	275	183	106	75	20	76	
3408	119	730	44	60	139	20	174	
3409	8	820	45	30	2	6	12	
3410	15	21	5	45	44	22	4	
3411	13	315	72	16	45	42	62	
3412	197	32	44	60	16	6	76	
3413	31	21	5	45	44	22	4	
3414	23	11	5	15	22	107	1	
3415	62	296	271	16	6	42	34	
3416	222	282	5	7	52	18	175	
3417	72	85	88	16	45	42	34	
3418	202	1	19	12	1	26	1	
3419	210	36	29	358	52	259	4	
3420	18	6	52	20	28	7	4	
3421	8	3	5	7	35	21	11	
3422	210	555	387	358	52	259	4	
3423	18	21	24	12	1	10	4	
3424	33	24	17	703	697	26	11	
3425	33	24	17	703	696	26	11	
3426	8	1	5	12	1	10	490	
3427	36	555	166	134	294	18	138	
3428	62	85	72	150	427	38	34	
3429	17	17	5	4	1	10	4	
3430	244	264	46	228	53	65	44	
3431	17	75	21	499	22	30	8	
3432	17	21	5	12	44	22	4	
3433	62	85	72	60	145	42	62	
3434	18	7	8	358	6	7	4	
3435	62	85	72	16	45	42	62	
3436	62	296	39	49	6	42	34	
3437	57	308	40	26	98	15	164	
3438	370	360	88	278	247	227	194	
3439	224	395	99	188	159	34	92	
3440	76	29	368	139	475	34	218	
3441	43	254	22	491	5	55	125	
3442	202	30	5	38	1	71	64	
3443	178	58	58	155	82	34	8	
3444	178	291	34	103	21	38	12	
3445	8	21	5	45	44	21	25	
3446	39	25	216	591	431	41	436	
3447	114	652	23	95	117	113	8	
3448	13	4	110	95	117	113	102	
3449	222	35	181	282	35	18	38	
3450	114	291	36	24	21	38	12	
3451	77	28	49	15	221	20	38	
3452	31	21	3	45	44	22	23	
3453	556	403	518	390	166	412	362	
3454	197	77	5	386	10	156	18	
3455	8	21	36	45	44	22	12	
3456	252	403	181	386	302	156	18	
3457	77	142	49	15	221	64	149	
3458	562	724	284	124	191	18	8	
3459	562	405	166	73	319	18	370	
3460	31	177	181	449	10	156	18	
3461	203	283	34	254	21	142	8	
3462	25	68	25	32	14	3	18	
3463	31	322	223	30	302	46	18	
3464	86	332	7	42	302	18	12	
3465	117	785	2	15	139	26	8	
3466	13	13	32	254	212	38	102	
3467	336	58	259	495	133	37	51	
3468	31	177	223	30	302	46	18	
3469	13	152	99	139	248	39	92	
3470	114	4	23	95	117	113	102	
3471	278	597	46	165	291	103	77	
3472	453	596	406	7	135	367	79	
3473	87	255	371	7	513	367	145	
3474	88	134	284	15	299	357	76	
3475	386	478	28	79	218	103	126	
3476	95	513	28	66	521	52	64	
3477	242	589	8	6	14	15	245	
3478	87	255	406	7	181	114	44	
3479	455	513	28	165	521	52	64	
3480	454	513	28	165	521	52	64	
3481	487	83	172	83	83	67	227	
3482	487	83	172	84	83	67	227	
3483	295	83	172	332	393	67	227	
3484	300	83	172	467	393	67	227	
3485	365	30	9	7	136	18	18	
3486	86	405	181	386	10	156	18	
3487	250	332	146	333	295	209	63	
3488	252	52	166	66	319	18	370	
3489	365	30	11	294	12	17	18	
3490	222	25	25	7	11	5	8	
3491	222	38	25	32	11	3	8	
3492	230	288	110	257	253	39	181	
3493	221	281	190	95	117	113	102	
3494	91	281	190	95	117	38	179	
3495	341	13	143	95	117	38	247	
3496	254	10	247	148	8	10	27	
3497	31	177	181	386	10	156	370	
3498	100	13	198	155	109	496	177	
3499	100	286	32	27	145	373	18	
3500	91	4	176	103	82	373	92	
3501	222	31	5	34	52	18	175	
3502	260	291	36	24	21	38	12	
