ST	gki_	gtr_	muri	muts	recp	xpt_	yqil
1	1	1	1	1	1	1	1
2	1	2	20	5	35	3	4
3	2	2	1	2	2	2	2
4	2	2	1	2	2	3	2
5	2	2	2	3	2	3	2
6	2	2	8	3	2	16	12
7	2	2	9	3	18	3	4
8	2	2	9	3	18	11	2
9	2	2	9	3	18	14	2
10	2	2	9	13	2	14	2
11	2	6	1	2	2	2	2
12	2	6	1	5	2	2	2
13	2	6	2	5	22	3	2
14	2	6	8	3	9	3	1
15	2	6	8	5	2	3	2
16	2	6	8	15	2	3	2
17	2	13	8	5	2	3	10
18	2	27	8	5	2	3	2
19	3	2	3	3	3	3	3
20	3	4	6	5	1	5	1
21	3	4	6	5	1	5	2
22	3	4	6	7	1	5	4
23	3	4	6	7	11	5	4
24	3	4	24	5	4	23	6
25	4	2	3	11	17	3	1
26	4	2	21	16	17	3	1
27	4	3	2	5	2	26	1
28	4	3	4	4	4	2	4
29	4	6	2	7	7	7	5
30	4	6	2	7	21	7	1
31	4	10	3	6	14	10	4
32	4	17	2	5	1	25	1
33	4	26	23	7	1	28	3
34	4	29	2	7	7	7	4
35	4	31	2	13	34	3	21
36	5	2	2	6	6	2	2
37	5	2	5	5	5	4	3
38	5	7	8	5	15	2	1
39	5	11	8	5	15	2	1
40	5	11	8	5	29	2	4
41	6	5	7	1	5	3	3
42	6	5	7	1	5	6	3
43	7	2	8	3	8	2	2
44	8	7	8	8	9	3	1
45	9	8	1	1	1	3	3
46	9	8	1	1	1	3	4
47	9	16	1	20	25	3	16
48	10	6	2	6	10	3	6
49	11	2	1	3	12	3	7
50	11	6	3	6	6	27	4
51	11	6	12	6	6	2	4
52	11	6	14	5	9	17	19
53	11	6	22	7	9	2	17
54	11	7	15	7	17	3	4
55	11	9	1	9	2	3	4
56	11	9	2	5	2	5	4
57	11	23	2	7	24	3	2
58	12	2	1	3	12	8	7
59	13	2	8	19	1	3	4
60	13	2	14	1	9	3	1
61	13	2	16	1	5	3	1
62	13	3	10	12	20	2	3
63	13	6	2	3	23	3	11
64	13	7	8	1	9	22	3
65	13	7	8	1	13	9	8
66	13	7	8	1	13	12	8
67	13	7	8	1	26	3	13
68	13	7	8	1	26	9	8
69	13	7	8	10	13	9	8
70	13	18	8	1	13	9	8
71	14	12	2	7	16	5	9
72	14	28	2	17	4	5	1
73	15	14	7	7	19	3	1
74	15	14	7	16	19	3	1
75	15	14	7	18	19	3	1
76	16	2	8	3	1	3	1
77	16	2	8	3	1	11	1
78	16	2	8	7	1	13	1
79	16	2	11	3	1	11	1
80	16	15	19	7	1	2	17
81	17	19	1	1	1	15	3
82	18	20	7	9	2	2	15
83	19	21	1	1	5	3	3
84	20	22	2	3	27	18	12
85	20	22	2	3	27	18	14
86	21	31	1	3	28	3	4
87	22	10	17	14	14	3	20
88	23	24	2	3	23	19	18
89	24	2	3	5	1	3	1
90	25	2	13	6	30	25	15
91	26	2	18	5	31	3	1
92	27	25	4	4	32	2	1
93	28	25	4	4	4	2	1
94	28	25	4	4	4	20	1
95	29	32	2	5	33	21	4
96	30	2	9	13	18	14	2
97	31	2	2	5	35	24	12
98	32	6	8	3	2	8	22
99	33	30	7	5	5	26	3
100	34	2	2	21	1	29	16
101	16	2	8	3	1	13	3
102	13	34	25	6	36	3	1
103	2	2	2	3	37	3	2
104	36	33	2	5	19	24	1
105	35	2	2	5	13	30	1
106	4	25	3	4	4	2	1
107	4	25	26	4	4	2	1
108	10	24	14	17	19	31	26
109	42	37	8	22	33	3	4
110	41	31	8	25	33	3	27
111	3	38	1	7	1	8	24
112	16	35	27	24	35	33	1
113	11	6	22	7	40	2	23
114	4	36	2	18	2	3	4
115	40	2	9	6	41	8	12
116	39	2	2	5	38	34	1
117	38	2	2	23	39	2	25
118	37	2	8	3	2	3	1
119	2	6	8	3	2	32	1
120	43	2	2	7	1	3	1
121	47	3	2	5	10	34	12
122	4	6	1	28	2	2	2
123	43	2	8	7	1	3	1
124	2	2	8	3	5	2	2
126	2	2	8	13	18	14	2
127	3	39	1	7	1	8	24
128	49	2	2	5	44	14	12
129	16	42	34	7	45	2	17
130	13	2	35	7	2	38	1
131	2	2	36	3	18	14	2
132	50	2	8	30	8	3	30
133	4	31	2	31	2	8	7
134	54	24	14	4	9	2	2
135	2	6	37	5	2	3	28
136	40	2	9	5	9	8	12
137	4	2	2	2	46	3	4
138	3	2	2	5	19	34	4
139	53	39	1	7	1	3	24
140	51	2	14	26	19	35	31
141	52	31	9	6	35	2	12
142	16	2	8	3	2	41	1
143	15	12	38	6	4	23	6
144	29	32	2	5	48	9	4
145	46	17	2	5	1	25	1
146	40	2	29	5	19	3	1
147	11	2	8	33	1	13	18
148	43	2	3	6	6	2	2
149	55	44	8	5	4	3	10
150	11	2	1	3	50	8	7
151	2	28	2	17	4	5	1
152	42	6	14	26	43	35	4
153	4	2	2	13	2	24	4
154	31	2	2	5	18	24	12
155	10	19	30	27	5	2	3
156	45	6	31	7	1	36	1
157	44	40	2	5	19	5	4
158	13	7	8	1	13	3	13
159	13	7	8	1	42	13	1
160	10	2	7	27	5	37	4
161	16	41	2	29	2	25	7
162	3	2	32	2	2	2	2
163	13	2	33	1	13	13	28
164	2	2	8	3	5	2	29
165	51	3	1	25	1	3	27
166	4	31	2	11	34	3	4
167	29	32	2	5	48	5	21
168	2	2	14	3	22	3	2
169	51	3	8	7	33	42	1
170	2	2	2	3	18	14	12
171	11	23	2	7	5	3	2
172	56	24	39	7	30	2	33
173	57	3	40	25	1	3	10
174	31	2	2	5	35	14	12
175	4	2	3	7	2	3	3
176	3	2	3	3	1	3	3
177	51	31	2	25	2	43	32
178	4	4	3	6	14	3	4
179	25	51	8	6	30	25	39
180	2	2	8	5	2	3	10
181	2	7	2	31	34	9	48
182	2	2	37	2	2	13	1
183	3	37	53	5	2	3	35
184	29	32	2	5	48	5	4
185	13	45	8	4	34	3	6
186	13	2	14	1	9	13	1
187	59	43	14	5	47	2	1
188	2	31	8	25	52	2	27
189	40	3	43	7	2	5	6
190	4	6	28	7	21	7	1
191	14	17	14	6	9	40	38
192	4	24	2	5	51	3	25
193	48	31	41	9	2	2	36
194	13	46	14	32	1	13	1
195	3	4	6	7	1	5	36
196	19	50	1	1	5	3	3
197	11	6	42	5	54	3	6
198	58	48	2	5	53	23	25
199	51	49	8	6	33	3	35
200	62	2	2	7	1	3	1
201	3	2	8	5	58	54	4
202	4	28	3	7	2	3	3
203	11	6	42	7	40	3	6
204	61	14	7	18	19	3	1
205	16	2	8	3	2	3	2
206	11	6	1	7	2	3	6
207	2	2	8	13	2	14	2
208	60	47	35	7	2	39	3
214	2	6	8	3	64	8	22
216	2	31	2	3	49	3	37
224	4	3	54	6	34	8	44
225	4	25	4	4	4	2	1
227	4	31	8	5	2	8	4
228	4	31	8	11	34	3	40
229	4	31	9	6	35	2	12
230	4	35	2	5	61	3	25
237	4	59	2	5	44	33	1
240	10	12	2	17	16	47	4
241	10	25	7	5	67	2	12
243	2	2	8	3	18	11	12
244	11	6	14	5	9	44	19
247	11	9	1	7	2	8	3
249	13	31	8	5	19	3	1
252	14	12	2	17	16	5	1
253	16	2	11	3	1	13	1
258	31	2	2	5	35	46	1
261	40	2	9	6	41	50	4
262	40	2	9	5	2	8	41
263	40	3	43	7	2	5	4
264	40	24	8	44	58	3	4
267	64	2	2	7	34	38	2
268	65	17	2	5	5	25	1
269	65	31	8	43	2	3	2
270	65	31	8	41	58	8	25
271	65	57	7	5	9	3	4
272	65	57	7	37	2	3	4
273	66	2	7	4	34	48	4
275	68	31	8	6	68	8	42
276	69	13	14	6	62	14	4
277	70	31	2	35	1	3	34
281	74	31	8	40	60	8	42
282	75	2	44	36	68	2	1
284	2	66	1	52	75	2	12
285	86	6	8	3	9	3	1
286	13	2	14	6	19	3	56
287	13	59	8	6	34	3	6
288	4	31	59	25	33	3	57
289	4	26	51	35	34	2	27
290	79	2	44	36	51	8	51
291	4	61	50	11	14	55	4
292	4	3	54	5	34	8	44
294	43	2	2	7	5	51	1
295	31	31	55	11	44	3	26
296	25	42	22	7	40	3	17
297	78	62	52	5	69	8	49
298	13	2	7	20	19	3	1
299	2	7	1	3	2	14	2
300	4	6	4	4	52	2	1
301	77	6	8	7	1	3	50
302	82	6	1	2	2	2	2
303	51	31	2	25	2	23	31
304	2	6	3	2	2	2	2
305	58	17	2	5	2	3	25
306	2	2	1	50	2	3	1
307	1	31	61	40	60	8	42
308	3	6	31	2	1	61	46
309	3	17	8	7	1	3	4
310	13	6	3	11	6	3	8
311	4	2	2	51	1	59	1
312	4	20	7	9	2	2	15
313	4	3	62	4	4	2	1
314	4	65	21	16	17	3	1
315	2	6	8	5	2	3	53
316	13	7	57	1	13	9	8
317	16	2	56	7	22	3	52
318	2	10	35	7	2	57	1
319	81	24	8	5	19	11	1
320	4	63	8	5	73	3	4
322	2	64	8	3	5	2	12
324	13	37	8	7	2	56	12
325	80	2	2	17	4	5	1
326	4	6	3	20	2	3	3
327	83	2	8	6	74	3	4
328	9	8	58	1	1	3	4
329	11	7	15	3	17	60	4
330	38	2	60	23	39	2	1
331	43	2	2	47	1	3	4
332	43	2	2	7	5	3	1
333	51	3	8	25	33	3	27
334	84	2	21	16	17	3	1
335	58	6	8	7	2	51	63
336	87	9	8	7	5	57	54
337	8	7	8	49	9	3	1
338	85	2	14	5	19	58	58
339	59	43	1	48	47	2	1
340	2	2	8	3	2	3	2
341	91	2	65	7	1	3	60
342	1	31	64	5	34	48	12
343	1	31	8	6	76	53	4
344	2	2	1	2	2	8	2
345	2	6	8	3	2	8	1
346	2	6	8	3	79	8	22
347	4	31	2	11	34	3	2
348	11	6	7	46	40	3	6
349	13	45	8	4	76	3	6
350	14	2	8	6	55	40	6
351	24	4	3	6	14	3	4
352	24	24	8	31	1	66	1
353	25	37	8	7	2	3	1
354	29	32	2	5	77	5	25
355	40	2	9	6	41	64	12
356	51	68	53	6	32	65	35
357	75	2	44	4	66	3	1
358	76	2	49	6	4	52	8
359	85	5	14	5	19	58	58
360	88	26	8	6	78	62	3
361	89	3	63	25	4	3	32
362	89	67	8	53	4	63	1
363	90	6	8	7	4	3	59
364	2	2	9	13	2	14	55
365	73	58	8	5	72	3	43
366	93	2	2	6	6	2	2
367	4	2	3	11	17	3	61
368	94	8	1	1	1	3	4
369	13	6	2	3	23	3	62
370	51	2	64	6	80	34	41
371	4	6	2	54	21	7	1
372	95	25	4	4	4	20	1
373	5	11	8	5	15	67	1
374	5	2	66	5	5	4	3
375	92	2	2	2	31	3	2
376	4	2	2	5	70	2	1
377	4	2	2	11	34	3	2
378	11	6	3	6	6	27	46
379	12	21	17	5	5	3	7
380	51	69	53	6	32	2	35
381	4	31	2	4	4	2	16
382	5	52	5	5	5	4	3
383	11	2	1	3	50	61	7
384	16	2	8	3	2	13	1
385	78	53	52	5	81	68	4
386	96	39	8	1	13	13	64
387	9	70	1	1	1	3	4
388	11	71	1	3	12	3	7
389	9	8	67	1	1	3	4
390	16	72	8	3	1	13	1
391	5	7	8	5	15	2	65
392	97	3	1	7	39	69	3
394	25	2	8	6	30	25	6
395	2	2	1	2	65	2	2
396	11	9	1	9	2	10	4
397	25	2	8	6	30	5	1
398	4	61	8	9	2	3	2
399	4	31	2	13	34	3	4
400	2	6	8	3	9	3	66
401	4	2	2	5	35	70	1
402	69	2	2	7	1	3	12
403	3	4	6	5	1	5	67
404	3	4	6	7	1	5	67
405	25	37	8	7	2	56	12
406	2	29	8	5	2	3	2
407	16	2	8	3	1	13	1
408	16	2	8	3	82	13	3
409	98	2	11	3	1	13	1
410	3	73	3	3	1	3	3
411	5	52	68	5	5	4	3
413	2	74	8	5	2	3	2
414	11	9	1	4	2	3	4
415	4	3	4	4	4	2	2
416	2	3	8	3	2	3	2
417	51	2	8	7	33	42	1
418	13	2	14	20	19	3	1
419	4	28	3	20	2	3	68
420	11	2	69	3	84	13	1
421	5	11	15	5	15	2	1
422	99	11	8	5	15	2	1
423	5	11	8	5	15	72	1
424	4	6	2	7	85	7	1
425	5	2	2	6	86	2	2
426	38	24	2	37	2	3	1
427	3	2	2	3	1	3	1
428	43	2	3	7	1	3	3
429	3	10	3	6	14	3	4
430	15	14	18	18	19	3	1
431	13	6	2	3	23	74	11
432	4	2	2	23	39	2	1
433	4	6	2	54	21	7	69
434	91	2	65	7	1	3	2
435	63	2	7	5	2	2	2
436	1	2	2	6	6	2	2
437	4	6	2	7	21	7	2
438	51	2	14	26	43	35	2
439	2	6	2	5	87	3	2
440	4	3	4	55	4	2	4
441	4	6	2	7	7	3	70
442	101	2	8	3	2	3	71
443	2	3	4	4	4	2	2
444	2	6	8	4	4	2	4
445	4	3	3	4	4	2	4
446	4	3	14	4	4	2	19
447	4	7	47	4	34	2	4
448	5	2	2	6	50	2	7
449	5	2	3	3	1	4	3
450	4	2	3	4	1	5	72
451	3	4	7	5	1	5	3
452	11	2	4	3	9	8	19
453	16	6	8	5	1	17	3
454	5	2	2	5	6	17	73
455	4	3	14	5	9	17	19
456	11	6	14	5	9	17	73
457	11	76	14	5	9	17	19
458	11	77	14	5	9	17	19
459	11	6	14	5	88	17	19
461	13	3	10	12	20	2	13
462	9	9	1	1	1	3	14
463	11	78	1	3	50	8	7
464	11	8	1	56	2	8	13
465	5	2	2	57	6	2	2
466	16	2	8	3	1	75	3
467	5	2	2	6	6	3	2
468	102	2	44	6	51	3	74
470	51	2	8	25	33	3	75
471	3	4	70	7	1	5	4
472	4	2	2	58	6	2	2
473	4	36	8	7	51	3	76
474	4	79	8	7	51	3	76
475	1	31	8	6	36	53	4
476	4	3	3	6	14	3	77
477	57	3	8	25	1	3	78
478	4	2	8	11	34	3	40
479	103	37	2	24	4	2	79
480	43	2	2	7	1	3	80
481	16	35	2	5	61	3	25
482	4	31	2	11	34	3	21
483	104	80	2	7	35	2	2
484	42	2	8	22	33	3	4
485	4	3	2	59	2	2	4
486	2	12	8	3	2	32	1
487	2	3	8	3	2	32	1
488	55	6	8	3	90	32	1
489	13	45	71	4	76	3	6
490	2	31	2	17	4	5	1
491	2	28	2	17	4	76	1
492	55	28	2	17	4	76	1
493	25	4	8	6	30	25	4
494	25	3	8	6	30	25	4
495	25	81	8	6	30	25	39
496	2	6	8	3	2	8	22
497	4	2	2	60	21	3	81
498	4	19	3	60	21	3	81
499	57	3	8	25	1	3	76
500	57	3	8	25	19	3	78
501	29	32	8	5	48	5	25
502	2	6	9	13	2	14	2
503	4	2	36	5	4	23	1
504	51	2	2	25	2	5	31
506	105	6	2	6	1	49	4
507	105	3	2	6	1	49	4
508	4	36	12	18	2	3	4
509	106	13	3	61	1	28	82
510	29	31	6	5	19	77	4
511	29	31	2	5	48	5	25
512	40	2	9	6	41	34	12
513	47	3	2	5	10	64	12
514	42	37	8	22	33	3	63
515	25	2	8	6	30	25	39
516	29	32	2	5	33	5	4
517	4	31	8	5	34	3	40
518	4	12	36	11	4	23	1
519	4	2	54	6	34	8	44
520	43	32	2	7	1	3	1
521	79	37	44	36	51	8	25
522	25	37	8	6	30	25	4
523	4	28	2	3	2	34	31
524	42	3	2	5	2	2	4
525	4	37	8	22	33	3	4
526	5	2	2	3	2	34	31
527	2	6	3	22	2	2	2
528	4	37	8	2	33	3	4
529	4	6	8	3	34	3	40
530	4	25	4	4	4	2	4
531	4	35	8	3	34	3	40
532	2	31	8	3	2	8	22
533	2	6	8	2	2	2	2
534	4	31	8	3	34	3	40
535	4	2	2	3	2	34	31
536	14	12	2	17	16	5	9
537	2	31	8	3	91	3	41
538	11	2	69	3	84	13	83
539	58	10	3	6	14	78	4
540	9	8	1	1	1	79	4
541	13	83	10	12	92	2	3
542	107	3	4	4	4	2	4
543	5	2	2	6	93	2	2
544	51	49	8	25	33	3	27
545	100	75	72	62	94	73	84
546	16	42	34	7	1	2	17
547	3	4	6	6	14	5	67
548	11	2	1	3	25	3	7
549	13	60	2	9	69	8	6
550	13	6	2	3	1	3	11
551	5	3	2	6	6	2	2
552	3	6	31	7	1	36	1
553	16	3	8	3	82	13	3
554	4	2	10	11	17	3	1
555	4	84	3	11	17	3	1
556	4	2	3	16	17	23	1
557	4	2	21	16	17	3	85
558	4	63	8	64	73	3	86
559	4	2	2	5	44	14	12
560	5	29	8	5	2	3	2
561	11	11	8	5	15	2	19
562	3	4	6	63	1	5	67
563	109	2	1	3	50	8	7
564	11	2	1	3	6	8	7
565	39	2	8	13	2	33	1
566	13	11	8	5	15	2	1
567	13	3	4	4	4	2	4
568	16	2	8	3	95	13	3
569	108	2	2	5	35	14	12
570	29	32	2	5	76	5	25
571	39	2	8	6	2	33	1
572	4	31	73	11	34	3	4
573	55	6	8	25	1	81	27
574	110	21	7	20	1	80	87
575	8	7	8	8	9	3	50
576	2	6	74	65	9	3	1
577	38	2	2	3	39	2	1
578	79	2	44	36	51	8	27
579	2	2	32	2	2	2	2
580	16	2	8	3	98	13	3
581	3	3	3	3	1	3	3
582	1	31	64	5	97	39	12
584	3	4	6	6	99	5	67
585	4	2	2	67	19	85	31
586	4	31	2	11	19	3	4
587	4	31	3	6	96	3	67
588	4	31	73	11	34	3	1
589	4	35	75	5	1	84	90
590	4	35	76	5	61	3	25
591	4	37	8	5	73	3	4
592	11	2	7	7	22	35	59
593	11	2	8	7	75	3	2
594	15	12	23	6	4	23	6
595	16	31	2	3	13	84	25
596	25	2	8	3	30	25	25
597	25	86	2	7	2	3	12
598	38	24	2	37	2	2	25
599	42	3	2	5	2	2	1
600	43	2	8	7	48	2	46
601	43	6	8	3	2	3	1
602	51	3	8	3	33	48	88
603	61	14	77	18	19	3	1
604	67	24	8	3	9	45	4
605	68	31	8	66	35	82	12
606	69	13	14	6	34	2	92
607	75	2	2	6	51	3	74
608	75	2	3	5	1	3	89
609	75	2	44	6	51	3	1
610	80	2	2	17	4	5	3
611	83	24	8	6	74	3	4
612	111	85	8	3	40	3	1
614	112	6	14	7	5	83	54
615	113	3	43	7	40	3	12
616	114	2	14	3	2	3	64
617	115	12	2	32	9	2	91
618	4	3	4	4	100	2	4
619	2	2	2	3	49	14	37
620	6	5	7	1	5	6	4
621	5	52	5	5	72	4	3
622	4	28	3	20	5	3	3
623	4	6	2	7	7	7	70
624	38	2	2	23	39	2	1
625	2	2	14	6	9	40	46
626	11	6	78	5	9	3	19
627	4	57	8	5	2	8	4
628	25	2	8	6	30	25	25
629	4	87	2	5	10	34	12
630	4	3	4	4	4	86	4
631	13	2	2	5	1	3	1
632	3	88	1	3	12	3	7
633	58	17	2	5	53	23	25
634	2	9	1	9	2	3	4
635	5	11	5	5	15	2	1
636	5	9	1	9	2	3	4
637	5	11	14	5	15	2	1
638	5	11	8	5	9	2	1
639	11	2	1	3	101	8	7
640	3	4	6	7	11	5	12
641	4	10	3	6	31	3	4
642	6	5	79	1	5	6	3
643	4	3	4	4	4	2	95
644	11	6	14	5	9	17	94
645	9	8	1	1	1	3	93
646	16	2	14	3	1	13	3
647	11	3	4	4	4	2	4
648	4	89	4	4	4	2	4
649	51	2	14	24	19	35	31
650	25	3	2	7	33	3	12
651	4	32	2	5	48	5	4
652	4	3	80	4	4	2	2
653	4	3	80	4	102	2	2
654	16	2	8	3	1	87	3
655	4	54	81	68	4	85	12
656	117	3	8	13	35	3	97
657	116	2	1	3	50	8	7
658	5	91	8	5	15	2	1
659	4	92	4	4	100	2	4
660	2	7	14	6	9	40	46
661	4	3	4	69	4	2	4
662	4	31	2	35	1	3	34
663	13	2	2	6	6	2	2
664	13	83	10	12	20	2	3
665	4	2	21	16	17	36	1
666	4	2	21	16	74	36	1
667	43	2	2	2	2	3	24
668	13	32	2	20	19	3	25
669	5	2	2	6	15	2	2
670	24	8	1	1	1	3	4
671	5	2	2	6	6	2	4
672	13	8	1	1	1	3	4
673	13	6	2	6	1	28	4
674	4	3	2	5	2	2	4
675	2	7	2	3	13	3	2
676	24	2	82	5	30	3	1
677	11	6	83	6	6	2	2
678	3	4	6	5	1	5	4
679	79	3	2	5	48	5	4
