ST	adk	atpG	frdB	fucK	mdh	pgi	recA	clonal_complex
1	1	1	1	14	15	1	5	
2	14	7	1	15	16	4	1	
3	1	1	1	1	1	1	5	
4	4	17	4	1	2	9	6	
5	12	5	5	2	3	11	7	
6	10	14	4	5	4	7	8	
7	7	11	6	6	6	16	9	
8	7	11	6	7	6	10	10	
9	7	11	6	8	6	16	9	
10	5	15	10	9	8	5	11	
11	1	8	1	14	9	14	13	
12	1	1	1	13	13	25	16	
13	3	9	8	4	14	8	4	
14	5	1	1	1	1	2	5	
15	22	6	11	11	12	18	15	
16	22	6	11	12	1	18	15	
17	18	6	3	10	11	28	14	
18	18	6	3	7	10	28	12	
19	7	11	6	6	18	16	9	
20	21	13	9	7	19	24	19	
21	20	12	1	7	20	23	19	
22	9	14	12	3	4	3	8	
23	13	16	5	2	3	11	7	
24	10	14	4	5	4	7	20	
25	20	12	2	1	21	23	19	
26	22	18	11	11	22	19	15	
27	18	6	3	8	23	28	19	
28	18	6	3	7	24	28	19	
29	22	19	11	9	22	19	15	
30	20	12	25	7	20	23	19	
31	10	14	5	7	26	22	8	
32	19	6	3	10	10	28	14	
33	1	10	1	1	1	6	5	
34	11	2	15	8	28	26	3	
35	8	27	27	7	37	15	24	
36	16	21	14	16	29	14	3	
37	14	7	13	4	1	21	1	
38	10	2	15	17	26	26	3	
39	15	23	16	16	30	1	3	
40	1	3	1	1	31	1	5	
41	17	4	17	1	7	12	11	
42	2	24	18	18	27	1	5	
43	1	22	19	19	32	17	2	
44	10	14	4	3	4	3	8	
45	6	20	20	1	33	29	7	
46	1	25	1	14	15	1	5	
47	5	15	7	9	7	5	11	
48	5	15	10	15	8	5	11	
49	5	15	10	8	8	5	11	
50	6	20	23	1	33	29	23	
51	7	2	6	6	6	16	9	
52	7	6	3	7	10	27	10	
53	10	14	5	7	4	7	8	
54	10	14	22	5	4	7	22	
55	10	14	4	5	4	31	8	
56	13	16	5	18	3	11	7	
57	14	7	13	7	17	13	17	
58	14	20	6	8	6	16	21	
59	20	12	1	8	20	23	19	
60	20	12	21	20	34	30	19	
61	21	12	9	4	5	20	18	
62	21	12	9	7	19	24	19	
63	22	19	11	11	35	32	15	
64	23	20	21	5	4	7	8	
65	24	26	24	21	36	33	21	
66	18	6	3	11	10	28	12	
67	18	6	3	7	25	28	12	
68	18	6	26	7	10	28	12	
69	18	6	3	22	10	28	12	
70	25	20	24	24	38	34	25	
71	25	20	28	23	39	34	25	
72	25	20	28	14	40	34	25	
73	25	20	28	24	39	35	25	
74	25	20	24	18	38	34	25	
75	25	20	29	24	39	35	25	
76	26	20	30	24	36	36	25	
77	28	29	32	18	42	34	27	
78	10	14	4	5	22	7	8	
79	10	14	5	25	4	7	8	
80	10	14	5	7	43	7	8	
81	10	14	4	5	44	7	8	
82	5	15	10	1	8	5	11	
83	10	14	4	14	4	7	8	
84	29	7	13	1	45	13	1	
85	30	2	15	7	22	38	3	
86	5	15	10	9	8	39	11	
87	21	19	9	7	12	20	18	
88	1	8	1	14	22	14	5	
89	10	1	5	7	4	7	8	
90	4	20	8	5	4	7	8	
91	30	2	15	7	22	13	3	
92	10	14	4	5	4	7	28	
93	6	30	23	1	33	29	7	
94	10	14	21	5	4	7	8	
95	31	14	4	5	4	7	8	
96	16	14	4	5	4	7	8	
97	1	1	4	5	4	7	8	
98	14	7	13	15	17	13	1	
99	5	33	7	1	22	41	29	
100	10	14	4	27	4	7	8	
101	33	14	4	5	4	7	8	
102	1	1	1	1	50	42	5	
103	1	1	1	14	9	14	13	
104	18	14	29	9	4	28	8	
105	3	9	8	2	14	8	4	
106	22	19	11	11	22	40	15	
107	33	8	16	16	49	2	3	
108	1	14	4	5	4	7	8	
109	33	14	1	14	4	1	21	
110	10	14	23	5	22	7	8	
111	38	36	36	11	56	46	18	
112	3	9	8	31	14	8	4	
113	40	3	38	1	15	40	21	
114	3	20	21	5	4	7	8	
115	6	20	23	30	33	29	7	
116	6	20	23	34	33	29	7	
117	10	14	4	3	4	7	8	
118	10	14	4	5	4	7	22	
119	10	14	4	5	4	47	8	
120	10	14	5	7	57	7	8	
121	18	6	3	10	10	28	14	
122	18	6	3	18	10	28	12	
123	22	6	11	12	58	18	15	
124	22	19	11	11	22	19	15	
125	22	19	11	11	22	28	15	
126	22	19	11	11	22	19	35	
127	40	6	3	18	10	28	12	
128	23	14	39	5	4	7	20	
129	18	6	3	33	10	28	12	
130	31	14	4	11	4	7	8	
131	1	1	38	1	60	42	5	
132	1	1	40	14	61	1	5	
133	29	7	13	1	62	13	1	
134	1	1	1	14	53	14	13	
135	1	1	1	1	1	1	40	
136	1	1	1	1	67	42	5	
137	1	1	1	1	73	1	5	
138	1	1	1	10	76	1	5	
139	1	1	1	14	45	14	21	
140	1	1	1	14	70	1	37	
141	1	1	1	14	74	61	37	
142	1	1	1	35	15	53	38	
143	1	1	1	38	15	1	5	
144	1	1	44	14	61	1	5	
145	1	8	1	14	22	14	13	
146	11	8	47	7	17	57	41	
147	1	24	18	14	55	1	5	
148	1	40	18	14	55	1	5	
149	3	9	8	13	14	8	4	
150	5	20	7	15	47	58	29	
151	5	20	7	32	26	41	29	
152	6	42	43	36	68	52	35	
153	10	2	15	8	26	62	3	
154	37	35	57	14	1	14	5	
155	16	8	16	16	30	1	3	
156	26	2	15	7	22	56	3	
157	28	14	4	3	4	3	8	
158	28	14	45	1	16	55	1	
159	33	8	16	16	17	2	29	
160	40	1	1	14	1	59	3	
161	41	8	29	9	68	57	8	
162	42	2	49	2	71	8	4	
163	42	9	8	2	62	8	4	
164	43	1	46	7	72	1	23	
165	44	2	16	37	17	2	3	
166	46	4	17	11	54	3	34	
167	47	11	16	21	11	54	42	
168	48	41	41	8	69	60	29	
169	48	41	41	8	69	51	39	
170	14	7	1	30	15	21	1	
171	34	4	17	1	51	3	34	
172	5	5	34	5	77	38	3	
173	42	33	32	5	4	7	8	
174	1	1	46	1	79	64	23	
175	1	1	1	1	1	13	5	
176	5	33	7	15	47	58	29	
177	6	11	51	15	80	65	44	
178	49	14	32	39	45	66	21	
179	33	43	52	7	78	28	18	
180	1	1	1	1	81	21	5	
181	14	44	15	1	22	1	5	
182	40	3	38	1	35	67	21	
183	14	44	1	1	22	1	5	
184	45	45	48	9	26	58	18	
185	7	20	42	8	66	1	29	
186	14	7	16	8	46	21	1	
187	5	33	7	32	26	41	29	
188	22	19	11	11	83	19	15	
189	10	14	4	5	84	7	8	
190	10	14	4	5	85	7	8	
191	46	18	53	15	86	14	23	
192	26	4	17	1	79	3	23	
193	17	1	1	14	61	1	5	
194	30	20	41	18	48	63	43	
195	2	1	1	1	1	21	5	
196	14	8	18	11	17	2	3	
197	52	1	1	14	15	62	37	
198	5	33	7	15	87	68	29	
199	6	20	41	40	88	63	43	
200	42	8	7	41	17	14	10	
201	33	8	8	16	1	2	3	
202	26	17	8	1	4	57	8	
203	52	1	1	14	89	62	37	
204	42	2	22	2	71	8	4	
205	40	1	1	14	61	69	5	
206	10	14	4	1	4	7	8	
207	1	24	18	18	62	1	5	
208	5	33	7	15	16	4	29	
209	32	20	21	5	4	7	8	
210	5	33	7	15	87	58	29	
211	47	2	19	11	94	54	37	
212	48	46	31	11	95	70	45	
213	43	1	46	1	30	38	18	
214	6	43	1	7	77	71	43	
215	1	1	54	14	98	1	5	
216	32	20	21	5	99	7	8	
217	10	14	4	4	4	7	8	
218	32	20	1	5	4	7	8	
219	53	20	21	5	4	7	8	
220	10	14	4	42	4	7	8	
221	10	20	21	5	22	7	8	
222	6	20	23	1	33	29	7	
223	10	14	4	5	100	7	8	
224	10	14	62	5	85	7	8	
225	10	47	4	5	4	7	8	
226	10	14	53	5	4	7	8	
227	10	14	4	5	7	7	8	
228	10	14	4	5	4	74	8	
229	10	48	4	5	4	7	8	
230	10	14	4	5	4	75	8	
231	42	14	4	5	4	7	8	
232	6	30	23	43	33	29	7	
233	14	7	13	7	17	13	1	
234	5	33	23	15	87	58	29	
235	56	24	64	15	93	21	47	
236	7	33	7	15	66	1	29	
237	33	33	7	15	7	58	29	
238	5	33	7	15	26	77	29	
239	42	2	57	14	62	70	4	
240	42	2	57	14	7	70	4	
241	5	33	34	5	77	45	3	
242	7	33	7	13	66	1	29	
243	1	1	1	14	59	14	5	
244	55	11	16	14	102	2	3	
245	1	24	18	18	27	1	5	
246	28	14	4	3	22	3	8	
247	16	5	22	15	30	40	3	
248	14	8	16	11	17	2	49	
249	26	17	8	1	78	57	50	
250	47	5	16	21	11	54	42	
251	18	6	3	11	24	28	12	
252	3	2	65	1	64	78	48	
253	60	51	16	46	15	2	31	
254	6	20	41	40	30	63	43	
255	63	54	7	1	91	31	21	
256	40	83	63	48	169	145	97	
257	11	2	15	8	71	61	3	
258	1	10	1	1	4	6	5	
259	1	1	1	14	89	62	37	
260	11	8	29	7	90	57	35	
261	35	34	66	1	85	44	1	
262	63	50	22	15	30	40	3	
263	28	14	1	1	16	55	1	
264	5	8	58	14	91	13	29	
265	60	51	16	48	15	2	31	
266	3	18	53	15	86	14	23	
267	1	6	1	1	1	83	5	
268	10	14	4	49	4	3	8	
269	68	43	55	43	46	58	18	
270	69	54	8	47	80	1	61	
271	11	33	29	7	90	57	35	
272	69	55	10	36	79	82	56	
273	1	6	1	1	1	55	5	
274	5	14	7	8	62	45	29	
275	47	60	19	1	94	7	62	
276	5	8	58	14	71	13	29	
277	44	35	16	37	17	7	3	
278	70	25	9	7	10	7	8	
279	14	51	16	48	15	7	31	
280	3	9	8	2	86	8	4	
281	55	11	16	14	102	7	3	
282	10	14	5	44	4	7	8	
283	57	14	5	7	4	7	8	
284	10	14	5	7	4	7	51	
285	37	3	23	1	7	65	52	
286	26	50	22	15	30	40	3	
287	10	14	10	41	79	7	10	
288	59	20	23	1	33	29	7	
289	10	14	5	44	4	29	8	
290	10	14	5	44	4	79	8	
291	10	14	69	44	4	7	8	
292	10	14	5	7	4	7	7	
293	58	20	23	1	33	29	7	
294	6	20	23	45	33	29	7	
295	6	20	5	1	33	29	23	
296	10	14	5	12	4	89	8	
297	6	20	23	7	33	29	7	
298	45	34	66	1	105	44	1	
299	6	20	23	45	33	88	7	
300	10	14	5	44	4	7	51	
301	10	14	4	5	106	7	8	
302	3	18	53	1	62	64	34	
303	10	59	4	3	4	3	8	
304	6	20	21	1	33	29	7	
305	6	3	23	1	33	29	7	
306	4	60	70	41	7	7	63	
307	48	41	41	8	69	7	29	
308	1	1	1	13	110	7	16	
309	50	9	32	50	14	7	4	
310	55	11	16	14	111	2	3	
311	11	43	35	11	51	31	19	
312	3	4	17	8	112	13	34	
313	1	10	1	1	1	90	5	
314	50	8	36	51	113	91	64	
315	45	4	17	1	114	3	34	
316	26	14	71	43	116	92	23	
317	48	46	72	11	95	13	45	
318	45	22	19	19	44	38	48	
319	1	1	1	14	115	1	10	
320	14	51	16	48	15	2	3	
321	28	14	1	1	62	13	1	
322	10	14	4	15	4	7	8	
323	10	14	4	5	78	7	8	
324	10	14	41	5	4	7	8	
325	10	14	58	5	4	7	8	
326	10	14	7	5	4	7	8	
327	32	20	8	5	4	7	8	
328	32	14	4	5	4	7	8	
329	1	1	1	1	31	1	5	
330	10	14	4	5	4	7	16	
331	32	20	21	13	99	7	8	
332	10	14	4	43	4	7	65	
333	72	14	4	5	4	7	8	
334	71	17	58	18	35	58	56	
335	10	14	4	5	117	7	8	
336	10	14	74	5	4	7	8	
337	10	14	4	3	120	3	8	
338	10	14	4	5	4	94	8	
339	10	14	4	27	4	7	67	
340	5	33	7	47	118	93	29	
341	47	60	19	1	119	90	62	
342	10	14	75	5	4	7	8	
343	10	20	73	5	4	7	8	
344	42	14	76	5	4	7	8	
345	10	14	4	5	4	7	66	
346	30	20	7	1	10	41	29	
347	73	14	4	5	4	7	8	
348	47	54	19	1	94	90	62	
349	28	14	13	1	62	13	1	
350	48	46	72	11	95	70	45	
351	6	20	41	40	77	63	43	
352	48	41	41	8	69	60	18	
353	121	83	109	48	101	145	97	
354	40	83	67	48	169	145	97	
355	63	8	58	8	92	58	29	
356	40	83	68	48	169	145	97	
357	11	2	15	8	28	76	3	
358	66	61	60	1	93	86	59	
359	42	57	57	14	62	72	4	
360	68	18	77	7	7	95	34	
361	5	33	7	32	26	21	29	
362	54	16	5	2	3	11	7	
363	16	8	16	48	30	1	3	
364	121	81	109	1	167	145	97	
365	53	74	134	1	214	80	99	
366	6	11	41	7	77	3	43	
367	1	1	1	1	67	1	5	
368	3	4	17	11	54	3	34	
369	1	22	19	19	10	17	2	
370	14	14	4	5	4	7	8	
371	33	11	7	8	7	1	3	
372	20	12	9	14	21	23	19	
373	5	2	15	8	26	61	3	
374	75	62	78	1	121	96	69	
375	76	63	79	1	122	97	70	
376	77	64	80	1	123	98	71	
377	78	65	81	1	124	99	72	
378	79	62	82	1	125	100	73	
379	80	66	83	1	126	101	74	
380	14	7	13	1	136	83	83	
381	14	44	15	1	22	1	84	
382	93	46	72	11	47	45	45	
383	94	18	53	14	137	110	34	
384	18	16	3	52	10	28	12	
385	95	54	12	7	30	13	48	
386	18	6	3	14	10	28	12	
387	1	1	1	14	9	111	5	
388	60	51	16	48	15	1	31	
389	1	1	44	14	61	112	5	
390	55	11	16	14	102	113	3	
391	96	73	16	53	7	45	10	
392	5	9	7	15	47	58	29	
393	42	2	38	41	104	55	10	
394	5	33	7	15	26	13	29	
395	14	51	16	48	15	2	31	
396	10	2	15	8	26	61	3	
397	13	16	5	2	3	11	85	
398	1	1	1	14	89	114	37	
399	7	33	7	48	66	1	29	
400	6	20	41	7	77	71	43	
401	11	2	15	8	28	26	21	
402	17	4	6	1	7	66	11	
403	13	11	5	18	3	11	36	
404	1	1	1	14	49	111	5	
405	13	7	5	2	3	11	7	
406	1	1	23	14	9	14	13	
407	42	2	23	41	7	55	10	
408	1	1	1	1	1	21	5	
409	1	1	1	14	15	111	5	
410	42	57	57	14	7	72	4	
411	14	7	13	30	1	21	1	
412	26	14	4	7	4	7	8	
413	3	9	8	19	14	8	4	
414	16	8	16	16	29	1	3	
415	22	19	11	11	22	42	15	
416	1	1	1	1	67	19	5	
417	5	8	58	14	140	13	29	
418	18	6	7	7	10	27	12	
419	26	2	57	7	31	2	3	
420	11	8	29	7	90	57	8	
421	39	8	35	28	63	28	33	
422	14	7	1	30	1	21	1	
423	1	1	1	14	74	62	37	
424	3	4	17	1	62	3	34	
425	39	8	35	11	65	48	19	
426	7	33	7	1	66	1	29	
427	47	60	19	1	26	90	62	
428	11	1	29	7	90	57	8	
429	1	8	1	14	89	114	37	
430	98	33	7	15	7	58	29	
431	5	33	7	15	142	117	29	
432	1	1	97	1	67	42	5	
433	1	1	1	14	49	116	5	
434	97	36	41	29	141	118	18	
435	5	33	7	15	15	14	29	
436	40	1	1	10	15	1	5	
437	5	17	7	1	47	41	29	
438	17	4	17	1	7	1	11	
439	3	4	1	8	112	13	34	
440	1	1	7	1	1	21	5	
441	1	1	7	1	1	1	5	
442	1	8	7	14	9	14	13	
443	45	34	1	1	85	44	1	
444	45	34	18	1	85	44	1	
445	26	17	35	1	78	57	50	
446	29	7	53	1	45	13	1	
447	14	7	17	7	17	13	17	
448	14	7	1	7	17	13	17	
449	1	1	7	14	9	14	13	
450	1	1	7	14	61	112	5	
451	1	1	1	14	61	112	5	
452	98	33	11	15	7	58	29	
453	98	33	35	15	7	58	29	
454	22	19	19	11	22	19	15	
455	22	19	1	11	22	19	15	
456	22	19	13	11	22	19	15	
457	1	1	17	1	1	19	5	
458	22	19	17	11	22	19	15	
459	3	18	53	15	86	30	23	
460	3	18	53	15	86	71	23	
461	100	74	42	2	144	11	86	
462	100	74	42	2	144	121	86	
463	100	74	42	8	144	121	86	
464	21	19	35	7	145	20	18	
465	1	8	1	14	9	14	10	
466	10	14	99	5	4	7	8	
467	10	75	4	5	4	7	8	
468	101	14	4	5	4	123	8	
469	31	14	4	14	4	7	8	
470	40	3	38	1	35	122	87	
471	30	18	53	2	7	3	34	
472	26	2	15	7	22	38	3	
473	5	33	7	1	71	41	29	
474	3	54	65	1	64	78	48	
475	10	14	98	5	4	7	22	
476	28	14	4	3	4	3	88	
477	3	4	17	1	46	124	34	
478	28	33	7	18	11	125	89	
479	14	8	6	30	1	21	1	
480	14	7	7	30	146	21	1	
481	5	1	1	1	1	2	91	
482	1	24	36	14	45	1	5	
483	50	18	32	1	147	120	48	
484	16	8	16	16	78	13	3	
485	33	8	16	16	78	2	3	
486	26	2	100	7	1	38	3	
487	40	1	1	14	1	59	5	
488	1	1	101	1	149	1	5	
489	45	7	48	9	153	2	92	
490	93	1	35	10	25	126	90	
491	3	1	17	1	112	58	34	
492	1	8	1	14	89	127	37	
493	35	60	7	29	152	71	29	
494	1	1	1	1	148	1	5	
495	103	1	1	12	151	21	5	
496	14	7	1	30	150	21	1	
497	1	1	1	14	1	5	5	
498	14	7	16	30	1	21	1	
499	63	54	102	1	84	31	8	
500	1	1	1	1	146	21	5	
501	14	7	1	30	1	21	5	
502	104	8	16	16	17	2	29	
503	33	8	16	16	17	2	3	
504	1	14	53	1	26	129	41	
505	29	45	13	56	45	13	1	
506	102	12	1	11	154	130	10	
507	94	14	53	18	137	128	34	
508	1	1	1	14	115	1	5	
509	50	8	35	7	26	45	32	
510	4	76	7	19	62	39	41	
511	100	74	103	1	155	55	86	
512	6	20	7	18	1	39	43	
513	93	41	41	8	69	60	29	
514	30	2	15	7	22	11	3	
515	105	77	53	7	7	131	34	
516	31	14	4	19	4	7	8	
517	1	1	1	14	45	38	5	
518	5	35	57	14	28	14	9	
519	26	1	46	1	79	64	23	
520	3	18	53	15	47	14	23	
521	14	1	1	1	1	1	5	
522	6	20	7	12	141	39	43	
523	11	2	15	8	15	61	3	
524	42	9	8	2	7	8	4	
525	28	18	1	1	62	13	1	
526	1	4	1	1	67	42	5	
527	3	18	53	18	156	3	48	
528	18	6	3	7	24	28	93	
529	108	16	5	18	3	135	7	
530	42	8	58	4	157	133	29	
531	93	46	72	11	95	70	45	
532	26	11	104	7	62	5	42	
533	45	34	34	1	85	44	1	
534	42	4	17	2	7	1	11	
535	42	4	17	1	7	12	11	
536	30	1	22	36	51	31	29	
537	30	1	22	36	51	13	29	
538	10	2	16	57	26	61	3	
539	5	8	7	15	22	77	29	
540	63	78	105	7	20	134	94	
541	106	1	71	54	46	132	29	
542	107	20	7	10	158	92	29	
543	3	18	53	1	7	12	10	
544	5	33	7	15	22	1	29	
545	18	6	3	52	10	28	12	
546	5	33	7	32	26	136	29	
547	10	14	7	7	4	7	8	
548	42	9	8	1	26	137	4	
549	42	9	8	1	26	130	4	
550	42	9	8	2	159	8	4	
551	17	4	17	1	7	137	11	
552	42	8	58	4	160	133	29	
553	42	2	22	2	30	8	4	
554	95	3	22	15	161	138	11	
555	63	33	7	15	105	38	29	
556	14	51	16	48	29	2	31	
557	13	16	5	2	30	11	7	
558	38	36	41	7	72	46	18	
559	50	79	36	10	162	139	95	
560	21	15	106	7	163	1	41	
561	10	14	4	5	164	7	8	
562	10	14	19	5	4	7	28	
563	109	14	4	5	4	7	8	
564	10	14	56	5	4	7	28	
565	39	8	35	11	165	48	19	
566	93	41	41	8	69	48	29	
567	105	18	53	14	7	3	34	
568	3	9	8	4	26	8	4	
569	110	8	38	4	78	140	28	
570	10	60	4	5	7	7	22	
571	22	60	21	5	4	7	8	
572	10	20	21	5	4	7	22	
573	7	33	42	8	66	1	29	
574	6	43	7	7	77	13	43	
575	95	54	12	1	30	13	48	
576	13	16	5	18	3	11	36	
577	95	2	15	8	30	61	3	
578	3	9	8	2	86	8	8	
579	115	7	13	7	17	13	17	
580	52	1	1	14	62	62	37	
581	22	19	72	1	22	19	15	
582	1	80	1	1	1	13	5	
583	23	3	38	1	166	138	21	
584	5	33	7	1	26	41	29	
585	6	46	107	15	77	122	43	
586	116	1	1	13	17	25	16	
587	117	9	8	2	62	8	4	
588	35	33	7	15	141	71	29	
589	107	20	7	12	26	92	29	
590	37	35	57	14	26	14	5	
591	3	43	52	7	78	28	18	
592	28	33	7	18	11	141	89	
593	118	8	16	14	7	1	3	
594	3	43	52	7	78	28	96	
595	22	19	1	1	1	58	15	
596	1	1	16	14	89	2	1	
597	11	33	7	1	7	41	29	
598	22	4	11	11	22	19	15	
599	42	2	23	43	7	55	10	
600	1	1	1	10	15	1	5	
601	5	33	7	1	112	41	29	
602	5	2	7	1	26	41	29	
603	14	7	16	30	46	21	1	
604	1	8	8	16	1	2	3	
605	118	8	1	1	7	1	3	
606	1	1	1	1	86	14	23	
607	28	33	12	30	11	125	48	
608	93	41	41	8	69	51	98	
609	42	9	8	13	62	8	4	
610	14	8	13	7	17	13	17	
611	53	83	110	1	111	121	99	
612	23	84	111	1	161	7	100	
613	14	5	16	48	29	2	31	
614	1	1	1	8	9	14	13	
615	121	83	109	16	169	145	97	
616	10	14	4	5	1	7	22	
617	10	14	4	5	7	7	22	
618	123	18	1	2	62	49	34	
619	111	18	53	2	7	3	34	
620	113	18	16	47	62	8	34	
621	18	6	3	15	10	28	12	
622	122	86	5	1	62	146	19	
623	14	7	16	1	46	21	1	
624	1	1	1	59	13	25	16	
625	111	86	111	1	170	146	101	
626	111	86	111	1	62	146	101	
627	112	86	16	47	7	8	101	
628	23	18	5	1	62	49	101	
629	123	18	5	1	62	49	101	
630	42	33	7	1	26	41	29	
631	1	14	1	14	9	14	13	
632	1	1	1	14	74	13	37	
633	33	8	16	16	17	142	29	
634	4	15	7	14	78	90	41	
635	31	14	4	5	172	7	8	
636	5	8	58	60	91	13	29	
637	10	14	5	7	4	12	8	
638	124	8	16	16	69	2	3	
639	39	8	35	11	30	48	19	
640	93	46	72	11	95	13	45	
641	10	14	4	7	4	7	8	
642	94	87	41	18	173	74	34	
643	18	8	3	14	10	28	12	
644	1	8	1	14	174	14	13	
645	44	2	112	37	17	2	3	
646	42	2	16	37	17	2	3	
647	125	3	1	1	166	2	5	
648	1	1	35	14	115	1	5	
649	10	14	4	5	171	7	28	
650	10	14	4	61	4	7	28	
651	31	14	4	38	4	7	8	
652	6	43	7	7	77	71	43	
653	1	1	1	14	15	1	37	
654	1	1	1	13	35	25	16	
655	126	14	4	5	4	7	8	
656	10	14	4	66	4	7	8	
657	35	20	36	1	51	49	31	
658	10	14	4	65	4	7	8	
659	10	14	4	14	4	2	8	
660	10	14	4	64	4	7	102	
661	10	14	4	64	4	7	8	
662	10	14	4	67	4	7	8	
663	10	14	4	5	176	7	8	
664	10	14	4	5	177	7	8	
665	10	14	4	8	4	7	8	
666	10	14	4	13	4	7	8	
667	10	14	4	63	4	7	8	
668	42	2	22	18	71	40	4	
669	7	33	7	13	7	1	29	
670	42	2	7	41	17	14	10	
671	17	4	71	62	7	148	11	
672	7	33	7	13	17	1	29	
673	33	2	15	8	26	61	3	
674	5	33	7	32	26	38	29	
675	5	33	34	5	77	8	3	
676	93	46	72	2	175	147	45	
677	10	18	22	5	4	7	22	
678	10	31	4	5	4	7	8	
679	10	14	22	5	4	7	8	
680	33	8	108	16	17	142	29	
681	1	8	1	14	15	1	37	
682	1	1	1	15	15	1	37	
683	93	41	41	8	69	60	98	
684	7	33	42	7	66	1	29	
685	11	8	47	7	17	61	41	
686	7	3	42	1	66	1	29	
687	10	2	15	8	26	13	3	
688	8	1	14	4	17	4	14	
689	7	11	10	48	6	8	1	
690	5	8	58	14	26	13	29	
691	17	4	17	70	7	12	11	
692	3	4	17	11	112	3	48	
693	3	18	53	15	86	44	23	
694	1	24	1	18	15	1	5	
695	131	2	15	8	26	61	3	
696	6	20	41	40	26	63	43	
697	1	1	10	14	186	1	5	
698	22	19	11	74	22	19	15	
699	114	5	38	73	15	158	106	
700	114	1	38	73	15	158	106	
701	1	56	1	14	9	14	13	
702	4	3	34	7	185	60	43	
703	1	11	1	18	15	1	5	
704	18	6	3	7	10	159	12	
705	39	8	35	1	10	160	19	
706	95	54	58	72	161	55	48	
707	93	41	41	8	69	161	98	
708	35	14	22	5	4	7	22	
709	10	14	4	5	188	7	8	
710	41	14	22	5	4	7	22	
711	1	3	38	1	189	1	21	
712	63	54	102	1	17	31	10	
713	110	8	38	75	78	140	28	
714	17	4	32	41	7	12	11	
715	4	15	7	19	62	39	41	
716	105	18	53	2	76	152	34	
717	5	1	7	32	26	41	29	
718	39	8	35	11	47	48	19	
719	8	14	4	9	4	7	8	
720	127	54	16	1	178	55	21	
721	31	14	4	9	4	7	8	
722	10	14	4	54	4	7	11	
723	26	20	36	1	21	49	64	
724	10	20	21	5	4	7	8	
725	22	6	11	12	58	18	22	
726	22	6	11	12	58	18	11	
727	128	88	113	54	9	149	107	
728	6	20	114	1	33	29	7	
729	10	14	115	54	4	7	11	
730	10	14	4	43	4	7	8	
731	6	11	51	1	33	65	7	
732	10	14	5	7	187	7	8	
733	6	11	51	15	80	65	103	
734	26	89	32	14	179	150	21	
735	1	1	1	35	15	64	38	
736	10	14	58	5	4	7	22	
737	45	45	7	66	85	151	43	
738	6	20	38	1	33	29	7	
739	69	6	3	68	10	28	37	
740	3	9	8	7	14	8	4	
741	10	14	116	27	4	7	43	
742	40	2	57	69	180	152	104	
743	18	90	117	7	10	153	105	
744	10	19	21	5	4	7	8	
745	63	50	22	15	30	9	3	
746	105	18	53	2	7	3	34	
747	22	19	11	11	35	18	5	
748	22	19	11	11	35	18	15	
749	10	10	5	7	4	7	8	
750	10	14	5	11	35	7	8	
751	26	14	121	27	78	55	21	
752	18	6	3	7	10	28	8	
753	63	3	57	1	30	122	10	
754	10	14	121	5	7	7	8	
755	26	60	121	27	78	55	21	
756	18	6	3	15	24	28	19	
757	26	87	16	1	181	55	35	
758	10	1	118	5	4	69	35	
759	129	91	119	54	4	84	57	
760	23	3	5	1	11	66	21	
761	6	42	43	9	182	154	21	
762	63	54	102	1	175	31	4	
763	35	25	38	53	62	40	4	
764	1	1	1	70	15	21	5	
765	6	20	7	18	7	39	43	
766	53	74	109	70	111	155	86	
767	30	33	12	7	183	156	83	
768	37	11	32	18	22	156	48	
769	130	92	121	71	62	55	21	
770	63	54	57	72	17	157	10	
771	1	1	1	1	184	1	5	
772	7	11	120	14	6	16	9	
773	18	57	3	27	24	28	19	
774	18	6	3	27	24	28	19	
775	21	12	122	7	19	24	19	
776	5	33	7	15	87	130	29	
777	1	1	44	14	61	112	29	
778	5	33	7	15	47	58	15	
779	22	19	123	3	22	19	57	
780	93	46	72	11	95	70	5	
781	132	1	38	48	60	44	13	
782	1	1	1	14	9	14	4	
783	95	54	12	54	30	13	48	
784	45	4	17	1	114	3	24	
785	55	11	16	76	89	113	3	
786	1	1	1	13	13	25	5	
787	3	18	53	2	46	163	29	
788	3	18	53	2	86	163	23	
789	3	18	53	2	86	164	23	
790	4	15	124	8	191	63	41	
791	4	15	124	8	26	63	41	
792	42	9	12	2	46	8	23	
793	45	45	1	77	190	58	92	
794	45	93	48	78	25	83	2	
795	45	93	48	78	25	83	92	
796	45	45	1	15	190	58	92	
797	69	54	8	47	80	122	61	
798	134	33	7	7	11	162	48	
799	134	33	7	7	11	163	48	
800	134	33	7	7	11	125	48	
801	134	33	7	7	190	163	48	
802	63	32	7	79	46	74	29	
803	18	6	3	43	10	28	12	
804	35	20	36	1	192	40	31	
805	39	8	35	11	45	48	19	
806	39	8	35	41	65	48	19	
807	23	33	7	1	26	41	29	
808	1	14	1	5	15	7	8	
809	10	14	10	41	79	166	10	
810	45	34	34	1	51	44	1	
811	70	25	1	15	10	167	19	
812	3	18	53	15	179	44	23	
813	10	14	4	70	4	7	8	
814	135	43	52	7	78	28	39	
815	8	27	27	14	37	15	24	
816	10	74	125	5	12	87	60	
817	3	18	53	2	86	130	23	
818	1	1	1	14	89	123	37	
819	14	8	16	16	17	2	3	
820	71	57	46	36	193	168	3	
821	6	6	43	5	194	52	10	
822	1	1	44	14	61	45	5	
823	136	79	126	9	10	139	95	
824	105	18	53	2	30	3	34	
825	1	1	44	30	61	112	5	
826	3	9	8	13	14	8	109	
827	14	8	16	11	17	2	31	
828	5	1	1	80	1	2	5	
829	28	1	13	1	62	13	1	
830	23	3	5	1	64	66	21	
831	22	19	11	82	22	19	15	
832	51	36	1	81	158	38	18	
833	13	16	5	2	3	11	110	
834	55	11	16	14	89	113	3	
835	42	2	22	18	71	8	4	
836	1	11	18	18	62	1	5	
837	47	60	19	14	119	21	62	
838	40	3	38	1	35	122	21	
839	1	1	1	35	15	1	5	
840	63	33	7	1	26	41	29	
841	51	36	36	29	1	50	18	
842	23	3	38	1	166	38	21	
843	1	80	128	1	1	13	5	
844	14	51	16	1	29	2	31	
845	138	94	127	14	196	169	111	
846	1	24	18	14	27	1	5	
847	26	2	15	7	22	170	3	
848	50	8	36	51	113	171	64	
849	5	33	7	1	197	172	29	
850	18	6	3	16	10	28	12	
851	1	7	1	13	13	25	16	
852	44	36	52	7	78	28	83	
853	38	36	36	11	56	12	11	
854	18	6	3	18	10	28	5	
855	14	7	13	1	1	21	112	
856	3	9	19	4	14	8	4	
857	16	4	17	1	7	12	11	
858	20	12	9	14	21	3	34	
859	14	43	35	11	22	31	5	
860	1	1	121	1	1	1	5	
861	42	57	12	81	7	130	4	
862	139	95	23	83	99	40	4	
863	5	33	7	73	78	173	113	
864	22	19	11	11	22	19	3	
865	23	3	5	1	166	8	21	
866	1	1	1	54	1	2	5	
867	5	15	12	8	10	174	29	
868	40	57	22	43	7	70	4	
869	18	6	3	18	10	28	101	
870	3	18	53	15	7	14	23	
871	5	33	130	73	199	58	113	
872	60	8	129	54	198	133	29	
873	42	8	58	4	116	133	29	
874	140	45	48	18	89	62	37	
875	140	45	48	18	200	58	43	
876	42	60	12	18	7	70	4	
877	1	1	1	1	15	78	3	
878	124	8	16	16	31	2	3	
879	4	86	70	84	7	7	63	
880	1	7	1	15	16	4	1	
881	11	33	7	15	142	2	29	
882	141	2	15	8	26	61	3	
883	45	33	7	15	11	14	29	
884	1	37	1	14	22	14	13	
885	5	34	7	15	47	77	29	
886	4	15	7	41	62	175	41	
887	16	21	14	16	22	14	3	
888	42	9	8	85	76	8	114	
889	142	26	53	86	21	3	42	
890	143	22	5	19	201	58	2	
891	45	45	48	9	84	58	115	
892	35	33	7	15	202	71	29	
893	144	43	131	11	45	13	45	
894	60	14	129	7	198	14	116	
895	144	43	131	11	45	172	45	
896	5	33	7	15	142	1	29	
897	95	54	19	72	161	55	48	
898	1	96	1	14	9	14	13	
899	16	8	16	16	22	1	3	
900	1	8	1	14	15	14	13	
901	44	97	16	37	17	2	3	
902	5	33	7	1	203	41	29	
903	145	2	132	9	22	176	10	
904	7	4	17	1	7	12	11	
905	3	18	53	2	86	177	23	
906	38	36	41	7	72	178	18	
907	146	8	35	11	65	48	19	
908	45	34	34	1	52	44	1	
909	122	43	120	7	202	180	117	
910	42	26	8	86	21	181	48	
911	147	99	133	14	204	179	118	
912	63	98	22	15	62	40	3	
913	6	20	23	41	33	29	7	
914	1	1	1	14	89	127	37	
915	3	2	53	2	7	8	10	
916	63	57	52	7	26	130	21	
917	14	7	1	15	10	4	1	
918	5	33	7	73	205	182	29	
919	6	100	121	5	206	130	19	
920	40	57	22	43	7	70	119	
921	148	3	58	1	207	2	56	
922	3	18	53	15	86	62	23	
923	13	101	5	2	3	11	7	
924	1	1	1	35	15	53	120	
925	37	35	57	8	7	183	13	
926	149	1	1	1	1	1	4	
927	6	20	7	66	202	184	43	
928	16	8	106	16	29	1	3	
929	13	16	5	2	30	11	121	
930	11	33	7	15	142	117	29	
931	35	33	7	15	46	71	29	
932	5	14	7	8	62	156	29	
933	5	33	7	11	22	66	21	
934	51	36	26	29	64	50	18	
935	39	8	35	4	65	48	19	
936	3	18	53	15	86	6	23	
937	39	8	35	43	65	4	19	
938	23	3	5	70	1	66	21	
939	5	8	58	14	111	13	29	
940	35	20	36	1	51	40	31	
941	6	42	43	9	78	52	35	
942	113	33	7	1	10	41	29	
943	1	102	19	19	10	185	2	
944	39	6	3	22	10	28	12	
945	105	18	53	2	208	3	34	
946	151	77	53	8	210	2	34	
947	152	103	109	7	167	145	97	
948	4	15	106	87	178	189	41	
949	70	25	1	15	10	167	123	
950	1	1	44	14	10	21	5	
951	14	1	16	37	170	187	3	
952	1	3	38	1	15	188	21	
953	153	11	18	18	62	1	5	
954	154	20	23	1	33	29	7	
955	155	1	1	1	1	2	5	
956	3	77	53	2	7	189	34	
957	127	14	136	43	62	14	89	
958	1	1	137	13	13	25	16	
959	33	8	3	16	17	190	3	
960	1	104	1	1	1	1	5	
961	40	3	38	1	15	183	21	
962	42	2	17	18	71	8	4	
963	1	3	1	1	31	2	5	
964	3	9	8	4	64	8	4	
965	1	1	13	13	13	25	16	
966	18	6	7	7	10	28	12	
967	22	19	138	11	22	19	15	
968	22	19	11	43	35	18	15	
969	18	6	139	7	10	28	12	
970	32	6	26	7	10	28	12	
971	10	20	21	5	4	191	8	
972	99	6	35	54	78	192	124	
973	22	19	140	11	22	19	15	
974	1	1	1	1	73	42	5	
975	22	19	11	88	22	19	15	
976	1	1	1	13	13	2	16	
977	26	2	15	7	22	1	3	
978	10	14	4	5	211	7	20	
979	121	103	109	7	212	145	97	
980	22	19	11	11	213	19	15	
981	18	24	3	7	10	28	12	
982	68	43	38	16	95	165	18	
983	51	36	1	7	158	38	18	
984	26	2	15	7	22	57	3	
985	105	18	135	2	208	3	34	
986	35	1	22	36	7	58	29	
987	156	19	11	88	22	19	15	
988	14	7	16	1	214	21	1	
989	6	20	41	40	22	63	43	
990	42	2	23	41	7	55	21	
991	63	50	22	15	10	40	3	
992	47	60	19	1	94	90	62	
993	3	18	53	15	86	14	3	
994	17	4	17	1	7	2	3	
995	95	3	22	15	161	138	21	
996	37	35	57	14	26	14	9	
997	60	51	107	48	15	2	31	
998	11	43	35	11	51	14	19	
999	6	20	16	15	77	8	43	
1000	3	54	65	1	88	78	48	
1001	50	12	32	89	215	130	125	
1002	33	8	1	16	49	2	3	
1003	68	43	55	11	216	58	18	
1004	5	8	35	14	91	13	29	
1005	69	54	8	47	80	1	12	
1006	5	33	7	15	45	90	48	
1007	3	2	15	8	26	61	3	
1008	3	54	65	26	64	78	48	
1009	40	8	29	14	1	59	8	
1010	5	33	7	15	26	14	29	
1011	71	17	18	18	35	39	56	
1012	35	25	16	53	7	40	10	
1013	5	33	7	15	45	58	48	
1014	107	20	7	12	26	13	29	
1015	98	33	7	15	7	14	29	
1016	3	18	53	7	86	14	23	
1017	1	1	1	14	9	7	13	
1018	42	2	7	41	84	14	10	
1019	5	8	58	14	66	13	29	
1020	16	21	14	16	89	14	3	
1021	7	11	6	5	7	16	10	
1022	11	7	7	1	7	41	29	
1023	26	2	15	7	62	56	3	
1024	40	3	38	1	69	40	21	
1025	6	20	107	15	77	8	43	
1026	5	2	3	1	26	41	29	
1027	45	34	66	1	85	55	31	
1028	71	18	53	18	11	118	34	
1029	40	3	38	18	35	40	21	
1030	23	3	5	1	166	66	21	
1031	105	18	53	14	11	3	34	
1032	52	1	1	14	15	1	5	
1033	5	2	7	1	26	46	29	
1034	125	1	1	1	1	2	5	
1035	13	16	5	90	3	11	7	
1036	6	20	7	7	7	39	43	
1037	11	2	15	8	220	26	3	
1038	37	35	37	14	7	14	9	
1039	40	33	7	1	26	41	29	
1040	63	8	58	14	92	58	29	
1041	47	5	141	14	26	54	42	
1042	5	33	7	11	217	66	21	
1043	50	12	32	50	147	193	125	
1044	1	6	142	1	1	83	5	
1045	11	2	15	8	28	194	3	
1046	95	43	31	33	47	195	18	
1047	157	50	22	15	30	3	3	
1048	6	20	107	15	77	196	43	
1049	5	33	7	18	62	197	29	
1050	4	15	106	87	178	186	41	
1051	1	1	1	14	218	1	5	
1052	63	102	19	19	10	185	2	
1053	5	33	143	15	26	198	29	
1054	3	18	53	15	86	199	23	
1055	23	3	5	1	166	200	21	
1056	5	9	7	15	26	201	29	
1057	37	41	57	8	69	183	29	
1058	33	8	16	91	161	13	3	
1059	50	8	32	11	186	130	125	
1060	135	105	52	7	78	202	96	
1061	40	3	38	1	15	203	21	
1062	42	9	8	1	219	8	4	
1063	63	106	144	4	46	204	117	
1064	50	79	36	10	162	205	48	
1065	4	15	7	14	78	206	41	
1066	1	1	1	38	151	207	5	
1067	39	8	35	11	65	60	19	
1068	50	12	145	4	22	118	18	
1069	14	107	1	1	22	1	5	
1070	26	8	46	1	79	64	23	
1071	10	14	4	5	4	208	8	
1072	14	7	13	7	17	13	29	
1073	55	11	16	14	102	14	3	
1074	158	43	146	11	10	198	96	
1075	26	2	15	7	22	62	3	
1076	33	8	16	16	17	190	3	
1077	39	8	35	11	65	48	12	
1078	1	1	11	14	10	21	5	
1079	3	15	124	13	26	63	41	
1080	3	15	124	13	26	163	41	
1081	3	18	1	2	86	163	23	
1082	3	18	7	2	86	163	23	
1083	3	18	53	2	30	163	23	
1084	3	18	53	2	86	21	23	
1085	3	18	53	2	86	74	23	
1086	3	18	53	2	190	163	23	
1087	3	18	53	8	86	163	23	
1088	3	18	53	29	222	63	23	
1089	3	18	53	92	86	163	23	
1090	3	18	124	2	10	63	23	
1091	4	15	53	8	26	163	41	
1092	4	15	53	8	190	8	41	
1093	4	15	53	8	190	63	41	
1094	32	109	75	93	76	209	126	
1095	42	9	12	2	7	8	23	
1096	42	32	12	2	7	74	23	
1097	42	32	12	2	46	63	23	
1098	45	45	1	77	190	14	92	
1099	45	45	1	77	221	58	92	
1100	45	93	1	78	25	83	92	
1101	45	93	8	78	25	83	92	
1102	45	93	48	78	25	63	92	
1103	45	93	48	78	224	83	92	
1104	63	32	7	79	11	163	29	
1105	63	32	7	79	46	163	29	
1106	63	108	7	77	17	63	29	
1107	63	108	7	77	17	74	29	
1108	63	108	7	77	86	74	29	
1109	134	9	12	2	7	8	23	
1110	134	33	7	2	223	125	48	
1111	134	33	7	7	7	163	48	
1112	159	14	120	36	46	124	89	
1113	16	1	1	14	70	1	37	
1114	16	1	1	1	67	1	8	
1115	33	8	8	16	1	2	8	
1116	16	21	14	16	89	14	8	
1117	33	8	16	16	49	2	8	
1118	16	8	16	16	30	1	8	
1119	11	2	15	16	28	2	8	
1120	33	8	16	16	17	2	8	
1121	33	8	16	16	225	2	3	
1122	70	25	15	16	10	167	8	
1123	70	25	1	16	10	167	123	
1124	22	19	11	11	22	7	15	
1125	19	19	11	11	22	19	15	
1126	22	19	11	11	46	19	15	
1127	22	14	11	11	22	19	15	
1128	11	2	15	8	28	1	3	
1129	6	20	7	94	226	39	43	
1130	131	2	15	8	26	39	3	
1131	68	43	38	7	77	165	18	
1132	1	43	38	7	77	165	37	
1133	6	43	7	7	77	55	43	
1134	5	33	7	10	202	10	29	
1135	70	25	9	7	10	167	123	
1136	3	9	8	4	14	210	4	
1137	1	14	1	1	1	90	5	
1138	33	8	16	95	49	2	3	
1139	4	17	4	5	2	9	6	
1140	30	1	7	36	22	58	29	
1141	14	7	13	7	17	7	17	
1142	22	19	11	11	22	19	13	
1143	69	54	130	7	80	82	61	
1144	136	79	126	1	10	28	95	
1145	37	35	57	14	202	183	13	
1146	1	11	18	18	10	28	5	
1147	4	110	71	4	7	57	35	
1148	63	54	102	7	11	31	10	
1149	10	111	4	5	4	7	8	
1150	1	1	1	1	227	1	5	
1151	14	8	13	14	17	13	29	
1152	5	7	58	7	71	13	17	
1153	1	1	16	14	9	14	13	
1154	22	19	11	11	22	211	15	
1155	1	1	1	13	95	25	16	
1156	22	6	126	12	58	212	15	
1157	10	14	18	5	4	7	8	
1158	5	8	58	14	91	13	127	
1159	45	112	111	5	62	126	23	
1160	99	6	35	54	78	213	124	
1161	105	18	147	2	228	3	34	
1162	50	12	32	50	147	49	125	
1163	50	11	1	14	15	1	5	
1164	42	2	33	41	104	55	10	
1165	1	1	1	14	89	2	37	
1166	45	45	48	7	11	125	92	
1167	45	34	66	1	85	55	1	
1168	29	7	13	7	45	13	1	
1169	35	33	7	66	154	8	29	
1170	3	4	17	1	58	3	34	
1171	1	107	1	1	22	1	5	
1172	28	20	41	8	181	77	43	
1173	44	2	15	8	26	61	3	
1174	68	12	32	50	147	183	125	
1175	5	33	7	73	205	1	29	
1176	160	1	1	14	15	1	5	
1177	124	113	16	16	69	2	3	
1178	1	22	148	19	10	216	2	
1179	42	2	149	41	30	55	10	
1180	30	33	7	36	229	45	29	
1181	23	3	5	1	230	66	21	
1182	3	18	53	15	231	14	23	
1183	26	57	121	14	77	214	23	
1184	145	2	132	9	141	215	10	
1185	17	4	17	1	76	12	128	
1186	161	43	70	20	62	217	129	
1187	1	1	101	1	232	38	5	
1188	22	19	11	11	22	19	131	
1189	50	41	32	50	147	82	29	
1190	40	3	38	1	15	70	21	
1191	39	8	35	1	63	160	19	
1192	47	5	141	14	77	54	42	
1193	1	1	1	13	13	1	16	
1194	5	2	7	1	10	41	29	
1195	5	41	41	8	69	60	29	
1196	10	2	15	8	30	61	3	
1197	14	51	16	48	15	2	42	
1198	17	18	53	7	112	3	34	
1199	1	114	1	14	22	14	13	
1200	162	2	15	8	26	61	3	
1201	5	1	1	1	1	2	130	
1202	131	2	15	8	141	61	3	
1203	14	7	13	15	81	13	1	
1204	10	2	15	8	28	61	3	
1205	1	102	19	19	8	185	2	
1206	5	1	1	1	233	2	5	
1207	44	1	52	7	78	28	98	
1208	18	14	3	11	10	28	12	
1209	40	18	53	15	86	14	23	
1210	10	14	4	18	4	7	8	
1211	1	1	1	14	89	1	37	
1212	1	3	1	1	31	14	5	
1213	1	3	1	1	15	78	5	
1214	25	1	1	1	190	58	5	
1215	165	78	105	7	20	134	94	
1216	35	1	22	36	7	1	29	
1217	42	2	38	41	7	55	10	
1218	33	8	16	16	17	2	127	
1219	113	33	7	1	210	41	29	
1220	5	33	7	15	26	1	29	
1221	63	32	7	18	46	74	29	
1222	33	117	16	16	17	142	29	
1223	95	54	58	72	7	55	48	
1224	42	9	8	2	158	8	4	
1225	1	24	18	18	234	1	5	
1226	167	1	1	35	15	53	38	
1227	44	35	16	37	17	2	3	
1228	14	7	13	7	17	218	17	
1229	69	119	10	36	79	82	56	
1230	14	7	13	7	17	13	132	
1231	10	14	4	5	4	7	133	
1232	26	2	15	16	22	38	3	
1233	1	11	22	18	62	1	5	
1234	3	18	53	2	7	1	10	
1235	168	1	1	14	15	1	5	
1236	1	1	1	13	180	25	16	
1237	18	6	3	96	10	28	12	
1238	35	33	7	15	154	71	29	
1239	14	7	150	7	17	13	17	
1240	1	1	44	97	61	219	5	
1241	23	33	7	1	235	41	29	
1242	16	8	16	16	78	1	3	
1243	23	3	151	1	11	66	21	
1244	39	8	35	11	22	48	19	
1245	45	45	107	9	26	58	18	
1246	60	51	1	48	15	1	31	
1247	169	9	8	2	14	8	4	
1248	52	1	1	14	16	62	37	
1249	5	33	7	15	142	62	29	
1250	33	11	16	14	102	113	3	
1251	10	7	58	72	47	13	48	
1252	50	12	32	54	147	1	125	
1253	63	32	7	18	46	1	29	
1254	63	50	22	15	30	1	3	
1255	14	7	13	7	17	14	17	
1256	60	51	16	48	15	14	37	
1257	1	115	71	1	31	1	5	
1258	33	33	22	15	51	14	3	
1259	14	3	154	14	238	14	21	
1260	52	1	156	14	15	1	3	
1261	173	33	7	101	11	1	31	
1262	170	50	152	15	30	1	31	
1263	28	33	7	1	236	1	48	
1264	170	50	155	15	30	14	134	
1265	33	1	22	100	51	14	125	
1266	5	115	7	15	237	1	29	
1267	1	122	1	14	9	14	31	
1268	33	8	155	14	239	14	134	
1269	174	121	1	14	240	1	8	
1270	174	121	8	14	240	1	8	
1271	1	8	1	98	70	1	37	
1272	10	121	4	3	4	1	8	
1273	3	4	19	1	86	3	34	
1274	44	43	52	7	78	28	98	
1275	175	1	156	102	13	1	135	
1276	171	33	153	99	238	1	29	
1277	172	120	8	2	14	14	136	
1278	171	33	1	99	238	14	31	
1279	171	33	4	99	238	14	31	
1280	1	22	19	19	45	215	2	
1281	16	8	16	14	70	1	3	
1282	33	8	16	16	111	2	29	
1283	132	25	21	103	78	220	18	
1284	19	22	11	11	22	19	15	
1285	40	33	12	8	95	221	4	
1286	1	123	16	16	30	1	3	
1287	3	18	144	2	86	55	23	
1288	5	15	7	1	7	5	11	
1289	14	51	16	48	49	2	31	
1290	13	16	5	104	3	11	7	
1291	5	124	7	15	142	1	29	
1292	176	83	157	14	241	145	137	
1293	5	51	7	15	15	1	29	
1294	6	20	107	15	22	57	43	
1295	98	33	7	105	7	14	29	
1296	26	1	46	1	79	2	23	
1297	50	35	41	1	104	126	90	
1298	1	1	1	14	9	19	13	
1299	22	19	1	11	22	26	15	
1300	1	1	18	13	13	25	16	
1301	1	11	1	18	62	1	5	
1302	1	11	15	18	62	1	5	
1303	14	7	11	30	1	21	1	
1304	17	4	1	1	7	1	11	
1305	14	11	13	7	17	13	17	
1306	1	1	13	14	45	14	21	
1307	14	7	13	1	17	13	17	
1308	17	4	17	7	7	13	17	
1309	11	2	15	1	28	26	3	
1310	3	9	18	4	14	8	4	
1311	11	2	18	8	28	25	3	
1312	14	9	13	7	17	13	17	
1313	1	1	1	7	17	53	38	
1314	121	81	109	48	167	145	97	
1315	1	1	1	1	15	1	5	
1316	14	51	16	48	29	4	31	
1317	177	8	126	7	105	222	138	
1318	1	1	1	14	15	1	13	
1319	178	6	35	54	78	213	124	
1320	1	2	15	7	22	38	3	
1321	3	18	53	15	86	223	23	
1322	11	2	15	8	144	26	3	
1323	130	3	70	7	10	3	18	
1324	14	7	13	15	81	224	1	
1325	22	19	11	11	242	19	15	
1326	3	77	53	14	72	8	34	
1327	152	103	109	7	74	145	97	
1328	120	1	109	10	74	144	97	
1329	121	82	109	14	167	145	97	
1330	18	6	3	7	32	28	12	
1331	121	82	109	1	167	145	97	
1332	52	1	1	14	15	21	5	
1333	120	1	109	1	74	144	97	
1334	6	43	7	7	77	14	43	
1335	121	83	109	48	169	145	97	
1336	18	6	3	1	10	225	12	
1337	1	24	18	14	55	1	139	
1338	11	6	3	7	10	28	12	
1339	179	81	16	58	167	143	97	
1340	61	8	18	11	17	2	3	
1341	1	1	54	106	98	1	5	
1342	99	6	35	54	143	119	124	
1343	5	33	106	15	87	58	29	
1344	10	14	4	5	11	7	8	
1345	10	14	5	7	4	89	8	
1346	10	14	5	5	4	7	8	
1347	52	14	4	5	4	7	8	
1348	13	16	21	2	3	11	7	
1349	10	14	4	11	4	3	8	
1350	3	4	17	16	22	3	34	
1351	10	6	3	10	10	28	14	
1352	13	16	158	2	3	11	89	
1353	5	54	71	1	243	31	10	
1354	10	14	4	110	4	7	8	
1355	44	2	16	108	17	2	3	
1356	10	14	4	109	10	7	126	
1357	127	14	136	2	62	226	89	
1358	10	14	4	5	244	7	8	
1359	10	14	4	111	4	7	8	
1360	180	3	38	1	35	3	21	
1361	10	14	4	107	4	7	8	
1362	14	7	53	15	17	13	1	
1363	1	20	159	112	245	214	115	
1364	31	1	1	5	4	7	8	
1365	44	2	16	14	17	2	3	
1366	16	8	160	37	10	1	3	
1367	1	8	1	48	9	14	13	
1368	11	100	121	5	51	130	19	
1369	71	17	58	18	35	39	56	
1370	7	33	7	13	246	1	29	
1371	1	1	1	1	61	1	5	
1372	181	125	161	18	247	227	21	
1373	121	83	109	48	169	21	97	
1374	121	83	1	48	248	21	97	
1375	182	83	162	30	111	228	140	
1376	177	8	126	7	249	222	138	
1377	26	11	104	7	217	5	42	
1378	6	43	7	7	77	21	43	
1379	5	33	7	1	7	41	29	
1380	11	33	7	1	85	41	29	
1381	33	8	163	16	49	2	3	
1382	50	12	32	50	147	82	125	
1383	148	8	38	78	200	2	56	
1384	5	14	7	8	62	26	29	
1385	68	14	57	7	26	38	115	
1386	4	15	53	14	78	216	41	
1387	6	42	132	9	182	52	35	
1388	63	57	131	13	112	12	21	
1389	35	18	53	2	141	1	34	
1390	28	33	7	1	11	125	48	
1391	42	9	8	2	149	8	4	
1392	1	8	29	1	57	25	8	
1393	16	51	14	48	15	4	31	
1394	5	33	7	73	199	173	113	
1395	130	33	107	55	201	39	29	
1396	102	18	57	7	30	130	117	
1397	33	8	16	16	17	1	29	
1398	22	8	102	30	30	31	18	
1399	1	1	1	1	111	1	5	
1400	161	43	70	20	62	82	129	
1401	50	35	41	7	76	126	90	
1402	113	89	16	47	203	8	1	
1403	3	102	21	1	72	1	110	
1404	17	4	17	1	30	12	11	
1405	93	8	35	11	65	48	19	
1406	147	56	133	30	109	169	57	
1407	145	33	7	18	10	125	89	
1408	3	18	53	15	86	14	21	
1409	5	33	7	15	58	77	29	
1410	142	26	8	86	21	3	48	
1411	42	9	8	2	78	8	4	
1412	148	3	58	1	207	229	58	
1413	71	18	29	18	11	118	34	
1414	116	1	1	13	13	25	16	
1415	42	4	7	1	7	12	11	
1416	4	15	7	14	11	1	41	
1417	45	1	1	1	1	1	5	
1418	17	4	77	1	7	137	11	
1419	5	33	7	5	7	58	29	
1420	42	77	8	2	159	8	4	
1421	63	22	121	53	62	74	18	
1422	98	33	7	7	7	58	29	
1423	26	2	15	7	22	49	3	
1424	42	4	17	1	7	19	11	
1425	68	14	164	8	7	2	115	
1426	40	3	38	1	35	40	21	
1427	55	11	16	14	89	113	4	
1428	183	115	21	1	26	124	17	
1429	26	14	104	7	250	5	42	
1430	1	1	1	14	45	14	89	
1431	63	54	165	1	1	17	31	
1432	63	43	38	7	95	165	18	
1433	139	1	16	8	62	40	4	
1434	35	1	22	36	7	14	29	
1435	14	51	16	48	68	2	31	
1436	3	18	53	1	86	14	23	
1437	11	33	7	113	7	41	29	
1438	62	90	166	1	107	81	46	
1439	10	14	22	5	107	7	22	
1440	116	1	16	13	17	25	16	
1441	14	7	13	114	17	13	17	
1442	14	7	13	7	17	230	17	
1443	146	115	6	4	108	231	54	
1444	26	11	104	7	26	5	42	
1445	5	33	7	15	22	77	29	
1446	1	24	18	14	55	232	5	
1447	18	6	19	7	10	159	12	
1448	119	14	4	5	4	7	8	
1449	1	1	1	1	77	42	5	
1450	1	2	1	38	15	1	5	
1451	110	8	38	1	7	12	11	
1452	47	60	19	1	119	130	62	
1453	63	14	136	18	62	3	89	
1454	5	33	7	1	47	41	29	
1455	18	6	167	7	10	28	12	
1456	6	14	4	5	4	7	8	
1457	95	33	7	1	26	41	29	
1458	13	16	5	115	3	11	7	
1459	11	49	4	5	4	7	138	
1460	32	54	13	1	7	40	48	
1461	42	2	15	8	26	61	3	
1462	33	8	8	16	78	2	3	
1463	118	8	1	14	70	1	3	
1464	132	1	38	11	60	44	5	
1465	145	6	131	7	178	174	18	
1466	46	33	7	1	26	41	29	
1467	132	1	38	1	60	44	5	
1468	6	20	3	40	88	63	43	
1469	1	1	1	13	22	25	16	
1470	13	16	168	2	3	11	7	
1471	42	2	38	41	104	55	1	
1472	143	22	5	19	51	233	2	
1473	6	20	7	40	7	39	43	
1474	50	11	1	14	17	1	5	
1475	3	18	53	15	86	234	23	
1476	5	33	7	1	26	74	10	
1477	41	8	29	9	30	57	8	
1478	42	57	12	81	64	55	4	
1479	6	34	169	5	252	44	1	
1480	184	2	33	70	251	36	21	
1481	95	52	163	14	76	123	55	
1482	14	107	52	1	22	1	5	
1483	55	11	16	14	22	2	3	
1484	10	14	4	2	4	7	8	
1485	10	14	4	2	4	2	8	
1486	55	14	16	14	4	2	3	
1487	31	2	163	5	4	7	8	
1488	1	1	1	1	4	42	5	
1489	10	14	4	5	234	7	8	
1490	55	14	16	14	1	2	3	
1491	22	11	11	11	102	40	15	
1492	31	14	4	5	102	7	8	
1493	1	24	18	1	77	1	5	
1494	1	1	101	10	1	31	13	
1495	44	14	16	37	17	2	3	
1496	1	24	18	1	234	1	5	
1497	1	1	1	1	1	2	5	
1498	1	80	1	1	1	21	5	
1499	42	2	49	14	71	8	4	
1500	14	51	16	48	111	2	31	
1501	185	51	16	48	29	2	31	
1502	118	8	16	14	7	1	141	
1503	5	53	1	1	1	2	5	
1504	1	126	1	14	45	55	5	
1505	26	2	15	7	22	13	3	
1506	1	18	1	13	13	25	16	
1507	14	7	13	7	17	83	17	
1508	14	14	6	8	6	5	21	
1509	5	2	33	70	7	36	21	
1510	5	8	1	14	9	14	13	
1511	13	16	5	18	46	11	7	
1512	11	2	15	8	28	145	3	
1513	43	1	46	1	30	166	18	
1514	50	33	41	7	254	126	90	
1515	6	20	7	7	62	236	43	
1516	40	33	38	1	255	40	21	
1517	5	33	7	15	87	239	29	
1518	42	9	8	2	258	63	4	
1519	5	43	107	11	190	148	19	
1520	1	1	1	14	253	1	37	
1521	14	8	18	11	161	138	3	
1522	1	1	1	14	15	21	5	
1523	14	7	15	14	9	235	1	
1524	1	10	1	1	259	6	5	
1525	6	1	1	14	9	14	13	
1526	179	128	109	116	212	143	97	
1527	11	2	1	8	28	26	3	
1528	30	1	22	7	156	58	29	
1529	118	8	16	14	70	1	3	
1530	47	33	16	21	11	1	42	
1531	1	1	1	1	1	57	5	
1532	5	1	1	14	15	21	5	
1533	45	14	1	15	62	71	29	
1534	35	25	16	53	7	14	63	
1535	110	8	38	53	78	140	28	
1536	14	7	13	53	17	13	17	
1537	5	33	7	15	7	63	10	
1538	40	57	22	7	7	40	4	
1539	52	1	1	14	89	92	37	
1540	14	7	13	14	17	13	17	
1541	1	1	1	14	13	25	16	
1542	6	4	16	1	7	12	11	
1543	1	2	1	9	62	78	5	
1544	52	1	1	14	7	1	5	
1545	71	1	1	14	89	62	37	
1546	14	7	1	30	17	21	1	
1547	14	7	13	1	17	13	1	
1548	1	1	1	14	45	55	5	
1549	5	1	1	1	1	1	5	
1550	11	2	16	8	99	40	4	
1551	30	1	7	36	30	58	29	
1552	30	33	7	14	89	71	29	
1553	33	8	18	11	17	2	3	
1554	33	8	16	14	49	2	3	
1555	33	8	71	16	49	2	3	
1556	33	8	38	16	78	2	3	
1557	42	2	38	41	28	55	10	
1558	44	2	101	37	17	2	3	
1559	60	20	7	7	31	49	31	
1560	63	57	48	13	49	2	21	
1561	107	20	7	12	26	8	29	
1562	1	7	1	1	67	1	5	
1563	60	51	16	118	15	1	31	
1564	190	8	16	16	49	2	3	
1565	1	8	1	14	260	14	13	
1566	177	8	126	7	249	200	138	
1567	3	57	48	59	72	243	34	
1568	33	8	175	16	49	2	3	
1569	188	8	58	14	17	133	29	
1570	93	131	72	119	265	58	28	
1571	60	20	7	117	51	49	31	
1572	188	8	58	14	62	133	29	
1573	5	33	7	73	205	54	29	
1574	29	7	13	56	45	13	142	
1575	149	130	171	43	15	92	143	
1576	5	33	7	15	262	28	29	
1577	32	8	35	54	263	31	90	
1578	32	33	7	73	205	182	29	
1579	40	107	50	7	25	240	64	
1580	1	1	1	14	15	241	5	
1581	1	1	1	14	264	14	13	
1582	17	4	17	1	7	242	11	
1583	17	4	174	18	62	71	3	
1584	5	33	7	1	255	58	145	
1585	51	36	41	1	158	233	18	
1586	1	126	173	14	45	55	5	
1587	7	129	6	6	6	16	9	
1588	3	4	17	1	7	13	34	
1589	3	4	17	1	86	3	34	
1590	150	8	16	16	49	2	3	
1591	1	11	13	18	62	1	5	
1592	10	1	1	14	9	14	13	
1593	28	57	38	1	9	204	21	
1594	1	25	176	14	15	1	5	
1595	50	57	177	120	46	125	3	
1596	5	8	58	14	266	13	29	
1597	63	14	136	18	62	244	89	
1598	14	14	6	8	51	245	21	
1599	5	33	7	15	87	58	146	
1600	116	50	19	8	24	185	2	
1601	35	33	7	15	46	58	29	
1602	5	33	7	15	77	1	29	
1603	119	33	7	75	66	1	29	
1604	63	8	58	14	92	58	89	
1605	5	33	7	18	238	39	29	
1606	1	1	1	13	93	25	16	
1607	5	33	7	15	26	58	48	
1608	16	8	160	48	10	1	3	
1609	106	1	71	54	46	244	29	
1610	35	1	22	36	7	130	29	
1611	17	18	53	2	62	176	34	
1612	28	33	7	12	11	125	48	
1613	68	43	38	14	95	165	18	
1614	26	2	16	1	62	40	4	
1615	18	6	3	1	10	28	12	
1616	3	18	53	2	62	1	10	
1617	22	19	11	7	22	19	16	
1618	183	115	21	43	26	124	96	
1619	40	3	17	1	7	12	11	
1620	40	1	1	121	61	69	5	
1621	5	15	7	9	7	5	147	
1622	11	2	15	8	74	61	3	
1623	42	33	34	5	77	45	3	
1624	95	54	58	72	47	55	48	
1625	33	8	16	16	17	25	29	
1626	6	20	41	40	234	63	43	
1627	135	43	52	7	78	28	98	
1628	3	18	53	15	86	8	23	
1629	10	2	15	8	17	61	3	
1630	14	7	13	7	111	13	17	
1631	10	2	15	122	26	61	3	
1632	1	1	44	14	61	112	3	
1633	14	7	13	29	1	21	1	
1634	33	2	16	16	49	2	3	
1635	14	7	1	15	45	4	1	
1636	33	8	16	16	17	12	29	
1637	51	36	16	29	64	63	18	
1638	93	46	72	86	47	63	45	
1639	5	8	58	14	91	58	29	
1640	51	36	36	29	64	3	18	
1641	63	50	22	15	77	40	3	
1642	1	22	19	19	17	17	2	
1643	1	1	44	14	61	21	5	
1644	35	1	22	36	7	39	29	
1645	51	36	16	29	64	50	18	
1646	42	2	38	1	271	55	10	
1647	63	54	165	1	270	31	10	
1648	51	36	36	29	64	249	18	
1649	26	17	8	1	78	248	50	
1650	42	9	8	2	159	250	4	
1651	193	14	22	5	4	7	22	
1652	194	87	38	18	6	251	10	
1653	3	4	17	1	112	252	34	
1654	51	36	41	123	158	38	18	
1655	10	15	4	5	4	7	22	
1656	195	115	36	124	61	3	148	
1657	10	14	182	5	4	7	22	
1658	110	8	178	4	269	140	28	
1659	42	2	181	41	104	55	10	
1660	17	4	180	41	7	12	11	
1661	192	22	19	19	17	17	2	
1662	1	1	179	1	1	14	5	
1663	6	30	23	1	33	253	7	
1664	14	7	13	114	17	13	149	
1665	7	11	6	7	6	16	9	
1666	50	8	1	7	26	45	32	
1667	14	7	16	13	46	21	1	
1668	14	7	16	14	46	21	1	
1669	127	14	12	41	62	3	89	
1670	40	3	38	1	189	40	21	
1671	3	4	17	1	15	3	34	
1672	26	17	7	1	78	57	50	
1673	149	34	77	1	190	44	1	
1674	5	33	7	1	64	41	29	
1675	53	74	42	1	268	247	86	
1676	53	74	42	14	268	247	86	
1677	53	74	134	1	272	50	99	
1678	5	33	7	15	47	254	29	
1679	5	33	16	7	273	55	10	
1680	95	54	183	15	274	55	48	
1681	26	11	104	7	275	5	42	
1682	26	11	104	7	7	5	42	
1683	63	54	165	1	17	31	10	
1684	42	9	8	9	26	130	4	
1685	1	8	1	14	1	14	13	
1686	1	1	1	1	67	13	5	
1687	1	1	1	1	67	53	5	
1688	18	6	3	7	28	28	12	
1689	17	18	53	2	62	255	34	
1690	137	11	104	11	217	5	42	
1691	18	6	3	22	64	28	12	
1692	5	8	58	14	92	58	29	
1693	3	18	53	15	86	21	23	
1694	1	1	1	38	104	1	5	
1695	35	1	22	125	7	58	29	
1696	42	9	8	1	276	130	4	
1697	39	8	35	11	205	48	19	
1698	39	8	35	11	91	48	19	
1699	107	20	7	7	26	214	29	
1700	5	33	7	99	238	39	29	
1701	14	14	6	8	6	245	21	
1702	6	30	23	9	33	29	7	
1703	10	14	4	3	28	3	8	
1704	10	14	4	5	10	7	126	
1705	1	1	1	1	7	2	5	
1706	1	1	1	14	9	14	3	
1707	1	121	1	14	45	14	21	
1708	37	35	57	14	7	183	13	
1709	1	1	44	97	61	21	5	
1710	186	83	109	1	257	21	47	
1711	5	18	53	15	86	14	23	
1712	44	2	16	37	256	2	3	
1713	187	1	1	14	45	14	21	
1714	26	1	46	1	79	130	23	
1715	14	7	170	7	17	13	17	
1716	1	1	1	1	67	28	5	
1717	37	35	57	14	7	183	8	
1718	16	8	16	16	30	238	3	
1719	17	4	17	1	7	57	11	
1720	71	18	53	18	10	118	34	
1721	10	14	5	7	4	257	8	
1722	10	14	4	5	4	258	8	
1723	3	4	17	7	202	259	34	
1724	20	12	1	7	20	256	19	
1725	40	57	22	53	7	70	4	
1726	11	100	184	5	51	130	19	
1727	127	14	136	41	62	261	89	
1728	51	36	41	18	158	260	18	
1729	42	9	8	1	158	130	4	
1730	51	36	41	1	158	252	18	
1731	183	115	21	43	7	124	96	
1732	106	1	71	54	149	62	29	
1733	17	4	180	41	22	12	11	
1734	98	33	7	15	7	55	29	
1735	42	8	58	4	22	133	29	
1736	68	43	38	7	95	165	18	
1737	127	18	6	43	175	55	150	
1738	14	33	13	7	17	13	17	
1739	22	132	11	11	22	19	15	
1740	22	19	11	11	22	262	15	
1741	5	35	8	8	7	183	13	
1742	139	2	16	8	62	40	4	
1743	45	34	33	1	68	263	1	
1744	20	12	9	126	21	23	19	
1745	51	36	1	7	278	38	18	
1746	50	8	106	16	29	1	5	
1747	16	11	1	14	49	1	3	
1748	50	11	1	14	49	1	5	
1749	71	2	15	2	22	38	3	
1750	14	7	153	30	146	21	1	
1751	127	14	136	36	62	265	89	
1752	93	41	186	14	11	60	98	
1753	18	135	3	7	10	28	12	
1754	1	1	1	13	13	25	153	
1755	13	134	5	18	279	11	36	
1756	40	20	23	18	33	29	152	
1757	22	19	11	127	22	19	15	
1758	197	6	3	41	10	28	12	
1759	43	2	132	36	7	38	104	
1760	4	17	4	128	2	9	6	
1761	196	1	1	14	45	14	21	
1762	47	54	19	129	94	90	62	
1763	1	1	1	14	30	14	10	
1764	42	20	7	7	26	92	29	
1765	42	7	8	1	26	13	4	
1766	107	20	7	14	7	92	29	
1767	198	16	5	18	3	135	7	
1768	63	50	22	7	30	40	3	
1769	26	2	15	7	22	3	3	
1770	5	15	10	87	8	5	11	
1771	14	7	180	30	1	21	34	
1772	124	8	16	14	31	21	3	
1773	124	8	16	16	31	21	3	
1774	5	2	7	41	7	14	10	
1775	5	8	58	14	280	13	29	
1776	68	14	164	8	26	28	115	
1777	3	18	1	2	7	1	10	
1778	17	4	77	11	7	137	11	
1779	14	8	18	11	158	2	3	
1780	11	43	35	11	51	31	18	
1781	199	20	7	7	91	2	43	
1782	139	2	16	130	62	40	4	
1783	3	43	1	7	78	28	96	
1784	40	136	38	1	35	67	21	
1785	200	16	5	18	3	11	7	
1786	13	16	5	2	3	266	7	
1787	3	18	53	9	202	13	23	
1788	30	1	1	7	51	58	29	
1789	6	20	7	66	202	39	43	
1790	1	1	1	14	26	127	37	
1791	202	54	38	18	62	3	10	
1792	69	54	8	47	80	40	61	
1793	5	19	11	11	22	19	15	
1794	40	3	38	1	35	269	21	
1795	5	15	10	131	8	5	11	
1796	29	7	13	1	89	13	1	
1797	11	2	15	108	28	26	3	
1798	14	2	15	8	26	61	3	
1799	1	1	1	1	60	78	3	
1800	1	8	16	46	15	14	13	
1801	40	1	1	14	227	59	5	
1802	40	1	1	8	1	59	5	
1803	1	1	5	13	13	25	16	
1804	16	7	13	14	29	235	1	
1805	104	8	16	16	17	217	29	
1806	14	109	13	7	17	13	1	
1807	32	1	22	4	30	14	29	
1808	1	57	22	18	7	245	4	
1809	40	1	1	14	51	200	10	
1810	1	1	1	43	227	14	13	
1811	40	107	50	7	10	240	64	
1812	6	20	107	15	77	130	43	
1813	3	18	53	2	7	40	10	
1814	26	2	15	7	64	38	3	
1815	5	33	7	15	28	117	29	
1816	1	24	18	14	55	14	5	
1817	6	20	41	40	15	63	43	
1818	47	15	5	132	284	271	155	
1819	180	3	38	1	35	40	21	
1820	6	20	107	15	77	70	43	
1821	1	1	1	14	15	36	5	
1822	55	7	1	30	1	21	1	
1823	14	44	1	1	22	1	3	
1824	118	8	16	14	7	1	5	
1825	26	17	8	1	285	57	50	
1826	1	8	1	14	9	272	13	
1827	11	2	15	8	7	26	3	
1828	13	16	5	2	3	11	154	
1829	3	18	53	15	86	13	23	
1830	39	8	35	11	65	21	19	
1831	26	137	121	7	35	270	21	
1832	42	2	23	41	46	55	10	
1833	1	1	10	14	186	42	5	
1834	35	33	7	15	46	44	29	
1835	45	112	111	73	62	126	23	
1836	3	4	17	1	112	3	34	
1837	1	3	1	1	46	1	5	
1838	51	36	41	29	158	38	18	
1839	45	34	17	7	7	44	1	
1840	33	8	16	16	7	2	127	
1841	100	8	16	16	17	2	127	
1842	6	20	7	1	202	92	43	
1843	1	1	1	38	287	1	5	
1844	196	1	15	8	26	61	3	
1845	17	4	17	15	7	12	11	
1846	63	54	102	1	10	1	10	
1847	26	2	15	7	4	38	3	
1848	5	33	7	1	26	1	29	
1849	130	38	107	2	254	1	19	
1850	42	2	38	41	23	55	10	
1851	1	1	1	1	67	21	5	
1852	1	51	16	48	15	1	13	
1853	30	2	15	7	22	273	3	
1854	14	51	190	48	15	2	31	
1855	3	9	8	2	15	8	4	
1856	14	1	18	11	158	2	3	
1857	5	8	1	1	49	2	5	
1858	33	8	16	16	51	2	29	
1859	1	45	1	38	15	1	5	
1860	10	2	15	8	26	26	3	
1861	50	1	71	54	7	274	29	
1862	1	1	65	1	67	42	5	
1863	206	19	11	11	22	19	15	
1864	22	19	11	11	22	276	15	
1865	22	19	41	11	22	19	15	
1866	7	11	6	8	6	16	158	
1867	7	140	6	6	6	16	9	
1868	205	14	4	5	4	7	8	
1869	22	19	11	11	288	19	15	
1870	7	11	6	134	6	10	10	
1871	22	19	192	11	22	19	15	
1872	42	18	53	117	7	193	34	
1873	1	1	188	1	67	1	5	
1874	203	1	189	133	286	198	47	
1875	5	1	1	1	28	2	5	
1876	149	54	52	18	170	66	156	
1877	5	33	7	1	78	41	29	
1878	1	8	1	14	9	14	29	
1879	1	8	38	14	9	14	13	
1880	183	115	21	43	26	124	17	
1881	55	11	16	14	65	113	3	
1882	1	1	1	1	67	61	5	
1883	11	8	47	7	17	57	19	
1884	14	7	13	136	17	13	17	
1885	125	1	1	137	1	2	5	
1886	22	19	123	3	22	19	15	
1887	50	19	11	7	22	19	15	
1888	22	19	22	11	22	19	15	
1889	33	8	8	135	1	2	3	
1890	131	2	15	8	141	1	3	
1891	44	11	16	37	17	2	3	
1892	132	1	38	0	60	44	5	
1893	43	106	38	7	274	277	117	
