ST	gapA	infB	mdh	pgi	phoE	rpoB	tonB
1	4	4	1	1	7	4	10
2	3	4	1	1	9	4	17
3	5	5	1	1	9	6	11
4	3	1	1	1	3	3	1
5	2	2	1	1	3	3	3
6	2	10	1	1	14	3	20
7	3	1	1	4	3	1	34
8	4	1	1	1	1	5	6
9	4	1	3	1	1	2	8
10	4	1	7	1	9	1	12
11	3	3	1	1	1	1	4
12	6	3	1	1	12	1	4
13	2	3	1	1	10	1	19
14	1	6	1	1	1	1	1
15	1	1	1	1	1	1	1
16	2	1	2	1	4	4	4
17	2	1	1	1	4	4	4
18	2	1	1	1	4	1	4
19	2	3	8	1	4	4	4
20	2	3	1	1	4	4	4
21	2	8	1	1	1	4	4
22	2	3	1	1	1	4	4
23	2	1	1	1	9	4	12
24	2	1	1	1	3	4	2
25	2	1	1	1	10	4	13
26	2	1	1	1	9	1	18
27	2	1	11	1	9	10	23
28	2	14	3	1	10	4	18
29	2	3	2	2	6	4	4
30	5	3	1	1	9	4	26
31	2	3	9	1	6	4	4
32	2	3	2	1	5	4	5
33	2	3	5	1	12	4	9
34	2	3	6	1	9	7	4
35	2	1	2	1	10	1	19
36	2	1	2	1	7	1	7
37	2	9	2	1	13	1	16
38	2	1	2	1	2	2	2
39	2	1	2	4	9	1	14
40	2	1	10	1	4	1	21
41	2	7	1	1	12	8	4
42	2	6	1	3	8	1	15
43	2	6	1	5	11	1	15
44	2	1	4	3	8	1	9
45	2	1	1	6	7	1	12
46	4	5	1	1	9	1	31
47	4	5	1	12	22	1	10
48	2	5	2	2	7	1	10
49	8	1	1	2	12	1	23
50	12	1	1	2	23	1	36
51	2	1	13	10	17	1	19
52	2	1	1	14	24	1	19
53	2	1	2	8	7	1	12
54	2	1	1	13	16	15	4
55	2	1	1	17	7	16	4
56	4	1	1	7	14	7	4
57	2	1	1	1	19	4	12
58	10	1	1	1	4	4	4
59	2	12	1	1	16	4	25
60	2	1	2	1	4	4	8
61	2	3	2	1	4	4	8
62	2	1	15	1	18	4	30
63	2	1	2	1	1	1	25
64	2	1	19	1	10	1	37
65	2	1	2	1	10	4	13
66	2	3	2	1	10	1	13
67	2	1	9	1	15	5	28
68	2	1	9	1	15	5	32
69	2	1	1	9	15	5	28
70	2	6	17	1	20	10	25
71	2	3	10	1	10	10	25
72	2	3	4	1	12	14	19
73	2	3	4	1	12	6	19
74	2	10	12	1	12	1	4
75	6	3	1	7	12	1	4
76	4	1	1	1	21	1	35
77	4	1	1	1	1	1	35
78	1	6	1	1	1	9	1
79	1	6	1	1	1	5	1
80	1	6	1	1	4	1	1
81	2	6	16	1	4	1	33
82	2	6	1	1	4	1	33
83	11	6	1	1	4	1	33
84	2	13	16	1	4	1	33
85	2	3	1	8	1	1	22
86	9	4	2	1	1	1	27
87	5	1	5	1	7	1	24
88	7	3	2	2	6	4	4
89	10	3	14	2	6	4	4
90	10	6	1	9	12	4	29
91	10	6	1	9	12	4	9
92	10	6	1	9	12	12	9
93	10	11	1	9	12	4	9
94	13	15	18	16	25	13	9
95	10	6	1	11	12	4	9
96	10	6	1	1	12	4	9
97	10	1	1	9	1	4	9
98	1	6	20	1	1	4	1
99	2	1	2	1	17	4	1
100	2	6	5	5	4	4	6
101	2	6	1	5	4	1	6
102	14	1	1	1	21	7	23
103	4	1	1	1	7	1	6
104	2	3	1	1	2	1	43
105	2	3	2	1	1	4	18
106	4	1	1	1	1	1	9
107	2	1	2	17	27	1	39
108	2	1	2	1	3	4	18
109	2	1	2	1	3	4	4
110	2	6	1	3	8	1	44
111	2	1	5	1	17	4	42
112	2	17	6	1	9	1	4
113	14	1	2	1	21	1	23
114	14	1	2	5	21	1	23
115	2	1	2	2	21	1	23
116	15	1	1	18	1	1	4
117	10	1	11	1	9	10	9
118	17	19	22	20	30	18	18
119	2	17	6	1	9	7	38
120	4	4	1	1	7	4	38
121	4	4	1	1	7	4	39
122	2	17	6	1	9	7	4
123	16	18	21	19	29	17	45
124	2	1	5	1	17	7	42
125	2	6	2	2	3	1	39
126	2	5	2	1	10	4	46
127	2	1	4	1	1	1	47
128	2	1	5	18	21	4	48
129	2	20	23	1	1	1	19
130	4	1	24	21	1	1	4
131	2	1	13	10	23	1	19
132	2	1	1	1	1	1	36
133	12	1	1	2	5	1	36
134	3	1	2	1	1	1	4
135	2	6	1	15	11	1	15
136	5	3	20	1	7	1	11
137	2	21	1	1	9	4	12
138	18	22	26	23	31	13	49
139	18	22	25	22	11	19	50
140	14	1	2	1	1	1	4
141	19	23	26	22	32	13	51
142	20	22	27	24	33	20	51
143	17	19	29	25	35	21	53
144	17	19	28	20	34	18	52
145	4	1	1	26	4	5	54
146	16	24	30	27	36	22	55
147	3	4	6	1	7	4	38
148	4	1	31	1	16	23	6
149	2	25	2	1	4	4	8
150	2	5	2	28	4	1	43
151	4	1	32	1	7	4	10
152	2	3	2	1	1	4	56
153	21	3	33	26	1	1	8
154	2	26	1	1	37	24	31
155	22	1	1	1	3	4	1
156	2	1	1	26	4	1	57
157	2	3	34	1	7	4	9
158	1	4	35	1	10	25	14
159	2	27	1	1	16	26	58
160	10	7	1	1	1	1	35
161	2	1	2	1	1	4	12
162	2	1	5	1	12	4	9
163	2	1	1	1	9	1	12
164	2	1	5	1	1	1	9
165	2	1	13	2	23	1	19
166	2	1	13	1	23	1	19
167	12	1	1	1	5	1	36
168	2	5	1	6	9	1	4
169	23	9	2	1	13	1	38
170	2	3	2	2	1	4	4
171	4	1	5	1	7	5	23
172	10	1	2	1	12	4	59
173	24	3	1	1	3	4	59
174	24	3	1	2	3	4	59
175	2	1	6	1	9	1	60
176	2	3	1	26	7	27	9
177	2	9	2	30	13	1	16
178	2	1	1	1	40	1	61
179	5	1	1	1	12	1	62
180	2	1	1	34	4	1	64
181	2	1	37	1	1	1	42
182	4	3	1	35	9	4	12
183	26	1	1	1	7	4	65
184	3	1	1	4	7	4	66
185	2	30	2	1	10	4	12
186	2	1	1	37	45	4	9
187	23	31	2	1	9	4	23
188	3	1	1	3	4	28	39
189	2	3	41	1	17	4	46
190	2	3	1	39	7	1	42
191	4	3	1	1	43	1	13
192	4	1	1	2	46	4	4
193	2	3	2	2	48	4	4
194	27	1	1	1	10	1	17
195	4	3	1	29	1	4	23
196	17	19	39	39	51	18	72
197	16	28	21	27	47	22	67
198	25	33	1	26	7	1	56
199	4	34	1	1	21	1	35
200	2	1	2	1	12	1	68
201	2	9	2	1	13	1	69
202	2	1	15	1	18	4	70
203	16	18	43	41	47	30	71
204	16	32	21	31	38	22	67
205	16	24	21	32	39	17	73
206	16	18	36	33	41	22	67
207	16	18	21	33	42	22	63
208	16	24	21	27	52	22	67
209	16	18	21	27	44	22	67
210	16	29	21	40	49	17	74
211	2	1	2	42	26	4	18
212	2	1	1	36	7	1	38
213	2	1	1	43	10	5	13
214	16	24	42	33	50	29	75
215	2	1	38	37	10	4	18
216	16	24	40	38	47	22	67
217	2	35	1	1	9	4	12
218	2	3	1	1	9	4	12
219	2	1	2	3	27	1	39
220	2	1	2	1	45	4	9
221	2	5	1	6	9	1	10
222	2	1	2	2	7	4	4
223	2	3	2	1	10	1	46
224	2	1	2	6	9	1	10
225	10	1	1	1	12	1	38
226	2	6	1	1	9	1	36
227	5	3	1	1	17	4	26
228	2	3	6	1	27	5	4
229	4	6	1	1	8	1	56
230	2	1	2	1	13	1	38
231	2	6	1	3	26	1	77
232	4	3	17	1	20	10	25
233	5	1	1	18	1	1	4
234	2	1	2	1	7	1	24
235	2	6	1	3	1	1	15
236	2	1	1	1	16	1	4
237	4	1	2	2	10	10	43
238	2	1	1	6	9	1	10
239	4	1	5	1	9	11	24
240	2	1	1	1	17	1	18
241	3	1	2	36	9	1	12
242	4	1	1	1	7	1	38
243	2	1	2	1	10	4	25
244	2	5	1	1	1	1	24
245	2	1	1	1	2	1	13
246	2	1	1	45	1	1	76
247	10	7	2	2	3	25	4
248	4	1	1	1	9	4	4
249	2	1	44	1	16	4	66
250	16	18	45	44	55	22	67
251	2	35	2	35	56	4	19
252	2	5	1	1	9	1	6
253	2	1	1	1	9	1	13
254	4	9	2	1	13	4	16
255	16	36	21	40	57	22	78
256	2	1	2	1	13	1	16
257	18	22	25	22	25	20	51
258	3	3	1	1	1	1	79
259	2	3	2	1	1	1	18
260	2	1	1	46	9	1	12
261	2	1	1	1	4	27	12
262	2	1	1	1	10	4	43
263	2	3	1	20	7	1	16
264	16	24	21	27	58	22	80
265	3	1	1	1	1	1	1
266	2	1	1	13	16	1	4
267	3	5	20	1	16	1	12
268	2	1	2	1	7	1	81
269	12	1	1	2	5	1	18
270	3	3	1	1	1	1	23
271	2	9	2	1	13	1	81
272	2	1	5	1	7	4	56
273	3	4	6	1	7	4	4
274	2	1	2	1	4	31	19
275	4	2	1	1	9	1	83
276	2	1	1	1	1	4	18
277	3	1	1	1	1	1	43
278	4	1	1	1	12	1	4
279	2	2	1	47	1	4	43
280	2	1	2	1	10	4	46
281	7	1	5	46	1	1	84
282	29	24	46	48	44	22	85
283	18	22	18	22	59	13	51
284	30	24	21	49	52	22	67
285	16	24	21	27	54	22	67
286	2	3	1	1	7	1	2
287	3	1	1	1	3	5	1
288	2	3	13	2	1	4	25
289	4	5	1	1	12	4	46
290	2	1	1	37	10	1	86
291	4	3	1	1	2	1	13
292	2	1	2	1	1	1	4
293	3	37	1	1	10	4	4
294	2	1	2	1	4	4	87
295	2	1	2	1	60	25	19
296	2	1	1	3	1	4	88
297	31	1	1	37	3	27	64
298	2	1	2	1	1	1	7
299	2	10	1	1	56	24	31
300	2	1	19	1	9	4	34
301	4	1	2	2	1	10	43
302	23	31	2	1	9	4	10
303	10	1	2	26	10	4	9
304	2	1	1	1	10	4	90
305	2	1	2	3	8	1	39
306	2	1	1	1	66	1	6
307	4	1	2	52	1	1	7
308	10	1	2	20	9	4	23
309	2	9	2	1	13	1	10
310	2	6	2	1	16	4	66
311	2	40	1	2	7	1	91
312	16	18	21	53	67	33	67
313	10	3	1	1	9	10	9
314	2	1	5	2	7	4	23
315	2	35	2	35	56	24	92
316	10	1	2	1	9	27	92
317	10	1	2	1	9	27	18
318	16	24	21	31	68	22	67
319	2	1	2	1	4	1	87
320	3	6	2	1	7	4	41
321	4	16	2	1	28	3	40
322	2	1	5	1	26	4	12
323	2	1	1	1	9	1	93
324	1	6	1	1	1	4	1
325	14	3	1	1	4	4	4
326	1	1	1	1	1	1	64
327	2	1	1	1	10	1	19
328	33	41	49	54	69	34	94
329	34	42	50	55	69	35	95
330	35	43	51	1	70	36	96
331	35	43	51	1	71	36	96
332	36	43	51	56	70	36	97
333	37	44	52	57	69	34	98
334	18	22	18	22	25	37	51
335	9	4	2	5	1	1	27
336	2	1	1	1	72	4	4
337	2	1	11	1	1	1	13
338	38	19	53	58	73	21	52
339	39	15	54	59	74	38	99
340	3	3	1	1	1	1	18
341	2	1	2	60	7	1	101
342	2	1	1	1	1	1	100
343	2	6	2	1	9	27	102
344	16	24	21	27	47	22	103
345	2	1	5	2	4	4	12
346	2	20	1	1	26	1	4
347	16	24	21	27	47	22	67
348	2	1	20	1	12	15	16
349	17	19	53	58	51	18	72
350	3	28	11	18	71	20	73
351	2	9	2	7	13	1	16
352	1	1	1	2	1	1	1
353	3	9	47	1	13	1	16
354	10	1	3	1	9	27	4
355	16	45	21	27	47	22	67
356	18	22	55	16	31	20	51
357	16	24	21	27	54	22	45
358	16	45	21	27	44	22	85
359	10	1	2	1	9	27	6
360	16	24	21	53	47	17	67
361	16	24	21	32	47	22	67
362	16	24	21	27	75	22	71
363	16	18	21	27	53	22	67
364	2	1	1	2	11	4	31
365	16	18	57	62	76	22	104
366	16	24	21	27	77	40	105
367	18	15	26	16	11	13	106
368	16	18	21	38	78	22	67
369	40	22	56	61	11	39	99
370	41	47	1	14	1	1	12
371	2	46	1	1	9	1	18
372	2	1	2	1	1	15	4
373	9	4	2	26	1	1	27
374	2	3	58	37	10	27	9
375	43	1	2	1	10	4	13
376	2	6	1	3	8	1	27
377	10	20	2	1	9	11	12
378	2	1	1	1	7	4	65
379	44	3	1	1	1	1	79
380	2	1	1	1	1	4	19
381	10	6	1	9	12	42	9
382	2	1	3	1	1	4	107
383	2	6	1	3	8	1	18
384	18	23	56	63	80	43	51
385	2	20	1	1	4	1	4
386	16	18	43	31	42	22	45
387	45	18	21	49	26	22	108
388	16	24	59	27	29	22	105
389	46	18	21	27	81	22	105
390	45	18	21	49	82	22	105
391	10	5	1	4	6	4	4
392	3	4	6	1	7	4	40
393	4	1	1	1	9	5	9
394	2	9	2	1	13	1	82
395	3	1	2	4	1	1	4
396	47	1	2	3	1	1	48
397	2	1	1	1	21	44	9
398	2	1	1	1	7	1	10
399	2	1	11	1	10	10	12
400	2	6	1	5	10	1	6
401	2	6	61	5	4	1	6
402	2	1	2	4	9	1	109
403	2	1	2	1	1	7	13
404	2	1	2	1	12	1	2
405	2	1	62	3	10	4	110
406	4	5	1	2	9	1	47
407	3	3	1	1	1	45	18
408	2	3	19	1	9	1	38
409	5	1	11	1	7	11	24
410	4	1	2	37	21	4	30
411	2	1	11	42	26	4	18
412	2	1	2	1	9	1	112
413	2	6	1	3	8	1	113
414	18	22	26	63	85	20	51
415	45	24	21	27	84	22	67
416	2	38	1	1	7	4	89
417	10	3	2	8	7	1	54
418	3	3	1	1	1	46	79
419	2	1	1	1	1	4	35
420	2	1	65	2	5	1	36
421	18	22	26	63	85	20	115
422	2	3	1	1	4	4	111
423	2	9	2	65	13	1	16
424	16	18	45	44	87	22	103
425	42	22	63	22	86	38	114
426	18	15	18	64	11	13	50
427	2	4	1	1	7	1	46
428	4	1	1	1	14	7	18
429	2	1	2	1	9	1	116
430	2	1	33	1	1	4	117
431	2	1	1	1	1	1	1
432	4	1	1	2	7	4	4
433	2	1	2	60	7	1	7
434	2	3	2	4	9	4	118
435	2	1	2	1	1	48	17
436	2	1	2	1	3	1	18
437	3	3	1	1	1	1	31
438	3	4	6	1	1	4	4
439	18	22	26	22	79	37	99
440	17	19	66	39	88	18	119
441	4	1	2	1	1	7	23
442	10	20	2	1	9	11	14
443	2	1	1	4	89	4	4
444	2	1	1	1	9	49	12
445	2	3	6	1	9	7	111
446	17	19	28	39	236	21	315
447	16	49	30	38	90	22	45
448	49	3	2	2	6	4	4
449	2	1	2	1	10	1	120
450	2	1	2	1	91	1	16
451	2	1	1	1	10	4	122
452	4	1	2	2	12	4	121
453	2	50	1	1	21	4	6
454	16	24	21	27	29	22	105
455	5	1	5	1	7	11	112
456	12	9	2	1	13	1	16
457	2	1	2	9	4	4	87
458	2	1	2	2	10	4	9
459	2	3	6	1	9	7	2
460	2	1	20	1	1	1	19
461	3	1	13	34	63	1	64
462	2	1	1	6	1	4	12
463	2	1	4	1	7	6	19
464	2	5	2	1	26	1	2
465	2	3	2	2	9	4	4
466	2	1	2	1	10	50	120
467	16	24	21	27	76	22	67
468	16	24	57	67	92	22	104
469	2	1	2	1	10	1	4
470	2	1	11	1	13	4	12
471	3	1	1	68	4	1	39
472	7	1	1	1	12	1	123
473	2	1	2	69	9	4	40
474	2	1	67	1	26	4	12
475	16	24	21	27	47	22	124
476	18	22	26	22	93	37	99
477	18	22	68	70	94	20	51
478	14	1	2	1	95	1	1
479	4	51	1	3	1	1	38
480	18	22	55	22	11	13	51
481	2	1	2	5	7	1	81
482	2	3	1	26	1	4	10
483	7	1	5	1	7	11	24
484	4	1	1	1	3	27	4
485	2	1	1	1	7	1	12
486	50	19	66	20	97	18	126
487	2	1	2	50	1	4	17
488	42	22	26	22	79	41	51
489	18	22	26	71	98	52	51
490	4	1	1	1	21	1	6
491	51	1	5	1	9	4	13
492	4	7	1	1	9	4	17
493	2	1	70	1	12	1	127
494	2	3	70	1	1	1	70
495	4	1	1	1	9	1	35
496	2	1	1	6	7	4	12
497	2	1	5	1	9	8	59
498	52	1	20	1	1	1	47
499	2	1	5	2	7	4	4
500	2	6	1	72	4	4	64
501	2	3	1	1	1	4	42
502	2	53	3	1	10	4	18
503	2	1	19	1	10	4	4
504	2	1	1	1	3	3	18
505	7	1	5	1	1	1	84
506	3	6	4	1	1	1	30
507	2	3	1	1	1	4	38
508	4	9	2	36	13	2	43
509	38	19	69	39	96	51	126
510	2	52	2	1	7	1	4
511	2	1	2	1	1	1	112
512	54	3	1	1	1	1	79
513	2	1	1	6	101	1	129
514	2	1	1	1	8	1	9
515	2	1	1	1	1	1	4
516	5	1	1	12	7	1	10
517	10	1	2	1	9	27	4
518	2	3	1	1	7	4	87
519	45	18	21	49	82	22	108
520	2	1	19	1	10	4	37
521	2	1	11	20	1	1	13
522	1	1	2	1	9	27	6
523	10	1	19	1	9	27	4
524	3	1	1	1	1	1	4
525	4	4	1	1	48	1	22
526	38	19	53	58	73	21	130
527	16	24	21	27	41	22	75
528	32	5	1	1	9	4	18
529	4	1	1	6	64	5	14
530	2	39	2	1	1	4	24
531	2	1	2	1	7	1	10
532	2	3	1	1	1	4	47
533	16	24	48	51	65	32	131
534	2	1	1	2	61	4	132
535	2	1	38	37	62	4	18
536	16	18	21	27	39	22	75
537	6	3	1	1	12	4	4
538	2	1	2	20	9	1	14
539	29	24	46	27	50	22	67
540	2	1	71	1	3	3	18
541	4	1	2	1	1	1	4
542	2	1	37	2	102	1	19
543	10	1	72	1	9	27	6
544	17	55	73	39	103	20	52
545	2	3	6	1	9	53	4
546	2	1	1	20	61	4	133
547	2	3	75	1	9	7	4
548	55	1	1	1	9	4	12
549	16	18	21	27	47	22	134
550	4	1	1	2	12	4	100
551	3	1	1	1	9	4	135
552	56	1	2	1	10	1	136
553	4	1	2	1	16	1	38
554	57	3	1	1	1	1	79
555	61	6	1	1	1	1	1
556	2	1	1	26	12	15	138
557	4	5	1	1	9	1	25
558	4	1	6	12	1	2	12
559	2	4	13	26	12	1	141
560	2	3	1	1	21	4	4
561	2	1	76	37	1	4	19
562	2	5	1	1	10	1	139
563	2	5	1	1	1	4	8
564	2	1	2	1	7	1	14
565	3	3	1	1	9	1	38
566	15	1	1	2	5	23	36
567	2	1	77	1	17	4	42
568	12	1	78	2	5	1	36
569	2	3	1	1	1	1	48
570	2	1	2	37	8	1	15
571	17	19	79	20	108	55	142
572	3	3	1	1	1	1	143
573	2	1	5	1	9	4	18
574	2	56	1	1	4	4	4
575	2	3	1	1	109	56	144
576	2	3	1	1	7	4	18
577	2	5	2	2	7	4	10
578	3	3	2	1	1	10	4
579	1	1	6	1	1	4	1
580	3	4	6	1	9	4	38
581	58	24	43	40	106	29	67
582	18	22	63	22	107	38	114
583	18	22	25	63	11	20	51
584	4	1	2	1	1	7	4
585	4	1	2	1	7	4	12
586	2	1	11	1	9	8	112
587	2	5	2	52	1	1	7
588	2	1	1	1	9	1	23
589	2	1	1	1	4	1	6
590	2	1	13	3	7	4	25
591	2	3	1	1	7	1	19
592	2	3	6	1	9	4	13
593	2	1	2	1	9	1	16
594	16	24	80	27	92	22	67
595	16	24	21	27	55	22	67
596	16	24	21	27	41	22	67
597	16	24	21	27	47	22	105
598	16	18	21	78	87	22	75
599	16	24	21	27	111	22	45
600	16	1	1	17	9	4	42
601	16	24	21	53	47	22	73
602	2	3	81	1	1	4	56
603	63	1	2	77	7	15	43
604	17	57	69	39	110	21	126
605	4	35	2	1	112	7	70
606	2	4	1	1	4	27	8
607	2	1	2	80	10	1	155
608	2	2	2	1	3	3	1
609	3	6	1	3	1	1	15
610	4	5	1	29	1	4	23
611	5	1	5	1	7	11	24
612	16	18	22	27	55	22	67
613	18	22	25	59	11	61	147
614	4	40	1	1	1	58	151
615	16	18	21	38	47	22	152
616	16	18	30	27	68	59	67
617	2	9	1	1	13	1	2
618	2	1	1	1	116	1	13
619	64	24	21	27	47	22	67
620	42	22	85	64	114	13	149
621	16	58	21	27	47	22	150
622	17	19	39	20	34	18	52
623	17	19	39	20	117	18	156
624	2	1	1	1	9	1	157
625	50	19	82	20	113	18	148
626	3	1	1	1	27	5	25
627	1	6	13	1	1	1	1
628	2	60	11	1	4	8	24
629	2	3	87	1	12	1	26
630	2	1	1	1	72	62	4
631	2	1	1	1	9	4	4
632	1	1	4	1	3	5	19
633	10	1	88	1	12	1	38
634	2	1	1	1	118	4	61
635	18	22	18	74	25	54	51
636	2	5	1	1	4	1	4
637	4	3	1	1	16	25	2
638	42	22	26	22	115	13	51
639	16	18	21	27	54	22	85
640	16	24	1	41	47	22	103
641	16	18	21	27	39	22	67
642	16	24	21	24	47	22	67
643	2	3	6	75	9	7	137
644	18	22	26	22	115	13	158
645	2	5	1	1	9	1	10
646	2	4	1	5	4	1	6
647	2	6	1	5	4	1	38
648	2	4	1	5	4	1	38
649	2	1	1	5	4	1	6
650	54	9	1	1	1	1	79
651	2	1	65	1	9	11	18
652	2	3	2	1	119	4	18
653	2	1	1	8	9	4	12
654	2	1	1	1	10	4	23
655	1	1	1	1	1	1	23
656	4	4	1	1	7	4	4
657	2	1	2	1	10	4	4
658	3	1	1	1	3	3	159
659	66	1	65	1	9	11	18
660	2	1	2	1	4	1	25
661	4	3	1	36	9	10	14
662	16	24	21	27	52	17	67
663	4	1	62	3	10	4	110
664	52	1	20	2	1	1	47
665	1	9	2	1	13	1	82
666	2	1	2	2	7	1	10
667	2	1	2	1	9	1	14
668	17	19	82	81	122	63	148
669	68	3	1	1	10	1	19
670	2	1	1	20	3	31	161
671	69	19	90	20	125	18	9
672	70	19	53	20	126	18	163
673	18	3	18	63	127	13	51
674	3	1	1	1	4	4	4
675	3	4	6	1	7	4	67
676	2	1	1	1	128	1	4
677	3	4	6	1	1	4	38
678	2	3	1	1	109	56	18
679	2	1	1	82	1	4	19
680	2	1	1	1	1	4	12
681	16	24	60	33	83	40	67
682	3	1	2	1	27	1	39
683	4	3	1	1	1	4	79
684	2	1	1	17	9	1	23
685	2	1	2	1	3	4	25
686	4	1	1	3	3	5	54
687	2	3	10	1	20	4	110
688	4	1	2	26	4	1	30
689	2	3	1	1	1	1	70
690	2	3	1	1	1	1	4
691	2	3	1	1	1	4	56
692	2	1	2	1	1	4	42
693	2	1	2	1	10	3	19
694	2	1	3	1	26	1	2
695	16	24	21	53	104	17	67
696	17	19	66	39	105	21	145
697	60	18	21	27	53	17	67
698	16	18	21	27	47	17	146
699	59	24	21	1	53	22	67
700	10	1	17	37	12	1	9
701	2	1	2	2	7	1	81
702	2	1	2	1	7	4	19
703	16	1	2	1	7	1	7
704	2	1	1	1	9	1	20
705	18	23	18	61	11	41	51
706	2	4	1	1	7	4	4
707	2	1	91	1	9	4	12
708	2	1	5	26	7	4	23
709	1	1	1	1	1	1	4
710	16	24	21	27	120	33	124
711	2	61	2	2	6	4	4
712	16	62	21	27	47	22	67
713	67	19	39	20	121	21	52
714	2	3	2	2	6	4	160
715	3	5	2	1	1	1	34
716	71	1	1	2	16	4	164
717	2	1	1	26	9	64	13
718	16	24	21	40	47	65	45
719	10	1	5	1	129	11	24
720	2	1	1	1	130	4	4
721	2	1	11	1	9	8	43
722	3	3	1	1	13	1	16
723	2	3	2	2	131	4	4
724	3	1	2	1	10	1	19
725	16	24	21	38	132	66	75
726	2	9	2	1	13	1	4
727	2	9	2	1	7	1	16
728	1	1	1	46	1	1	4
729	72	45	36	27	76	29	67
730	2	1	33	1	1	4	56
731	3	3	1	83	1	1	4
732	2	3	2	1	7	4	56
733	73	9	2	1	13	1	16
734	18	15	26	22	94	13	165
735	17	19	28	20	113	21	166
736	42	22	55	22	11	13	167
737	2	5	1	1	1	4	4
738	38	63	92	84	133	18	148
739	2	9	2	1	13	1	12
740	18	22	18	85	134	37	51
741	16	18	93	27	41	22	45
742	2	1	2	4	1	1	12
743	2	3	2	1	6	4	4
744	3	3	1	1	1	45	79
745	54	3	1	1	1	67	79
746	2	5	94	2	7	1	10
747	3	3	1	1	1	68	4
748	1	1	1	1	1	1	168
749	18	23	26	61	11	38	169
750	2	6	1	3	8	1	4
751	3	3	1	1	1	46	4
752	2	6	1	37	4	1	6
753	14	1	2	1	135	4	12
754	11	3	2	2	6	4	4
755	4	1	1	1	25	1	35
756	2	9	1	1	13	1	10
757	3	3	1	1	1	1	22
758	2	1	1	1	7	1	19
759	2	1	1	6	7	1	4
760	2	1	71	1	4	3	18
761	17	55	96	20	138	18	162
762	16	24	43	76	92	22	67
763	62	45	30	27	36	22	45
764	17	19	1	39	34	18	153
765	42	22	63	63	86	13	154
766	3	5	95	1	13	1	12
767	60	24	21	53	54	22	172
768	16	1	21	38	47	60	103
769	16	3	2	1	1	1	18
770	2	1	1	2	10	4	4
771	16	24	21	62	137	33	67
772	2	1	1	1	1	33	36
773	16	64	21	53	50	4	171
774	2	1	1	17	4	16	4
775	2	3	1	1	1	4	18
776	2	1	2	1	2	1	2
777	10	6	1	9	12	12	29
778	2	1	2	52	1	1	4
779	74	1	1	2	5	1	36
780	2	65	1	1	10	1	31
781	2	6	1	3	140	1	56
782	1	1	2	1	1	1	1
783	4	1	7	80	9	1	12
784	2	1	1	1	27	5	4
785	2	1	2	69	10	27	19
786	2	1	4	34	1	1	12
787	3	1	13	34	20	10	64
788	2	4	2	1	7	1	12
789	25	10	1	1	20	1	22
790	28	18	21	40	38	22	67
791	2	1	1	37	9	4	64
792	2	7	1	26	1	4	4
793	4	1	1	1	9	4	12
794	4	35	19	1	16	1	2
795	43	22	26	22	86	13	165
796	4	3	6	1	9	4	22
797	2	22	1	3	8	1	4
798	3	1	2	1	7	1	4
799	2	6	1	3	26	1	3
800	2	1	2	4	9	4	14
801	9	4	1	1	1	1	27
802	2	1	2	1	10	1	81
803	2	1	5	1	10	4	42
804	2	1	2	1	1	4	13
805	9	1	1	1	1	1	27
806	2	1	1	1	89	1	44
807	2	1	1	3	26	1	77
808	16	1	1	1	9	4	12
809	2	1	21	27	47	4	67
810	2	28	1	9	1	4	12
811	18	2	26	59	11	13	147
812	4	1	1	1	89	1	44
813	2	1	2	4	9	1	19
814	4	1	2	1	10	4	13
815	2	1	2	1	7	1	12
816	18	22	18	22	32	20	51
817	2	6	61	5	26	1	10
818	43	1	1	1	10	4	13
819	1	4	35	1	10	4	14
820	18	1	26	23	31	13	49
821	2	3	1	1	13	1	16
822	9	30	2	1	1	1	27
823	2	1	2	1	12	1	26
824	18	22	18	22	79	41	51
825	2	1	2	1	10	4	8
826	2	2	1	1	3	3	19
827	2	3	2	1	9	1	14
828	2	1	1	26	1	1	54
829	2	2	1	1	1	3	3
830	2	1	2	1	10	4	173
831	2	1	1	1	10	1	18
832	2	1	1	1	12	70	174
833	3	3	1	1	1	1	12
834	2	1	2	1	7	1	25
835	2	1	2	1	10	1	57
836	25	33	1	26	10	1	56
837	29	24	21	27	44	22	175
838	16	24	21	49	47	22	176
839	3	1	1	1	9	4	177
840	2	1	1	1	7	1	9
841	18	15	64	59	11	13	51
842	18	67	26	63	142	1	169
843	17	19	66	39	141	18	119
844	2	3	2	26	1	1	43
845	2	1	2	1	4	4	2
846	2	1	97	1	9	4	13
847	2	1	1	6	7	1	129
848	16	24	30	32	90	22	178
849	2	1	1	1	3	27	4
850	16	24	21	1	92	17	67
851	18	22	26	71	6	52	4
852	18	22	18	22	139	69	179
853	18	22	18	23	134	13	180
854	75	1	4	37	12	25	39
855	3	3	1	1	1	1	26
856	16	18	21	27	39	22	105
857	2	35	2	35	56	24	19
858	2	1	1	1	4	4	1
859	3	3	1	1	1	1	1
860	2	3	1	1	9	4	10
861	2	3	1	80	9	4	10
862	2	1	1	1	4	4	2
863	2	5	2	1	1	1	1
864	3	3	1	1	1	1	2
865	18	22	98	64	143	38	49
866	2	9	2	1	1	1	4
867	2	1	99	6	1	1	129
868	54	3	1	1	1	46	79
869	2	1	2	1	148	4	46
870	2	6	1	1	147	1	31
871	2	6	1	14	149	4	9
872	2	1	100	1	7	5	181
873	14	1	2	1	7	4	182
874	4	1	1	1	7	1	22
875	2	1	2	1	10	4	19
876	6	3	1	1	12	1	110
877	59	24	21	78	54	22	67
878	2	5	1	1	144	1	4
879	2	1	1	1	145	1	9
880	2	9	2	1	1	1	16
881	2	68	1	1	10	4	13
882	2	1	1	37	1	27	19
883	2	5	1	1	9	4	9
884	77	9	2	1	13	1	16
885	3	4	6	1	7	4	13
886	16	1	21	27	29	17	183
887	2	1	1	1	21	4	12
888	2	6	1	5	4	1	4
889	3	1	1	4	3	1	19
890	2	1	1	8	10	4	61
891	3	1	2	1	9	1	184
892	2	1	65	2	5	4	36
893	25	1	101	1	10	1	100
894	18	15	18	61	93	37	99
895	3	3	1	1	1	1	42
896	2	9	2	1	13	1	38
897	1	3	1	1	1	1	1
898	3	1	1	1	1	1	9
899	69	19	90	20	125	18	185
900	1	6	1	5	4	1	6
901	4	3	2	1	16	4	6
902	3	5	1	1	150	1	43
903	18	22	55	61	151	13	50
904	4	1	2	1	1	1	68
905	3	3	1	86	1	1	12
906	16	62	21	27	55	22	75
907	3	1	2	17	27	1	39
908	2	10	1	1	14	3	91
909	2	1	2	1	1	71	4
910	2	69	1	3	8	1	27
911	1	6	1	1	1	1	79
912	2	3	1	1	152	4	12
913	2	1	13	2	9	1	4
914	2	1	1	87	7	1	12
915	2	10	13	1	12	1	186
916	16	3	2	27	158	22	178
917	18	71	104	59	31	74	50
918	18	22	26	88	11	20	154
919	16	24	21	27	47	22	188
920	2	1	11	1	4	8	24
921	3	1	2	1	3	4	190
922	79	3	1	1	9	1	13
923	2	3	1	2	6	4	191
924	2	3	1	1	4	4	160
925	16	18	21	27	153	40	85
926	16	18	21	33	47	22	187
927	78	9	2	1	2	1	43
928	38	19	53	58	73	21	156
929	18	22	26	22	154	13	51
930	16	70	21	27	155	22	67
931	10	7	2	2	3	72	4
932	16	70	21	31	92	17	67
933	16	18	21	38	155	17	67
934	16	24	102	33	47	44	67
935	17	19	39	20	156	21	156
936	60	18	106	27	53	17	67
937	16	1	21	27	76	22	67
938	16	24	103	31	157	73	45
939	2	3	6	75	9	7	23
940	2	1	62	26	10	1	91
941	6	3	1	20	12	4	4
942	2	1	2	1	16	4	12
943	12	1	1	2	5	1	23
944	2	1	2	1	4	4	6
945	2	1	1	1	9	1	31
946	2	1	2	1	9	1	61
947	4	1	1	1	27	7	4
948	2	3	1	2	1	5	54
949	17	18	45	44	55	22	67
950	2	1	1	20	56	4	31
951	1	6	1	1	1	1	3
952	1	1	1	1	1	1	3
953	18	15	18	89	11	41	51
954	18	22	26	64	154	20	192
955	4	3	1	1	4	4	4
956	2	1	6	1	7	1	38
957	2	4	1	1	4	1	18
958	3	7	6	8	7	1	4
959	80	6	1	1	241	1	1
960	79	3	1	1	160	10	23
961	18	22	18	90	142	13	179
962	2	1	1	6	26	1	12
963	2	9	2	1	13	1	25
964	41	1	1	1	7	4	87
965	2	5	1	6	9	1	67
966	2	1	2	1	1	1	68
967	2	1	19	4	9	4	34
968	2	3	2	37	4	1	15
969	4	1	2	36	9	10	14
970	10	1	2	1	9	1	6
971	16	32	21	91	68	22	74
972	80	6	1	1	1	1	1
973	16	24	21	78	55	22	67
974	4	9	2	1	13	1	16
975	1	1	1	1	13	1	1
976	2	3	108	26	3	4	64
977	81	72	107	92	69	34	140
978	17	55	39	20	117	18	156
979	83	3	1	1	12	1	4
980	82	73	79	39	161	18	52
981	16	24	43	93	42	17	74
982	4	1	1	94	3	4	2
983	4	1	2	1	1	4	4
984	1	1	1	1	6	1	1
985	10	3	2	2	6	4	4
986	1	1	2	4	1	1	4
987	2	1	2	6	7	1	12
988	2	1	2	17	1	1	39
989	1	1	1	1	27	1	1
990	16	18	45	44	55	22	1
991	4	1	1	26	1	5	54
992	2	1	1	18	10	4	6
993	10	1	11	1	9	8	112
994	2	6	1	1	10	4	5
995	2	6	1	1	1	1	1
996	3	1	2	1	10	4	91
997	4	6	1	1	1	28	34
998	2	1	1	1	12	1	2
999	2	1	2	1	10	1	12
1000	16	45	21	27	47	22	12
1001	14	3	1	3	3	1	19
1002	43	1	2	1	10	4	67
1003	28	18	21	27	137	22	27
1004	2	1	1	1	9	4	59
1005	2	1	1	1	9	4	67
1006	10	40	2	1	7	4	40
1007	2	6	5	1	1	4	8
1008	16	24	21	27	52	22	150
1009	2	10	1	1	12	1	25
1010	2	3	1	1	1	4	48
1011	2	1	5	1	9	4	56
1012	4	1	1	1	9	1	83
1013	2	2	1	1	3	3	1
1014	4	4	1	1	27	7	4
1015	10	1	11	1	4	8	43
1016	18	22	18	22	115	13	51
1017	2	2	2	1	1	4	34
1018	16	18	45	44	55	60	67
1019	18	1	1	70	94	20	51
1020	2	2	5	1	10	1	6
1021	2	2	1	1	1	1	40
1022	60	24	21	44	29	22	67
1023	16	24	21	38	47	22	67
1024	4	1	2	2	3	1	39
1025	16	1	21	53	44	22	67
1026	2	1	2	35	10	24	19
1027	2	1	1	1	9	4	14
1028	14	1	2	95	21	1	1
1029	2	6	1	1	8	1	18
1030	2	5	2	1	7	1	10
1031	18	22	18	23	134	13	51
1032	18	22	56	96	11	38	51
1033	2	9	2	1	13	1	76
1034	2	1	1	1	140	31	34
1035	4	1	1	26	1	1	4
1036	69	1	90	20	125	18	148
1037	4	1	2	1	10	10	12
1038	2	1	1	20	9	4	13
1039	2	1	2	2	6	4	4
1040	69	19	90	20	125	18	148
1041	2	1	1	1	7	1	22
1042	2	1	1	1	4	1	12
1043	2	38	2	20	7	4	89
1044	18	22	18	90	142	13	192
1045	1	1	1	1	1	1	42
1046	18	20	18	90	142	13	192
1047	10	20	1	1	9	11	14
1048	8	74	2	1	9	76	18
1049	2	3	4	97	12	1	39
1050	16	18	21	31	92	17	67
1051	2	1	11	1	9	10	9
1052	2	1	1	1	17	1	42
1053	16	1	2	1	10	4	13
1054	2	3	1	1	12	4	12
1055	16	24	21	1	1	17	1
1056	16	62	21	40	153	40	67
1057	16	24	21	27	47	17	134
1058	43	1	2	1	10	1	12
1059	2	1	1	1	12	1	4
1060	16	18	21	21	52	30	75
1061	2	3	1	20	61	4	181
1062	2	3	2	2	162	1	4
1063	2	3	1	1	9	4	193
1064	2	3	1	1	9	1	193
1065	2	1	1	2	5	4	6
1066	2	3	1	37	10	1	86
1067	2	6	1	5	4	77	6
1068	4	3	1	36	9	78	14
1069	18	1	55	22	115	13	194
1070	2	1	2	1	1	1	195
1071	2	1	1	1	163	4	4
1072	4	1	1	1	40	1	22
1073	84	5	1	1	109	1	12
1074	2	1	2	1	7	1	4
1075	85	22	55	22	11	13	51
1076	2	1	2	1	12	1	91
1077	17	19	79	20	150	18	196
1078	16	18	1	76	47	1	124
1079	2	5	1	1	9	1	19
1080	3	3	1	1	164	1	4
1081	2	3	2	2	6	4	12
1082	2	5	1	1	1	1	19
1083	2	1	2	1	13	1	23
1084	3	3	1	1	1	9	79
1085	64	18	21	27	29	22	80
1086	3	1	2	1	3	4	31
1087	2	1	1	1	3	3	38
1088	2	1	1	10	1	1	76
1089	2	5	1	4	8	2	12
1090	2	31	2	1	12	1	14
1091	17	19	66	39	165	20	197
1092	2	1	1	1	7	4	198
1093	2	1	1	1	10	1	199
1094	16	24	21	98	146	29	67
1095	4	76	1	1	43	1	13
1096	16	24	21	27	47	22	200
1097	16	75	21	27	55	22	67
1098	16	18	21	27	146	17	201
1099	16	1	43	53	106	79	75
1100	16	24	84	99	137	57	67
1101	86	77	13	3	4	27	25
1102	2	78	5	1	17	4	42
1103	2	3	6	1	7	7	4
1104	2	3	2	2	6	80	4
1105	18	22	63	22	167	13	192
1106	2	1	1	1	7	2	12
1107	4	38	1	1	7	4	6
1108	4	1	111	18	21	1	68
1109	2	3	2	2	168	4	4
1110	2	3	2	1	1	4	14
1111	2	1	2	1	45	4	31
1112	2	1	1	1	4	4	12
1113	2	9	2	1	1	1	10
1114	4	3	2	1	10	4	17
1115	42	22	26	64	169	20	49
1116	2	5	2	1	10	4	202
1117	2	1	2	2	10	4	19
1118	50	19	112	39	170	63	125
1119	2	79	1	1	7	4	4
1120	38	80	22	20	73	18	53
1121	2	3	1	100	4	4	4
1122	2	3	6	75	9	7	18
1123	87	1	1	1	4	4	4
1124	2	3	2	101	1	4	13
1125	2	1	2	1	7	1	203
1126	2	1	9	1	10	4	13
1127	3	1	13	14	63	1	64
1128	2	1	1	1	7	1	4
1129	3	3	1	1	1	4	18
1130	32	5	1	1	9	4	8
1131	16	18	110	49	166	22	205
1132	16	24	21	27	106	22	204
1133	18	22	18	63	171	28	179
1134	18	22	18	34	172	13	51
1135	2	1	1	1	10	4	61
1136	18	22	18	63	11	13	208
1137	3	4	6	4	7	1	38
1138	2	1	1	1	9	1	9
1139	16	18	30	27	92	22	178
1140	10	1	11	1	9	8	43
1141	2	10	12	1	9	1	4
1142	16	24	57	62	92	22	104
1143	18	23	74	61	79	69	99
1144	16	66	45	32	55	40	67
1145	2	1	4	34	1	1	2
1146	64	18	21	27	81	22	105
1147	6	1	2	1	12	4	4
1148	16	18	21	27	47	22	75
1149	16	1	21	27	54	17	67
1150	16	18	21	53	50	33	67
1151	2	9	2	1	9	1	14
1152	3	9	6	4	9	1	14
1153	3	3	6	4	7	1	4
1154	2	3	2	1	9	1	16
1155	65	59	86	79	136	81	209
1156	2	5	1	1	7	4	89
1157	10	38	1	4	6	4	4
1158	2	1	2	1	10	9	19
1159	2	1	1	1	16	44	12
1160	2	9	2	1	13	1	91
1161	2	3	2	2	6	4	111
1162	51	1	5	1	9	4	210
1163	16	24	30	102	47	22	67
1164	2	2	1	1	1	1	211
1165	25	3	19	1	1	4	212
1166	16	18	21	27	55	22	67
1167	60	18	21	38	173	22	67
1168	2	81	21	35	10	24	19
1169	16	24	21	27	47	22	206
1170	16	82	21	27	54	22	207
1171	16	24	42	66	47	22	75
1172	2	1	11	1	10	4	13
1173	4	1	11	1	12	1	35
1174	16	18	21	27	29	22	85
1175	16	45	30	38	90	22	45
1176	2	1	2	8	45	4	9
1177	1	6	1	1	1	1	4
1178	16	18	21	33	47	22	146
1179	16	1	21	27	83	60	134
1180	2	1	2	1	1	1	34
1181	16	24	21	27	81	22	105
1182	16	1	21	32	53	22	63
1183	2	1	1	1	3	1	2
1184	42	22	26	1	1	20	51
1185	2	1	1	1	10	10	43
1186	4	7	1	2	3	25	4
1187	2	1	2	37	9	4	9
1188	2	3	1	1	4	4	12
1189	3	5	95	1	16	1	12
1190	2	6	1	3	26	1	56
1191	88	22	63	22	107	38	114
1192	4	3	41	2	17	4	46
1193	2	83	2	1	9	4	135
1194	2	1	1	34	10	1	25
1195	2	3	1	1	9	4	26
1196	3	1	1	1	1	1	64
1197	3	1	1	1	9	1	93
1198	2	9	2	1	9	1	4
1199	3	3	1	1	1	67	79
1200	2	3	113	1	1	1	61
1201	2	1	2	1	10	4	100
1202	3	1	1	1	2	4	43
1203	2	6	1	1	1	1	31
1204	2	1	3	26	9	1	4
1205	2	1	2	80	10	1	120
1206	3	5	114	1	9	10	9
1207	2	1	1	6	12	1	12
1208	16	18	21	27	92	40	67
1209	16	18	84	31	92	29	67
1210	16	18	21	40	47	17	67
1211	2	53	3	103	10	4	18
1212	2	1	19	4	10	4	18
1213	2	1	1	1	7	4	87
1214	65	59	86	79	136	82	209
1215	18	22	64	22	174	13	213
1216	89	84	115	104	58	83	214
1217	16	18	45	40	175	22	74
1218	90	24	21	53	47	17	215
1219	16	18	116	105	76	60	152
1220	16	18	21	27	47	22	216
1221	2	1	1	1	17	1	4
1222	2	3	1	1	1	1	13
1223	16	18	109	32	146	22	67
1224	18	67	26	63	142	38	169
1225	16	32	109	32	42	17	67
1226	42	22	26	64	11	13	51
1227	12	1	20	1	56	4	161
1228	2	9	2	1	13	1	217
1229	4	1	1	1	20	1	218
1230	16	24	21	27	176	22	124
1231	2	6	1	1	1	1	6
1232	17	19	79	39	34	21	197
1233	91	1	71	1	3	3	18
1234	4	1	2	52	10	1	7
1235	2	3	2	1	2	1	14
1236	2	5	117	2	7	1	10
1237	3	4	6	1	7	4	221
1238	4	1	2	1	1	85	4
1239	2	1	1	1	178	4	4
1240	2	1	1	1	1	3	24
1241	4	3	1	1	1	4	223
1242	78	3	1	1	1	4	91
1243	76	1	2	1	7	4	224
1244	16	66	109	32	146	22	67
1245	2	1	6	1	1	4	222
1246	17	19	28	20	108	21	52
1247	18	22	89	88	11	13	154
1248	2	1	1	1	1	1	12
1249	16	32	21	40	84	40	22
1250	16	24	21	106	68	59	188
1251	16	18	21	38	47	60	67
1252	16	66	21	27	76	22	67
1253	25	1	1	1	9	4	35
1254	2	6	13	1	177	1	39
1255	16	24	60	49	47	22	67
1256	2	1	58	1	12	4	220
1257	2	4	2	26	1	1	27
1258	9	3	2	2	6	4	4
1259	9	1	2	1	4	1	25
1260	2	4	2	1	1	1	27
1261	2	1	62	3	10	87	110
1262	16	18	21	27	47	17	74
1263	4	1	1	1	12	1	35
1264	3	3	1	1	1	1	39
1265	2	1	1	1	10	4	12
1266	4	1	13	69	10	27	10
1267	2	1	2	35	10	88	4
1268	16	24	21	49	155	22	225
1269	2	1	2	1	7	1	226
1270	16	24	21	107	104	66	67
1271	2	3	2	2	4	4	4
1272	2	1	2	1	7	86	7
1273	16	24	21	62	47	33	67
1274	2	1	2	1	1	4	68
1275	2	79	1	1	7	23	4
1276	4	4	1	1	7	62	10
1277	2	53	1	1	1	62	56
1278	4	1	13	69	10	4	10
1279	3	3	1	1	1	81	13
1280	16	1	21	27	47	22	10
1281	16	18	21	27	55	22	10
1282	1	1	1	1	1	4	10
1283	2	1	1	1	3	3	8
1284	2	1	2	1	11	4	13
1285	27	1	1	1	9	4	12
1286	2	1	2	1	13	1	10
1287	2	10	111	1	56	24	31
1288	2	1	111	1	10	62	13
1289	3	5	1	1	10	4	4
1290	2	1	2	1	10	4	1
1291	2	9	2	1	13	1	93
1292	14	3	6	1	21	4	1
1293	16	24	21	38	68	62	67
1294	2	1	5	3	1	5	8
1295	16	24	21	27	76	81	152
1296	4	1	2	1	7	70	12
1297	82	41	56	31	1	81	1
1298	85	19	47	13	38	57	1
1299	4	5	6	2	7	1	10
1300	4	1	1	6	7	1	12
1301	2	1	2	1	7	89	13
1302	3	1	1	1	1	4	18
1303	2	5	118	1	179	1	13
1304	18	15	26	108	32	37	51
1305	1	85	35	1	10	90	14
1306	2	1	119	1	1	4	24
1307	2	1	2	1	12	1	38
1308	48	22	18	59	92	13	51
1309	10	1	2	1	10	4	5
1310	14	1	2	1	21	1	1
1311	4	1	1	1	13	1	93
1312	18	15	26	22	94	13	208
1313	10	1	1	1	7	4	23
1314	2	1	2	1	1	1	18
1315	14	3	6	1	21	10	1
1316	32	5	1	1	9	10	18
1317	2	1	1	35	27	4	4
1318	18	22	26	22	93	37	227
1319	18	15	120	96	80	13	51
1320	18	15	55	109	181	91	51
1321	18	22	123	111	94	61	228
1322	2	5	121	8	180	1	6
1323	18	22	122	110	11	92	99
1324	2	5	1	1	1	44	9
1325	43	1	2	1	10	4	8
1326	3	3	1	1	1	1	16
1327	16	9	21	27	39	1	103
1328	2	9	2	1	182	1	4
1329	2	1	5	1	1	1	4
1330	18	22	18	61	172	13	51
1331	2	22	26	63	154	20	99
1332	16	24	36	27	92	22	67
1333	2	1	1	26	12	5	54
1334	79	3	1	2	1	1	12
1335	2	1	26	23	31	41	49
1336	2	3	1	1	9	1	12
1337	4	3	1	36	9	4	14
1338	18	1	1	1	9	4	12
1339	16	24	21	49	47	22	67
1340	18	15	18	63	172	74	51
1341	2	3	1	1	9	4	18
1342	16	24	21	1	47	33	67
1343	2	3	13	1	9	4	4
1344	18	22	18	59	92	13	51
1345	2	1	1	2	9	4	4
1346	2	4	2	1	10	4	13
1347	2	1	1	26	26	27	9
1348	2	6	2	1	7	4	14
1349	2	10	1	1	47	24	31
1350	2	1	2	1	10	1	68
1351	2	1	2	1	6	1	112
1352	2	5	1	1	10	1	13
1353	2	3	1	1	9	1	13
1354	16	45	21	27	56	22	67
1355	18	25	25	61	11	20	99
1356	2	22	26	63	11	20	99
1357	2	1	2	1	11	1	112
1358	2	5	1	29	1	4	23
1359	18	22	26	16	31	37	106
1360	2	4	2	1	9	1	27
1361	2	22	56	61	94	38	12
1362	2	1	65	1	9	11	2
1363	2	9	2	1	9	4	12
1364	9	1	2	1	1	1	27
1365	2	1	1	36	9	10	14
1366	9	4	2	1	7	1	81
1367	2	1	26	63	115	13	192
1368	2	1	2	20	7	1	7
1369	2	22	26	63	115	13	192
1370	2	1	2	1	12	4	26
1371	2	4	2	1	9	1	112
1372	2	1	2	1	1	1	27
1373	2	1	1	1	1	4	4
1374	42	22	56	22	94	13	51
1375	1	45	21	27	47	22	67
1376	2	24	21	27	55	22	67
1377	2	1	11	4	9	4	13
1378	16	18	21	27	39	22	103
1379	3	9	6	1	7	4	40
1380	2	3	1	1	9	10	4
1381	16	18	45	38	106	93	75
1382	4	86	6	1	6	1	38
1383	2	2	1	1	16	94	229
1384	16	3	1	1	1	1	4
1385	16	87	21	27	47	22	67
1386	2	1	1	4	9	1	6
1387	2	1	1	1	1	1	34
1388	2	1	2	4	1	1	34
1389	3	4	2	1	7	4	14
1390	2	1	2	1	7	1	19
1391	2	1	1	26	10	1	14
1392	4	1	1	1	10	16	86
1393	2	1	37	2	3	1	19
1394	2	1	2	4	1	1	14
1395	2	3	2	1	9	4	4
1396	2	1	1	1	10	1	86
1397	16	24	21	27	29	22	230
1398	3	1	1	1	9	95	135
1399	4	1	124	1	7	4	91
1400	17	19	39	112	122	18	148
1401	2	1	1	1	9	1	4
1402	92	1	2	1	10	16	121
1403	3	1	1	1	10	4	18
1404	2	3	1	1	10	4	12
1405	16	3	21	27	47	1	79
1406	3	3	1	1	13	1	79
1407	16	18	21	27	83	60	134
1408	2	9	1	1	4	4	129
1409	2	51	1	26	183	1	15
1410	17	19	126	39	88	18	119
1411	2	1	20	2	1	1	10
1412	2	5	1	1	4	1	18
1413	18	22	1	61	25	38	231
1414	2	1	20	1	10	96	38
1415	2	3	4	113	12	1	39
1416	17	19	127	114	184	97	232
1417	2	1	125	1	9	4	12
1418	4	3	1	6	1	1	16
1419	2	1	2	1	10	1	112
1420	3	5	1	1	150	1	233
1421	18	22	18	63	11	98	208
1422	42	22	18	22	79	41	99
1423	16	24	21	41	47	22	103
1424	18	22	55	85	11	13	234
1425	2	6	1	1	1	1	42
1426	3	5	1	1	12	4	46
1427	2	1	10	1	9	1	21
1428	2	1	1	1	27	5	34
1429	2	7	70	1	1	4	4
1430	2	20	1	115	9	1	4
1431	2	5	1	1	9	1	212
1432	2	1	1	18	1	4	235
1433	28	18	21	27	47	22	67
1434	93	45	21	27	47	22	236
1435	18	88	128	116	11	99	237
1436	2	3	41	2	17	4	46
1437	17	19	69	39	185	21	238
1438	4	1	1	20	9	4	35
1439	2	1	5	117	10	4	10
1440	2	3	1	1	4	1	4
1441	2	1	1	1	1	7	4
1442	2	38	2	1	7	1	10
1443	18	22	18	16	25	13	240
1444	2	3	6	1	17	7	4
1445	2	6	17	1	20	101	25
1446	4	3	1	36	9	1	14
1447	2	3	3	1	186	100	239
1448	2	1	2	1	3	4	182
1449	7	1	65	1	9	4	18
1450	2	5	129	1	10	4	202
1451	4	1	11	1	9	8	112
1452	2	5	6	4	64	2	12
1453	16	18	109	27	39	22	67
1454	2	3	6	1	9	7	18
1455	17	19	130	25	187	21	119
1456	16	18	42	27	55	22	241
1457	16	1	2	1	1	4	13
1458	2	3	1	1	1	1	79
1459	4	1	1	1	4	4	4
1460	4	3	1	1	1	1	4
1461	18	3	1	1	1	1	79
1462	16	24	21	31	47	17	75
1463	3	4	6	1	188	4	4
1464	2	1	1	1	189	50	23
1465	18	22	26	64	107	103	192
1466	17	19	28	39	51	21	245
1467	16	4	21	27	47	22	188
1468	2	1	2	6	7	1	81
1469	16	24	21	27	47	33	67
1470	16	24	36	49	83	22	67
1471	10	1	1	1	9	4	246
1472	16	24	36	49	47	22	67
1473	18	22	131	61	25	38	231
1474	2	3	6	9	9	7	35
1475	16	67	26	63	142	38	169
1476	79	3	1	1	9	10	23
1477	2	1	2	1	54	4	13
1478	16	24	21	27	54	22	105
1479	9	4	2	1	191	1	27
1480	2	9	2	1	16	1	16
1481	3	3	133	1	1	1	79
1482	2	3	1	1	4	4	247
1483	2	2	1	20	1	4	18
1484	94	22	18	22	32	13	51
1485	16	45	21	27	29	22	200
1486	2	1	2	1	7	1	1
1487	2	3	1	1	21	4	23
1488	3	4	2	1	7	4	38
1489	3	4	2	1	7	4	40
1490	18	22	56	63	11	37	99
1491	6	3	1	1	7	1	4
1492	17	55	39	20	9	18	156
1493	2	1	1	6	10	1	12
1494	95	1	2	1	10	1	7
1495	2	9	2	1	13	1	248
1496	2	1	1	37	3	4	64
1497	2	46	1	1	9	1	13
1498	18	22	68	70	9	20	51
1499	45	45	21	27	55	22	67
1500	2	3	1	1	192	4	4
1501	2	3	6	1	26	100	239
1502	4	1	1	1	20	104	218
1503	16	24	134	27	106	22	67
1504	42	23	135	110	193	38	249
1505	16	90	84	49	194	17	67
1506	2	91	1	20	7	11	89
1507	2	9	2	1	13	1	24
1508	17	1	73	118	103	18	52
1509	1	55	1	1	1	1	1
1510	2	19	1	1	4	4	4
1511	16	24	46	53	47	17	67
1512	29	24	46	27	39	22	85
1513	2	1	1	6	1	1	12
1514	4	1	2	2	11	4	24
1515	2	9	2	1	13	1	79
1516	2	6	10	1	20	10	25
1517	4	1	2	1	12	1	38
1518	14	1	2	119	21	1	1
1519	54	3	1	1	1	9	79
1520	3	4	1	1	1	5	5
1521	2	3	6	1	9	7	25
1522	2	1	136	1	1	4	56
1523	17	92	39	20	150	18	52
1524	96	24	21	27	41	22	172
1525	18	67	26	63	195	38	169
1526	2	1	1	1	3	5	9
1527	3	4	4	1	9	4	19
1528	17	19	79	20	103	18	52
1529	2	1	1	1	3	3	1
1530	1	1	1	3	27	1	39
1531	18	71	26	22	94	38	50
1532	2	1	5	1	197	4	42
1533	16	18	46	27	104	29	67
1534	97	1	1	1	9	4	260
1535	18	22	26	61	79	13	51
1536	2	1	2	37	45	4	9
1537	2	1	2	1	12	1	46
1538	2	5	5	36	7	1	16
1539	17	19	39	39	198	21	142
1540	2	1	1	6	10	1	62
1541	2	1	140	1	12	1	261
1542	98	19	39	39	199	21	262
1543	1	1	141	1	1	1	1
1544	2	93	65	2	5	1	36
1545	4	10	1	1	27	27	25
1546	2	3	1	1	7	1	12
1547	2	1	1	1	4	4	64
1548	18	22	18	22	115	37	179
1549	18	22	26	59	115	4	165
1550	16	18	21	27	155	22	74
1551	2	5	1	1	12	4	18
1552	2	1	2	1	3	25	2
1553	16	24	36	53	47	22	67
1554	10	9	2	2	13	1	16
1555	16	1	21	27	53	4	13
1556	16	24	21	53	50	22	67
1557	2	5	1	8	1	4	56
1558	2	1	4	1	12	5	30
1559	2	1	33	1	1	4	253
1560	3	3	138	1	1	1	4
1561	3	4	6	1	7	1	38
1562	16	24	36	27	29	22	105
1563	16	24	21	27	194	33	259
1564	4	1	10	1	196	4	256
1565	2	1	99	1	9	1	14
1566	18	23	139	120	11	13	51
1567	2	1	2	1	7	1	254
1568	4	16	2	1	28	3	255
1569	10	1	11	1	9	8	257
1570	18	22	142	59	94	74	258
1571	16	24	21	27	76	2	252
1572	21	1	65	36	1	4	16
1573	10	1	11	1	26	4	43
1574	10	1	11	1	26	8	43
1575	16	28	21	121	200	22	67
1576	16	24	21	49	155	22	263
1577	3	1	1	4	201	1	19
1578	17	6	53	58	202	21	119
1579	2	1	5	122	17	4	42
1580	3	3	133	1	42	1	79
1581	95	1	2	1	1	1	7
1582	29	24	21	27	44	22	85
1583	2	1	2	1	12	1	9
1584	18	22	18	16	25	13	165
1585	27	1	1	1	10	1	139
1586	3	4	6	1	7	4	1
1587	2	1	2	1	4	4	111
1588	2	6	1	3	10	1	56
1589	2	1	1	1	1	4	9
1590	2	1	2	1	7	106	81
1591	2	3	143	4	7	4	24
1592	2	1	1	1	9	4	264
1593	4	1	11	1	9	4	59
1594	1	6	1	6	1	1	1
1595	54	3	1	1	1	1	16
1596	18	22	26	123	115	13	192
1597	16	24	21	27	203	107	67
1598	16	24	21	40	47	93	265
1599	99	18	45	44	55	22	67
1600	18	22	18	63	204	13	179
1601	100	19	144	39	51	18	266
1602	18	22	26	64	31	20	268
1603	2	1	1	1	4	4	267
1604	4	1	2	3	10	4	19
1605	18	22	18	22	11	13	50
1606	16	18	21	27	54	30	45
1607	4	5	101	1	76	4	23
1608	29	24	46	27	47	22	67
1609	2	31	2	36	9	4	12
1610	3	1	2	2	10	4	18
1611	16	18	21	76	47	22	67
1612	16	24	21	31	47	60	67
1613	2	3	2	1	9	1	269
1614	16	18	21	31	205	29	67
1615	16	18	57	62	76	22	67
1616	2	1	108	1	7	5	270
1617	10	1	17	1	1	4	24
1618	43	3	145	26	16	108	19
1619	101	1	2	1	10	1	112
1620	102	68	2	1	10	5	17
1621	4	3	1	2	1	1	62
1622	10	1	2	1	12	1	271
1623	103	5	1	1	10	1	139
1624	2	3	1	1	9	1	19
1625	10	7	2	1	9	4	4
1626	2	4	2	1	7	1	62
1627	3	1	1	1	12	1	15
1628	23	31	2	1	1	4	23
1629	2	3	11	8	9	5	10
1630	2	94	5	1	1	1	4
1631	2	1	1	37	10	109	9
1632	1	1	146	1	1	1	1
1633	3	6	1	5	4	1	6
1634	1	6	1	26	12	25	9
1635	18	22	26	64	107	92	1
1636	1	6	1	1	1	1	12
1637	32	1	1	1	9	4	12
1638	98	75	18	89	11	41	194
1639	4	51	2	1	12	4	42
1640	3	3	1	1	1	9	4
1641	38	19	148	124	206	97	148
1642	50	19	147	20	150	18	272
1643	18	22	55	125	11	20	273
1644	2	95	2	3	1	4	274
1645	18	22	122	126	32	13	275
1646	10	3	4	97	12	1	39
1647	104	19	149	39	207	97	276
1648	4	96	2	52	1	1	7
1649	2	20	150	1	1	1	19
1650	1	4	1	1	1	1	1
1651	2	4	2	1	208	48	17
1652	2	4	1	1	4	4	4
1653	4	3	2	3	13	1	9
1654	2	1	2	33	7	1	81
1655	2	6	1	1	1	1	4
1656	2	6	1	1	9	4	12
1657	2	6	2	2	6	4	4
1658	2	1	11	1	9	1	112
1659	2	6	1	1	3	1	15
1660	2	1	1	1	9	4	260
1661	2	1	1	2	89	4	4
1662	4	1	1	1	3	44	4
1663	4	1	2	26	7	4	19
1664	2	1	1	1	21	4	271
1665	2	3	1	1	1	4	61
1666	2	1	11	20	1	4	13
1667	2	1	70	20	10	1	9
1668	3	3	1	1	1	1	106
1669	2	1	1	6	7	1	51
1670	25	33	1	26	7	1	12
1671	10	20	2	1	9	11	56
1672	2	1	1	3	8	25	13
1673	2	1	65	2	5	1	16
1674	2	1	1	6	7	1	19
1675	10	1	11	1	26	2	112
1676	18	22	55	85	11	13	179
1677	28	18	43	27	209	29	67
1678	2	3	13	2	6	4	4
1679	4	1	6	1	6	1	38
1680	3	3	1	1	1	1	111
1681	17	19	28	20	117	18	162
1682	16	18	21	27	73	22	67
1683	16	18	21	27	39	22	278
1684	16	24	21	78	53	22	45
1685	2	6	1	5	4	9	6
1686	101	1	1	1	9	1	10
1687	16	24	21	27	52	22	80
1688	16	18	21	27	55	22	200
1689	2	5	1	1	10	1	46
1690	2	1	11	1	1	7	13
1691	2	3	6	1	9	7	13
1692	2	68	1	1	1	1	100
1693	2	1	1	1	7	1	25
1694	2	10	13	1	17	4	186
1695	10	1	11	1	9	4	13
1696	16	9	2	1	13	1	16
1697	18	1	18	16	25	13	165
1698	18	4	26	23	31	13	49
1699	18	22	18	85	134	38	51
1700	18	22	68	70	94	20	4
1701	2	1	1	1	9	4	39
1702	2	9	2	1	13	1	15
1703	40	22	56	61	98	38	51
1704	2	1	10	1	4	1	51
1705	4	1	1	2	10	44	77
1706	38	19	1	20	108	21	148
1707	69	19	90	20	125	21	192
1708	16	24	21	53	50	22	207
1709	3	1	1	1	7	4	38
1710	2	1	2	1	1	10	25
1711	3	3	1	1	13	1	4
1712	2	5	2	2	1	1	10
1713	4	3	1	1	7	4	10
1714	2	1	1	1	1	1	7
1715	2	1	1	3	8	25	15
1716	2	1	2	1	1	4	65
1717	2	3	2	1	7	4	7
1718	2	1	1	1	7	1	7
1719	4	1	2	1	21	1	35
1720	2	1	2	1	1	1	1
1721	4	24	21	27	47	22	16
1722	2	1	1	3	3	5	54
1723	18	22	18	22	25	37	16
1724	2	1	145	1	79	1	6
1725	18	22	18	22	115	37	16
1726	2	1	1	117	10	4	18
1727	2	10	13	1	12	1	25
1728	2	1	20	1	4	5	110
1729	112	22	26	22	217	13	289
1730	2	1	5	87	10	4	18
1731	4	1	20	1	7	4	91
1732	4	1	1	1	1	1	4
1733	57	3	1	1	1	9	79
1734	4	1	33	1	1	23	6
1735	2	3	2	20	1	4	56
1736	2	1	1	1	218	1	9
1737	16	24	21	31	47	22	45
1738	2	1	1	1	1	4	61
1739	4	1	1	1	7	1	1
1740	17	19	39	20	150	18	52
1741	2	3	2	1	17	4	42
1742	18	17	156	39	219	19	290
1743	2	3	1	1	220	1	4
1744	106	80	154	124	211	21	280
1745	2	1	2	1	210	4	4
1746	4	1	151	129	213	1	4
1747	108	24	21	33	52	22	67
1748	105	68	153	1	26	4	279
1749	2	1	1	1	9	4	282
1750	107	1	1	1	212	1	2
1751	16	18	21	31	47	110	281
1752	18	1	26	130	115	13	149
1753	109	1	1	1	9	4	12
1754	111	6	13	1	177	1	39
1755	2	1	33	1	1	4	284
1756	18	22	18	22	115	38	51
1757	16	97	21	27	216	57	67
1758	10	1	155	1	214	1	264
1759	18	22	18	23	134	13	16
1760	18	22	85	128	215	61	4
1761	2	1	1	131	9	4	12
1762	18	23	152	22	11	13	12
1763	110	22	26	127	94	13	285
1764	5	3	1	1	9	4	283
1765	18	22	85	128	215	61	286
1766	4	4	1	1	7	4	16
1767	2	3	6	1	9	7	61
1768	16	24	21	27	221	22	292
1769	2	1	1	1	9	4	291
1770	18	22	18	63	11	13	179
1771	2	1	157	8	10	4	61
1772	2	1	5	1	7	4	7
1773	16	24	21	27	52	22	293
1774	2	5	2	1	222	4	38
1775	2	1	159	1	7	1	295
1776	18	15	64	59	11	13	294
1777	113	1	2	1	10	16	121
1778	16	98	21	132	38	22	67
1779	2	9	2	1	13	1	296
1780	2	6	158	1	147	1	31
1781	14	20	2	1	9	11	14
1782	2	5	1	1	10	1	18
1783	16	24	21	38	194	22	103
1784	16	24	21	49	47	22	298
1785	2	1	2	1	224	1	12
1786	2	1	2	1	225	7	13
1787	47	1	13	3	12	25	18
1788	2	6	160	1	226	111	299
1789	2	6	1	1	4	1	6
1790	16	32	21	133	47	22	281
1791	16	18	30	40	47	22	85
1792	2	1	1	1	1	1	300
1793	42	23	26	16	102	38	165
1794	18	22	55	89	11	41	57
1795	18	22	18	63	171	13	179
1796	18	99	26	16	227	13	51
1797	2	1	125	1	9	1	12
1798	3	5	1	134	10	4	4
1799	2	1	1	1	3	1	34
1800	2	1	11	1	9	4	13
1801	2	1	1	26	3	5	54
1802	9	48	2	1	1	1	27
1803	18	22	161	22	11	13	192
1804	2	1	11	1	9	10	61
1805	4	3	1	1	9	27	14
1806	2	6	1	1	4	1	18
1807	69	19	90	20	125	18	266
1808	2	3	1	1	109	4	18
1809	2	1	1	1	4	4	9
1810	2	5	1	1	1	16	2
1811	2	9	1	1	7	1	2
1812	3	79	6	1	7	4	38
1813	18	22	74	63	127	13	99
1814	2	100	2	136	7	1	7
1815	16	18	21	27	47	22	302
1816	1	1	76	1	1	71	1
1817	10	1	11	1	9	10	23
1818	10	1	5	1	7	4	112
1819	16	24	21	27	47	29	67
1820	16	24	60	49	137	22	67
1821	17	19	96	20	113	18	52
1822	18	22	26	64	107	92	192
1823	2	1	1	1	1	1	19
1824	2	1	1	1	12	1	34
1825	2	1	1	1	12	27	1
1826	2	1	1	1	4	4	59
1827	2	3	2	2	6	4	59
1828	2	6	1	37	3	27	4
1829	3	1	2	1	9	1	12
1830	3	1	2	4	1	1	111
1831	3	31	2	1	4	1	9
1832	4	1	1	1	101	1	18
1833	4	1	1	1	12	25	39
1834	42	22	26	96	115	20	51
1835	52	1	2	17	7	16	2
1836	2	1	2	1	2	1	4
1837	18	22	55	85	11	38	51
1838	1	1	2	35	10	24	19
1839	2	1	2	1	16	8	7
1840	18	15	18	85	31	13	51
1841	2	3	1	1	2	4	10
1842	2	2	83	1	12	4	4
1843	16	24	43	49	84	29	67
1844	1	1	1	1	1	1	297
1845	16	24	36	27	47	22	67
1846	2	1	164	1	7	4	303
1847	17	19	28	20	228	21	52
1848	16	24	162	38	47	57	67
1849	3	3	1	1	1	3	79
1850	3	3	1	80	1	1	79
1851	1	1	4	80	1	1	1
1852	1	1	1	80	1	1	1
1853	4	3	1	1	10	1	19
1854	3	3	1	1	1	48	4
1855	2	3	1	1	1	1	12
1856	114	84	163	135	13	83	301
1857	17	19	39	20	125	4	305
1858	16	101	165	27	229	60	45
1859	18	22	26	108	98	37	227
1860	18	22	18	61	32	13	50
1861	2	1	166	46	9	1	12
1862	2	1	167	1	1	1	4
1863	2	1	1	2	1	1	1
1864	3	1	1	1	12	1	4
1865	2	1	1	1	1	1	61
1866	115	24	42	137	47	22	306
1867	2	3	2	35	1	4	4
1868	2	3	1	1	1	1	31
1869	3	3	1	1	9	1	4
1870	16	3	1	1	1	1	31
1871	2	24	11	1	4	8	24
1872	16	24	21	31	24	40	67
1873	2	6	10	82	20	10	25
1874	2	60	77	1	17	4	42
1875	16	24	21	53	47	17	215
1876	2	5	1	1	12	1	18
1877	1	1	2	1	10	24	19
1878	3	5	1	1	9	1	43
1879	1	3	1	1	1	1	79
1880	3	4	6	1	7	85	38
1881	16	24	21	27	47	22	75
1882	116	24	21	27	53	22	80
1883	3	3	1	1	1	45	4
1884	3	1	2	4	1	45	4
1885	16	24	21	27	47	22	39
1886	2	5	118	1	10	1	13
1887	18	22	74	64	154	20	99
1888	16	18	21	138	82	60	75
1889	117	22	55	125	11	20	273
1890	63	60	2	77	4	15	307
1891	2	1	2	1	1	112	10
1892	18	22	74	16	31	92	154
1893	2	1	1	1	9	4	308
1894	16	18	168	91	47	33	67
1895	16	28	21	121	47	113	67
1896	14	1	1	1	230	1	4
1897	2	1	11	1	1	1	271
1898	2	1	20	2	1	1	89
1899	16	45	21	27	39	22	67
1900	2	1	62	1	12	4	155
1901	18	22	74	16	7	69	99
1902	2	31	1	1	12	4	136
1903	16	24	21	27	47	17	67
1904	60	24	21	27	53	17	103
1905	2	1	1	1	7	4	12
1906	2	9	2	1	13	1	309
1907	18	22	26	59	107	38	49
1908	3	1	6	1	7	4	38
1909	18	15	18	22	231	13	310
1910	2	1	169	1	232	7	13
1911	2	3	1	1	1	4	6
1912	18	22	25	64	11	13	194
1913	2	1	170	35	10	24	19
1914	2	1	2	1	7	1	311
1915	16	24	21	31	47	93	67
1916	4	77	13	3	4	27	25
1917	2	2	1	1	1	1	218
1918	16	18	21	33	47	40	67
1919	2	1	1	1	12	4	34
1920	2	1	1	6	9	4	31
1921	18	22	26	16	233	37	312
1922	3	4	6	1	7	4	16
1923	2	3	1	1	10	1	43
1924	18	23	26	139	11	41	313
1925	118	1	2	1	1	1	4
1926	2	4	1	1	26	1	2
1927	2	1	171	1	10	4	13
1928	16	18	21	33	47	17	67
1929	18	22	26	110	234	20	314
1930	2	3	172	3	1	28	56
1931	2	9	173	1	13	1	10
1932	10	7	1	26	10	4	127
1933	2	1	1	1	3	1	9
1934	2	1	2	1	235	4	6
1935	16	24	21	140	231	17	67
1936	4	53	1	1	1	114	56
1937	27	3	2	1	7	4	17
1938	2	3	41	1	1	25	23
1939	2	1	174	13	16	15	4
1940	10	5	1	1	10	11	40
1941	2	102	1	1	9	4	12
1942	2	5	1	1	2	1	43
1943	18	15	54	141	74	74	99
1944	2	1	1	6	9	115	182
1945	17	55	175	20	117	18	156
1946	2	6	1	142	10	1	34
1947	16	24	21	143	47	60	67
1948	2	1	2	144	10	1	19
1949	2	6	101	5	4	1	6
1950	91	6	91	5	4	111	6
1951	91	6	111	5	4	8	6
1952	18	22	176	145	11	38	316
1953	17	3	1	1	1	1	4
1954	3	1	2	4	1	1	56
1955	17	19	69	39	219	21	126
1956	4	1	1	146	1	4	12
1957	16	24	21	38	238	22	67
1958	71	1	1	2	16	4	40
1959	17	19	177	20	239	18	148
1960	2	9	2	1	13	1	317
1961	1	1	1	1	1	116	1
1962	2	1	65	1	240	4	43
1963	2	103	1	2	10	4	9
1964	2	3	1	147	4	4	4
1965	2	3	3	2	6	4	4
1966	2	1	2	1	10	4	42
1967	2	3	6	1	9	4	4
1968	2	1	2	1	12	1	12
1969	3	3	2	1	1	1	264
1970	2	1	1	1	1	15	13
1971	56	1	2	1	9	15	12
1972	4	3	2	26	7	1	4
1973	2	3	6	75	9	7	35
1974	38	19	39	20	108	21	67
1975	2	1	1	1	13	4	12
1976	2	3	6	75	1	4	137
1977	65	59	89	79	136	81	170
1978	2	4	2	1	7	1	46
1979	2	1	1	1	9	1	1
1980	16	24	105	27	158	22	178
1981	7	3	5	1	1	1	84
1982	2	1	2	1	1	1	9
1983	3	1	47	1	13	1	16
1984	16	24	21	38	155	22	67
1985	4	3	2	1	9	1	12
1986	16	24	21	27	47	22	183
1987	1	1	1	3	3	28	64
1988	16	28	21	27	47	22	183
1989	4	1	1	1	7	1	9
1990	2	9	1	1	1	1	48
1991	2	3	6	1	1	3	38
1992	16	28	21	1	1	1	16
1993	15	1	2	1	3	1	18
1994	16	24	84	38	47	57	67
1995	4	1	2	1	1	10	43
1996	2	1	2	2	1	1	68
1997	3	3	95	1	16	1	321
1998	18	22	26	61	231	20	320
1999	2	5	1	1	9	1	318
2000	18	23	55	89	11	41	319
2001	15	1	1	4	3	1	19
2002	2	5	2	1	7	4	23
2003	2	1	62	3	242	4	110
2004	4	1	2	1	1	114	4
2005	4	3	1	36	9	10	322
2006	16	18	21	27	47	22	323
2007	2	6	178	82	20	10	25
2008	16	18	179	148	76	22	103
2009	4	5	2	52	1	1	7
2010	17	55	39	20	243	18	156
2011	16	18	21	40	120	22	152
2012	18	22	26	130	115	13	149
2013	16	18	21	33	55	59	324
2014	2	4	2	1	10	31	19
2015	2	1	1	3	8	1	15
2016	2	6	1	5	4	1	325
2017	2	6	1	5	4	117	6
2018	3	9	2	1	1	1	16
2019	2	3	2	1	13	1	16
2020	2	3	2	1	13	1	35
2021	2	4	2	1	13	1	16
2022	4	1	1	1	7	4	10
2023	4	9	1	1	7	4	10
2024	3	1	2	1	1	1	16
2025	2	1	2	1	24	4	4
2026	2	1	2	1	26	1	2
2027	14	1	2	2	135	4	2
2028	2	5	1	1	10	1	31
2029	2	3	2	1	7	1	12
2030	2	1	2	1	10	4	327
2031	3	1	2	4	1	1	10
2032	3	4	6	1	7	4	6
2033	2	1	2	3	10	4	19
2034	98	19	39	20	199	118	262
2035	2	3	1	1	12	1	100
2036	3	4	2	1	1	1	16
2037	18	22	26	61	31	119	51
2038	2	1	1	1	1	4	36
2039	2	3	2	4	9	4	13
2040	3	3	1	1	1	1	326
2041	1	1	138	1	1	1	1
2042	4	1	2	4	10	102	242
2043	2	1	19	1	12	4	4
2044	2	89	1	1	9	4	12
2045	18	22	26	22	94	13	51
2046	2	1	1	2	177	1	54
2047	2	1	1	1	1	4	243
2048	16	18	46	27	104	29	75
2049	16	18	43	40	47	22	124
2050	2	3	2	37	10	1	15
2051	16	24	21	27	47	22	207
2052	3	1	1	1	2	1	100
2053	2	3	1	4	1	4	13
2054	2	1	5	117	10	4	18
2055	2	1	1	6	101	1	10
2056	2	3	2	4	9	4	244
2057	16	18	84	31	54	29	67
2058	2	3	2	4	7	4	24
2059	18	22	26	23	31	41	49
2060	2	6	65	82	20	10	25
2061	2	86	6	1	9	4	13
2062	16	18	21	66	47	17	85
2063	2	1	11	35	7	4	13
2064	2	3	1	1	220	4	42
2065	2	1	65	1	214	1	40
2066	2	1	13	34	16	25	4
2067	17	19	39	39	107	21	126
2068	18	22	26	22	233	43	51
2069	16	18	21	27	47	93	75
2070	2	1	1	151	1	27	19
2071	120	6	1	3	26	1	77
2072	2	1	1	1	9	8	12
2073	18	15	18	22	11	38	51
2074	4	1	1	1	9	1	23
2075	17	19	39	39	198	18	196
2076	2	3	1	1	118	1	13
2077	3	3	88	1	1	1	4
2078	28	24	21	27	92	22	67
2079	2	1	88	6	7	1	12
2080	4	5	88	1	1	94	23
2081	16	18	21	38	68	22	67
2082	3	1	2	1	244	4	64
2083	17	19	175	149	185	120	148
2084	3	4	180	1	7	4	38
2085	2	5	2	150	7	1	10
2086	2	1	1	1	3	3	329
2087	2	105	1	6	7	1	12
2088	2	1	182	1	9	1	93
2089	16	24	21	27	52	122	67
2090	2	2	2	1	247	4	25
2091	119	104	181	64	94	121	328
2092	17	19	39	39	246	123	196
2093	2	3	183	1	118	1	13
2094	4	1	1	1	245	1	38
2095	10	1	11	1	9	125	43
2096	1	6	1	1	1	46	1
2097	4	1	1	1	12	1	39
2098	43	1	2	1	16	4	16
2099	3	6	1	1	10	4	4
2100	3	3	1	129	1	1	4
2101	3	3	1	1	191	1	18
2102	2	3	2	1	1	1	56
2103	2	1	1	1	13	4	4
2104	122	3	2	2	6	4	4
2105	2	1	2	1	3	1	332
2106	3	3	3	1	1	1	4
2107	3	1	1	1	16	4	43
2108	2	1	1	3	12	1	5
2109	42	22	18	22	79	41	179
2110	2	68	186	2	4	4	4
2111	4	108	1	1	9	1	35
2112	2	1	5	1	2	8	112
2113	2	1	2	2	1	10	43
2114	16	24	21	27	47	22	204
2115	2	1	17	1	1	1	23
2116	2	1	1	1	9	1	19
2117	60	24	21	76	250	17	339
2118	5	1	1	1	9	1	34
2119	40	22	56	61	11	126	99
2120	2	1	1	1	12	1	344
2121	3	1	1	4	7	4	13
2122	16	45	21	27	251	60	67
2123	2	1	10	1	1	10	25
2124	2	1	2	17	27	1	25
2125	18	22	26	22	151	13	51
2126	2	1	2	2	31	4	4
2127	12	1	1	152	5	1	36
2128	2	1	1	1	2	4	9
2129	2	3	1	1	10	1	5
2130	2	1	2	37	7	1	19
2131	18	22	26	22	171	20	51
2132	63	3	3	1	186	100	239
2133	18	22	26	96	252	13	51
2134	2	1	5	2	255	4	333
2135	2	1	2	1	225	1	13
2136	2	2	1	4	1	4	18
2137	42	22	56	61	94	38	169
2138	18	22	26	63	127	20	345
2139	16	24	43	38	54	22	346
2140	2	6	1	3	1	4	15
2141	2	3	6	4	9	1	4
2142	4	5	1	1	1	4	46
2143	18	22	18	16	11	13	179
2144	18	109	26	63	254	38	359
2145	2	6	17	1	20	10	360
2146	2	6	16	5	4	1	195
2147	1	1	1	1	256	1	1
2148	3	1	1	1	3	5	9
2149	1	9	2	1	13	1	16
2150	14	1	2	2	135	4	12
2151	4	1	1	1	1	1	31
2152	16	37	21	27	47	60	39
2153	4	1	8	1	6	2	12
2154	10	1	155	1	214	1	43
2155	2	3	1	1	10	15	12
2156	2	3	1	97	12	1	39
2157	2	1	2	1	10	1	13
2158	4	1	5	1	7	1	24
2159	4	7	1	37	177	4	6
2160	2	1	1	37	10	1	334
2161	2	9	2	65	13	1	4
2162	4	1	1	1	20	45	218
2163	2	5	1	1	9	4	18
2164	2	3	1	1	9	1	335
2165	2	1	1	1	1	4	336
2166	16	18	93	27	41	22	16
2167	2	9	2	1	13	1	35
2168	18	22	18	22	25	37	25
2169	42	22	55	22	11	13	25
2170	1	6	17	1	20	10	35
2171	2	6	1	1	4	4	4
2172	124	3	1	1	257	4	4
2173	4	6	19	13	1	4	22
2174	125	6	1	1	1	1	1
2175	2	1	2	1	213	1	7
2176	2	1	1	1	1	1	68
2177	10	3	6	1	9	7	4
2178	2	1	76	1	10	1	9
2179	9	4	2	1	1	1	9
2180	9	4	2	1	1	4	27
2181	2	1	2	1	9	4	112
2182	2	1	2	1	9	7	112
2183	16	24	21	31	146	22	74
2184	18	22	26	110	107	20	192
2185	2	1	35	1	3	27	25
2186	2	1	1	1	1	1	16
2187	4	1	1	39	7	1	4
2188	4	1	1	1	223	1	4
2189	3	3	1	1	1	1	112
2190	2	10	13	1	1	7	6
2191	3	1	2	1	1	4	16
2192	2	1	1	6	101	67	10
2193	15	3	1	1	1	1	4
2194	3	3	1	1	1	112	4
2195	3	3	1	136	1	1	4
2196	3	3	1	1	10	1	13
2197	2	52	1	1	7	1	46
2198	3	3	1	1	1	88	4
2199	2	1	1	1	1	4	127
2200	2	3	159	1	4	4	4
2201	2	7	2	1	2	1	2
2202	2	3	65	6	3	15	4
2203	2	6	1	37	3	27	111
2204	10	1	11	1	9	10	300
2205	3	31	2	1	4	1	220
2206	16	24	21	27	47	22	252
2207	16	24	21	27	76	22	73
2208	3	3	1	1	1	1	59
2209	6	3	1	1	12	1	111
2210	2	1	1	1	4	4	111
2211	79	3	1	1	9	1	23
2212	2	3	6	1	9	7	59
2213	4	1	2	1	1	7	111
2214	6	3	1	1	12	1	59
2215	79	3	1	1	9	1	300
2216	2	1	1	1	10	4	242
2217	2	1	2	3	26	4	25
2218	98	80	22	20	258	18	162
2219	126	1	1	2	16	4	337
2220	127	1	2	3	10	1	19
2221	16	24	21	40	47	60	281
2222	16	24	21	121	47	22	67
2223	41	1	1	1	1	1	19
2224	2	1	1	1	16	27	12
2225	18	23	56	63	11	43	165
2226	6	3	1	2	12	1	110
2227	2	1	71	1	3	3	4
2228	16	24	21	27	155	22	67
2229	3	3	1	1	4	4	4
2230	3	61	1	1	1	1	4
2231	2	1	11	1	10	25	4
2232	2	1	11	1	10	25	13
2233	17	3	28	20	34	18	148
2234	1	4	6	1	7	4	38
2235	17	19	39	20	108	55	142
2236	2	1	2	4	9	1	18
2237	1	1	1	1	1	46	1
2238	2	1	1	1	1	3	12
2239	4	1	1	1	11	1	35
2240	3	3	1	1	1	22	4
2241	18	22	26	23	31	13	141
2242	2	1	1	1	13	4	19
2243	82	19	188	39	51	21	245
2244	43	1	2	1	10	35	13
2245	3	3	1	1	1	15	4
2246	16	24	134	76	153	22	67
2247	2	1	1	26	1	48	54
2248	2	1	1	1	9	4	112
2249	2	5	1	20	9	4	6
2250	10	20	2	1	9	11	25
2251	128	19	69	39	259	18	148
2252	2	3	1	20	4	1	4
2253	4	5	2	2	1	1	24
2254	25	33	141	26	7	1	56
2255	1	1	2	1	10	1	19
2256	65	110	189	1	260	4	170
2257	18	19	175	114	261	21	338
2258	4	1	11	1	9	10	9
2259	3	4	6	1	7	4	35
2260	3	3	1	2	1	1	4
2261	2	1	5	1	4	1	10
2262	2	4	1	26	7	27	9
2263	16	18	21	154	47	22	67
2264	3	9	47	1	13	1	340
2265	5	1	1	1	10	4	13
2266	38	19	112	39	96	63	125
2267	2	1	2	1	1	1	38
2268	2	3	11	1	7	4	13
2269	2	1	37	2	102	1	68
2270	2	3	1	20	61	4	133
2271	2	1	1	153	10	4	13
2272	9	4	190	1	1	1	27
2273	16	24	21	27	47	22	341
2274	38	19	39	20	206	127	67
2275	18	22	26	22	115	52	51
2276	13	15	18	16	25	13	50
2277	129	6	1	1	1	1	1
2278	2	7	70	1	262	6	4
2279	2	111	1	26	3	4	123
2280	2	1	2	1	10	4	12
2281	4	1	1	22	7	4	35
2282	4	1	1	1	10	4	337
2283	2	27	1	1	12	1	13
2284	2	1	1	6	7	1	10
2285	2	1	101	2	1	1	18
2286	2	1	62	1	10	4	110
2287	2	6	88	5	4	1	6
2288	16	18	21	33	55	59	75
2289	1	6	88	1	1	1	1
2290	1	1	1	1	1	104	1
2291	2	1	88	13	16	15	4
2292	3	4	6	1	263	4	38
2293	2	112	1	1	7	4	4
2294	4	4	1	1	264	4	10
2295	16	24	21	27	92	22	288
2296	3	3	1	1	1	1	38
2297	2	3	1	1	10	4	13
2298	98	1	90	20	117	21	162
