ST	dnaE	gyrB	recA	dtdS	pntA	pyrC	tnaA	clonal_complex
1	5	52	27	13	17	25	10	no
2	11	4	19	4	29	4	22	yes
3	3	4	19	4	29	4	22	yes
4	3	5	22	12	20	22	25	no
5	3	16	13	36	15	30	26	no
6	4	13	11	38	18	9	23	no
7	4	12	11	38	16	9	23	no
8	28	4	82	88	63	69	1	no
9	6	6	3	17	11	35	26	no
10	7	36	4	26	6	18	26	no
11	8	24	4	14	12	14	12	no
12	9	21	15	13	4	10	26	no
13	10	5	22	34	20	22	15	no
14	11	4	16	35	29	15	22	no
15	12	34	25	32	19	12	26	no
16	12	13	15	22	3	1	12	no
17	13	10	19	27	28	27	21	no
18	14	30	5	11	27	11	13	no
19	15	11	30	10	1	3	9	no
20	16	33	32	36	13	11	19	no
21	17	15	1	25	23	21	16	no
22	17	37	6	28	21	28	7	no
23	17	16	13	36	15	31	26	no
24	17	19	13	36	33	24	26	no
25	17	19	12	36	31	32	26	no
26	17	19	13	36	31	32	26	no
27	17	4	19	4	29	4	22	yes
28	17	16	13	7	24	16	20	no
29	18	18	9	19	4	28	18	no
30	19	31	8	31	32	29	20	no
31	19	31	7	31	32	29	20	no
32	20	25	15	6	7	11	4	no
33	20	25	15	16	7	11	5	no
34	20	25	15	13	7	11	5	no
35	20	7	15	13	7	11	5	no
36	21	15	1	23	23	21	16	no
37	21	15	1	23	23	20	16	no
38	21	15	1	23	22	21	16	no
39	21	29	1	23	23	21	16	no
40	22	24	17	13	9	19	14	no
41	22	28	33	13	8	19	14	no
42	22	4	19	4	29	4	22	yes
43	23	29	10	7	14	24	2	no
44	23	15	10	7	14	24	3	no
45	24	22	18	37	18	11	8	no
46	25	35	4	8	33	31	6	no
47	26	16	13	24	31	33	2	no
48	27	26	20	15	5	2	28	no
49	28	17	21	30	20	23	24	no
50	29	5	22	12	20	22	25	no
51	29	4	19	4	29	4	22	yes
52	30	32	23	20	2	13	11	no
53	31	17	21	30	20	23	24	no
54	31	8	3	13	30	7	2	no
55	32	23	26	21	26	17	23	no
56	33	22	24	5	10	5	1	no
57	34	29	2	33	25	26	17	no
58	35	20	31	29	23	6	27	no
59	36	15	1	25	23	21	16	no
60	36	19	13	36	33	24	26	no
61	37	14	14	9	14	34	26	no
62	19	4	88	2	34	18	23	no
63	7	38	34	27	28	8	2	no
64	40	39	3	18	4	36	29	no
65	39	9	27	39	3	37	30	no
66	42	25	3	40	35	38	31	no
67	44	42	35	29	26	41	13	no
68	41	40	36	41	36	39	32	no
69	43	41	31	42	37	40	33	no
70	28	17	37	30	20	23	24	no
71	3	4	4	4	29	4	20	yes
72	3	4	4	4	29	4	22	yes
73	3	44	42	44	38	44	24	no
74	5	25	19	45	4	11	24	no
75	47	47	4	46	39	43	35	no
76	5	25	4	46	4	11	24	no
77	20	25	15	13	7	42	5	no
78	46	46	39	47	26	47	34	no
79	35	43	38	21	31	35	37	no
80	48	5	41	43	31	45	22	no
81	45	45	40	7	14	46	36	no
82	5	52	27	13	18	25	40	no
83	5	52	27	13	17	25	40	no
84	49	54	46	51	18	11	8	no
85	5	4	19	45	4	11	24	no
86	5	53	47	28	4	51	41	no
87	11	4	16	35	29	52	22	no
88	11	48	43	48	26	48	26	no
89	28	28	44	46	40	49	38	no
90	29	5	22	12	20	55	25	no
91	35	4	16	50	29	5	42	no
92	50	55	48	52	23	53	43	no
93	51	50	31	29	41	46	39	no
94	52	49	45	49	4	50	23	no
95	20	25	15	13	7	11	20	no
96	35	4	16	50	29	66	42	no
97	45	60	55	59	14	57	7	no
98	14	30	49	11	27	11	13	
99	53	61	56	8	4	11	19	no
100	59	66	6	36	28	46	19	no
101	59	66	6	36	28	61	19	no
102	17	19	13	36	33	24	20	no
103	61	68	31	56	45	64	20	no
104	60	67	4	53	43	63	23	no
105	28	59	54	29	26	11	24	no
106	54	64	3	35	14	46	24	no
107	62	69	57	61	46	65	24	no
108	26	58	53	19	28	9	26	no
109	17	57	6	23	44	28	36	no
110	17	57	52	23	44	28	36	no
111	56	16	3	13	21	59	36	no
112	3	56	51	58	14	29	44	no
113	63	62	25	54	4	56	45	no
114	55	15	31	55	18	58	46	no
115	57	35	50	57	26	60	47	no
116	63	63	55	60	4	29	7	no
117	58	45	10	8	28	33	45	no
118	58	65	10	8	28	33	45	no
119	20	25	14	14	42	29	23	no
120	60	108	86	98	18	45	51	no
121	3	2	82	50	4	78	66	no
122	2	113	72	94	69	83	23	no
123	35	111	85	100	26	84	1	no
124	10	1	62	95	50	85	26	no
125	35	110	29	78	71	86	51	no
126	12	109	25	91	70	87	23	no
127	47	112	38	97	68	69	64	no
128	38	25	19	96	45	81	65	no
129	49	107	90	19	73	37	20	no
130	85	13	67	1	35	88	67	no
131	33	104	96	103	28	11	9	no
132	86	117	35	19	26	70	15	no
133	86	4	35	19	26	92	15	no
134	92	116	25	102	28	3	20	no
135	17	16	95	7	24	16	20	no
136	45	16	92	101	4	32	23	no
137	31	4	91	69	26	90	23	no
138	47	58	53	104	26	37	26	no
139	35	117	38	21	31	35	37	no
140	93	116	6	19	24	93	48	no
141	31	115	22	12	3	91	68	no
142	31	115	94	12	28	91	68	no
143	95	119	93	106	74	89	70	no
144	94	114	31	105	3	71	69	no
145	64	77	58	62	4	62	48	no
146	42	81	59	63	28	7	52	no
147	65	43	33	64	30	5	23	no
148	3	79	31	13	18	4	51	no
149	68	76	57	65	50	70	53	no
150	19	74	61	68	48	11	26	no
151	3	82	62	69	30	7	23	no
152	67	83	31	70	47	73	13	no
153	6	6	3	17	11	35	54	no
154	35	50	63	27	49	46	26	no
155	11	75	64	67	26	7	50	no
156	28	73	65	71	27	52	1	no
157	3	71	66	73	26	27	23	no
158	71	13	67	77	21	69	55	no
159	12	58	68	78	39	37	49	no
160	70	78	31	81	49	74	62	no
161	28	17	21	79	20	23	24	no
162	47	58	53	19	50	37	26	no
163	72	96	70	80	18	75	9	no
164	25	89	72	76	55	72	54	no
165	76	88	31	13	53	45	13	no
166	83	97	73	83	4	77	58	no
167	42	93	74	50	26	78	57	no
168	19	87	76	19	61	79	56	no
169	51	4	77	67	60	8	33	no
170	82	85	78	19	60	69	24	no
171	81	84	75	84	63	26	47	no
172	80	95	80	74	4	67	61	no
173	77	104	3	85	65	10	57	no
174	84	103	79	82	62	46	60	no
175	78	4	31	90	21	11	12	no
176	5	4	25	4	64	4	22	no
177	79	43	31	86	21	11	12	no
178	81	102	83	86	59	80	48	no
179	81	106	81	86	50	80	48	no
180	89	105	15	89	57	11	57	no
181	91	101	84	91	58	78	33	no
182	90	100	31	29	66	11	9	no
183	87	99	97	87	67	5	54	no
184	19	87	31	19	61	79	56	no
185	96	29	100	27	26	100	72	no
186	31	121	60	66	52	62	23	no
187	75	120	71	13	56	37	29	no
188	60	108	86	99	18	45	51	no
189	11	48	3	48	26	48	26	no
190	28	125	99	91	50	11	26	no
191	82	129	101	108	76	98	71	no
192	3	126	19	4	29	4	22	yes
193	44	130	87	110	29	37	63	no
194	97	127	101	29	78	99	47	no
195	99	128	72	111	46	43	54	no
196	1	4	19	112	29	4	22	yes
197	101	124	89	13	4	101	26	no
198	102	122	91	69	23	3	57	no
199	22	28	17	13	8	19	14	no
200	103	3	89	3	72	82	2	no
201	74	94	89	82	23	37	23	no
202	73	90	98	66	4	76	26	no
203	13	10	19	27	28	7	21	no
204	19	133	103	21	37	103	74	no
205	105	134	78	19	26	102	75	no
206	31	131	60	78	52	62	13	no
207	47	91	105	46	79	45	26	no
208	88	4	104	92	60	8	26	no
209	66	72	107	72	21	94	32	no
210	7	70	106	75	4	5	59	no
211	3	4	108	4	51	4	22	yes
212	69	92	69	114	54	71	24	no
213	19	86	3	113	31	68	23	no
214	104	132	102	115	26	62	73	no
215	81	84	75	84	75	26	47	no
216	98	135	112	107	77	97	26	no
217	80	88	111	109	37	95	69	no
218	100	123	110	13	11	96	57	no
219	107	140	15	118	82	5	80	no
220	3	4	15	4	29	4	22	yes
221	28	141	21	119	20	14	24	no
222	106	142	31	39	46	41	77	no
223	108	136	109	35	11	82	24	no
224	28	83	82	117	18	69	79	no
225	60	139	67	18	80	96	71	no
226	28	90	113	82	81	104	26	no
227	3	4	19	4	29	22	22	yes
228	5	137	67	50	23	105	79	no
229	109	136	25	121	83	107	83	no
230	110	144	116	35	18	108	86	no
231	111	17	3	123	85	37	87	no
232	98	131	30	32	77	11	82	no
233	109	136	114	121	83	107	83	no
234	5	84	115	74	84	26	84	no
235	10	69	27	76	46	65	29	no
236	114	100	61	122	66	54	85	no
237	115	43	25	108	71	73	62	no
238	109	136	114	121	21	107	83	no
239	6	6	3	17	11	26	23	no
240	31	147	62	84	4	45	88	no
241	112	143	25	120	26	109	81	no
242	113	145	61	70	28	11	26	no
243	12	146	117	124	28	10	54	no
244	19	74	61	68	86	11	26	no
245	49	148	25	125	60	110	89	no
246	33	87	24	5	10	5	1	no
247	116	149	72	76	45	62	26	no
248	5	88	61	19	18	3	90	no
249	3	151	25	29	61	11	62	no
250	118	87	119	117	54	111	91	no
251	119	152	120	29	23	11	61	no
252	36	153	121	126	27	112	17	no
253	35	154	25	50	73	35	23	no
254	112	155	122	19	87	96	92	no
255	12	156	123	127	19	12	47	no
256	42	157	59	128	6	113	57	no
257	120	158	89	129	26	114	93	no
258	121	95	124	130	26	115	12	no
259	122	25	125	131	21	11	66	no
260	3	82	126	69	30	7	23	no
261	123	100	127	50	66	11	31	no
262	105	156	123	127	19	12	47	no
263	50	55	48	52	23	53	47	no
264	5	52	27	132	17	25	40	no
265	11	48	107	48	26	48	26	no
266	3	4	19	4	29	4	78	yes
267	126	161	43	19	54	10	26	no
268	127	67	24	133	10	5	95	no
269	128	162	128	134	1	11	94	no
270	129	151	98	12	88	117	26	no
271	3	134	81	76	26	11	26	no
272	60	116	91	135	50	118	2	no
273	130	58	113	69	89	119	23	no
274	69	92	69	27	54	71	24	no
275	31	163	129	19	36	120	96	no
276	131	147	60	136	90	27	23	no
277	3	29	98	67	26	121	33	no
278	103	164	130	137	50	122	57	no
279	132	165	25	110	4	116	12	no
280	28	144	3	138	26	123	97	no
281	133	67	4	79	43	63	23	no
282	134	166	131	75	91	69	2	no
283	27	84	127	139	54	124	37	no
284	135	168	98	140	56	11	33	no
285	39	113	27	143	26	125	26	no
286	136	43	132	141	4	126	84	no
287	49	169	67	142	92	127	98	no
288	3	25	60	144	31	128	26	no
289	106	109	34	50	2	11	68	no
290	28	58	31	13	23	129	51	no
291	60	170	133	145	2	130	26	no
292	64	90	65	148	61	8	23	no
293	3	172	134	149	73	131	26	no
294	31	173	135	65	19	7	51	no
295	7	174	76	35	80	132	12	no
296	70	175	31	81	26	74	62	no
297	138	4	113	150	26	133	99	no
298	139	116	31	19	60	134	24	no
299	80	88	27	109	1	95	100	no
300	14	30	67	46	27	11	13	no
301	140	167	136	151	50	135	17	no
302	27	106	127	152	54	124	101	no
303	125	160	89	13	18	82	76	no
304	137	171	19	146	18	136	12	no
305	3	4	19	147	93	4	22	yes
306	20	57	15	6	7	11	4	no
307	20	179	15	6	7	11	4	no
308	12	178	25	153	27	78	54	no
309	17	64	137	154	94	29	20	no
310	17	18	9	59	4	28	18	no
311	17	18	9	59	4	28	102	no
312	26	18	9	155	23	28	7	no
313	142	29	10	7	4	24	20	no
314	142	29	10	7	33	24	20	no
315	142	29	10	15	14	24	20	no
316	143	57	15	13	96	11	5	no
317	144	7	138	156	4	138	103	no
318	56	176	13	157	97	139	20	no
319	53	61	139	23	21	140	7	no
320	145	177	140	158	4	132	104	no
321	12	101	84	91	58	78	33	no
322	86	117	35	19	26	92	15	no
323	93	118	6	19	24	93	81	no
324	20	25	15	13	7	3	5	no
325	60	104	123	47	26	69	61	no
326	28	28	44	46	61	49	38	no
327	102	67	4	79	43	63	23	no
328	14	30	139	78	4	37	13	no
329	28	137	125	78	23	105	79	no
330	146	180	19	88	73	11	51	no
331	147	181	127	69	26	18	23	no
332	14	30	141	78	4	37	13	no
333	60	108	31	98	18	45	51	no
334	20	57	15	13	7	11	5	no
335	35	87	142	159	31	51	73	no
336	34	183	97	13	26	62	26	no
337	47	139	53	19	50	143	26	no
338	149	184	31	76	98	11	84	no
339	150	185	25	160	21	141	26	no
340	98	4	136	107	77	46	33	no
341	28	4	127	88	63	69	1	no
342	5	106	31	13	2	142	106	no
343	4	181	19	4	29	4	22	no
344	147	181	127	69	26	18	22	no
345	11	48	19	48	26	48	26	no
346	45	45	143	7	14	46	36	no
347	103	186	31	78	2	144	26	no
348	151	147	67	161	26	145	105	no
349	5	71	144	162	26	11	107	no
350	35	187	145	163	26	8	108	no
351	19	104	25	55	26	58	69	no
352	35	188	146	164	26	3	1	no
353	152	189	31	34	99	5	109	no
354	126	190	123	165	31	146	26	no
355	153	191	70	19	23	8	1	no
356	51	29	77	13	60	8	33	no
357	60	192	147	29	100	147	110	no
358	5	193	19	120	46	110	23	no
359	80	139	148	166	101	90	26	no
360	82	129	101	108	76	5	71	no
361	154	147	86	167	78	148	54	no
362	36	194	44	168	102	45	37	no
363	12	180	81	19	21	11	73	no
364	156	199	39	172	50	11	26	no
365	157	193	151	18	26	152	112	no
366	12	139	134	169	26	45	26	no
367	126	195	123	103	103	11	26	no
368	43	186	144	82	78	36	9	no
369	155	58	65	170	104	149	111	no
370	19	196	149	171	105	11	23	no
371	10	197	31	18	106	150	26	no
372	42	198	150	29	83	151	33	no
373	70	175	31	81	49	74	62	no
374	106	202	154	174	4	99	24	no
375	40	39	73	35	4	36	29	no
376	160	203	15	118	82	5	80	no
377	3	106	19	175	28	37	26	no
378	33	4	152	103	107	153	47	no
379	158	127	153	74	66	154	33	no
380	6	106	3	17	11	11	23	no
381	158	43	62	173	31	46	30	no
382	159	200	127	19	50	155	24	no
383	28	201	82	84	63	69	1	no
384	155	58	155	76	104	156	111	no
385	150	185	25	160	21	78	26	no
386	31	204	156	19	34	157	62	no
387	161	117	31	12	23	62	113	no
388	162	205	157	150	108	158	57	no
389	163	206	158	176	109	135	47	no
390	118	87	119	117	46	111	12	no
391	119	152	135	29	23	11	61	no
392	5	84	115	74	63	159	84	no
393	51	4	30	19	77	11	114	no
394	166	211	162	183	50	3	57	no
395	169	104	151	73	26	46	94	no
396	9	213	165	185	2	46	1	no
397	26	218	124	94	23	119	13	no
398	165	22	70	177	39	11	115	no
399	153	216	70	19	23	8	1	no
400	12	208	159	133	28	128	86	no
401	112	217	145	178	111	160	116	no
402	80	25	160	179	26	10	117	no
403	167	25	25	91	18	18	57	no
404	5	215	19	120	46	110	23	no
405	31	4	60	180	31	62	120	no
406	168	210	161	182	61	162	38	no
407	102	212	91	182	61	162	38	no
408	111	188	164	149	115	164	118	no
409	11	75	64	50	26	7	50	no
410	153	58	70	19	23	8	1	no
411	2	113	72	94	26	83	23	no
412	142	29	10	7	14	24	20	no
413	47	8	166	19	28	46	121	no
414	12	219	81	19	65	45	61	no
415	42	134	99	79	26	41	51	no
416	94	43	31	105	3	166	69	no
417	3	111	167	188	116	167	33	no
418	17	57	52	23	44	28	33	no
419	26	220	168	159	11	168	122	no
420	131	221	163	150	114	163	26	no
421	11	117	123	184	50	169	57	no
422	157	124	135	73	19	170	123	no
423	51	4	77	67	60	8	24	no
424	170	224	75	139	117	18	124	no
425	121	50	169	91	10	73	73	no
426	158	223	75	12	26	171	125	no
427	31	214	145	186	28	43	119	no
428	171	222	113	126	4	62	23	no
429	3	4	19	4	23	4	22	yes
430	5	25	19	61	4	11	24	no
431	3	225	19	4	29	4	22	yes
432	33	211	31	167	118	172	17	no
433	98	4	112	107	77	97	23	no
434	98	229	112	107	18	97	23	no
435	3	4	31	4	29	4	22	yes
436	117	230	60	78	31	62	26	no
437	3	159	86	171	61	175	126	no
438	11	108	19	48	26	48	26	
439	173	243	73	200	28	82	2	no
440	174	244	99	198	18	176	130	no
441	31	237	175	91	121	27	23	no
442	42	88	25	3	47	95	12	no
443	133	234	70	75	28	11	99	no
444	47	58	19	19	50	37	26	no
445	137	238	3	194	122	11	131	no
446	111	239	31	195	24	173	14	no
447	60	108	86	13	18	62	51	no
448	133	67	4	79	43	63	62	no
449	3	130	64	189	123	174	13	no
450	60	231	176	199	49	11	47	no
451	81	159	70	191	26	177	33	no
452	11	75	64	67	124	7	50	no
453	175	106	173	150	23	11	37	no
454	20	7	75	82	24	7	15	no
455	176	241	61	190	50	90	20	no
456	3	242	31	13	23	129	2	no
457	177	104	177	196	4	178	33	no
458	178	154	25	171	28	96	127	no
459	42	233	178	197	26	179	24	no
460	31	13	174	180	128	62	23	no
461	179	232	62	27	125	5	26	no
462	33	240	97	88	127	45	2	no
463	96	104	25	13	26	11	128	no
464	3	25	179	89	126	11	20	no
465	180	235	180	192	50	5	33	no
466	181	4	70	19	26	180	129	no
467	20	245	31	19	50	157	23	no
468	182	246	73	47	39	181	62	no
469	183	247	172	27	23	182	57	no
470	42	248	19	76	129	46	69	no
471	175	22	168	201	130	17	73	no
472	7	236	99	26	6	18	26	no
473	28	4	82	193	18	69	86	no
474	96	29	100	27	26	100	105	no
475	172	227	171	181	119	5	57	no
476	96	228	31	3	120	131	33	no
477	172	227	170	181	119	5	57	no
478	185	226	73	19	26	18	37	no
479	186	252	181	29	4	18	132	no
480	60	4	86	98	18	45	51	
481	4	13	11	91	18	9	23	no
482	28	4	82	4	63	69	1	
483	39	113	27	39	3	37	61	
484	43	41	19	42	37	40	33	
485	91	101	84	91	30	77	17	
486	98	4	30	32	77	11	82	
487	3	48	19	4	29	4	22	
488	16	149	72	76	45	62	26	
489	3	4	19	4	29	197	22	
490	118	253	72	76	50	184	54	no
491	28	106	82	204	18	7	26	
492	3	4	189	4	29	4	22	
493	5	36	27	13	18	192	77	
494	186	258	181	29	4	18	132	
495	192	36	166	212	26	193	38	
496	3	4	19	4	29	4	142	
497	5	137	123	50	23	196	79	
498	33	106	19	203	26	185	26	
499	22	254	75	205	99	186	26	
500	187	255	61	206	18	8	134	
501	188	4	82	88	63	187	1	
502	42	167	89	13	26	188	135	
503	19	226	61	207	131	11	132	
504	26	256	182	208	61	189	17	
505	5	40	38	209	45	190	94	
506	189	25	31	126	23	191	136	
507	71	257	183	29	132	26	24	
508	190	15	31	55	18	56	23	
509	191	187	184	210	4	77	57	
510	137	171	19	211	18	136	137	
511	14	259	185	78	43	194	13	
512	110	131	4	213	31	195	138	
513	5	153	186	12	43	3	94	
514	193	261	109	106	6	10	23	
515	44	260	3	214	26	200	99	
516	60	262	123	215	23	3	24	
517	133	147	4	79	133	199	23	
518	194	67	30	216	46	3	139	
519	44	131	35	50	26	37	140	
520	195	263	187	75	23	198	26	
521	60	264	101	217	134	156	141	
522	36	4	188	218	28	168	37	
523	13	265	81	183	135	109	23	
524	80	88	111	219	37	95	69	
525	82	84	134	151	46	3	26	
526	3	108	19	4	29	4	22	
527	43	41	107	42	37	40	33	
528	93	127	194	89	26	46	143	no
529	112	266	190	12	39	73	86	no
530	11	106	192	220	4	73	17	no
531	167	267	72	221	18	178	59	
532	93	77	144	19	23	201	23	
533	73	260	191	222	28	202	26	
534	196	84	193	168	128	203	12	
535	220	29	2	33	25	11	17	no
536	14	30	49	11	49	11	13	no
537	119	151	197	79	4	205	105	no
538	119	151	168	201	4	205	105	no
539	31	299	198	19	26	206	18	no
540	42	223	31	12	26	171	57	no
541	17	296	13	224	95	31	26	no
542	175	16	195	187	31	165	17	no
543	188	106	199	225	2	3	1	no
544	42	297	196	19	137	204	57	no
545	221	298	31	226	26	171	37	no
546	84	149	19	46	139	37	144	no
547	84	268	202	227	4	203	145	no
548	11	269	27	228	26	133	79	no
549	19	270	203	11	60	43	147	no
550	5	147	31	229	46	10	57	no
551	15	6	19	19	108	45	108	no
552	36	271	25	231	113	209	23	no
553	81	106	61	89	46	110	24	no
554	105	156	123	127	19	13	47	no
555	6	274	77	229	46	211	150	no
556	197	226	25	234	10	18	151	no
557	3	4	19	4	29	4	152	yes
558	173	82	73	235	4	5	26	no
559	26	153	49	236	50	145	153	no
560	3	28	19	4	29	4	22	no
561	22	212	17	13	8	19	14	no
562	42	109	81	237	143	11	155	no
563	198	14	205	29	26	46	23	no
564	31	106	135	74	37	212	54	no
565	33	276	206	5	10	213	94	no
566	31	277	207	238	144	214	108	no
567	110	4	16	73	1	216	71	no
568	21	15	1	23	23	48	16	no
569	3	278	19	4	29	4	22	yes
570	3	71	19	4	29	4	22	yes
571	3	226	19	4	29	4	22	yes
572	3	209	19	4	29	4	22	yes
573	3	147	19	4	29	4	22	yes
574	3	224	19	4	29	4	22	yes
575	167	152	109	19	145	219	12	no
576	28	171	113	82	26	63	50	no
577	3	167	19	4	29	4	22	yes
578	3	256	19	4	29	4	22	yes
579	3	131	19	4	29	4	22	yes
580	35	279	85	100	26	84	1	no
581	3	169	19	4	29	4	22	yes
582	3	84	19	4	29	4	22	yes
583	3	1	82	50	4	78	66	no
584	196	4	193	168	128	203	12	no
585	201	4	67	76	92	127	98	no
586	202	111	208	242	4	54	57	no
587	31	4	135	91	19	221	26	no
588	26	4	182	208	61	189	17	no
589	137	282	19	211	18	136	137	no
590	28	283	21	30	20	23	24	no
591	35	48	101	167	80	222	57	no
592	196	48	193	168	128	203	12	no
593	60	4	123	215	23	3	24	no
594	204	4	127	19	26	18	1	no
595	80	153	25	243	114	224	55	no
596	3	48	19	175	28	37	26	no
597	205	48	3	50	23	8	12	no
598	3	48	61	244	66	78	26	no
599	126	4	123	66	46	7	26	no
600	206	90	209	245	18	225	33	no
601	5	4	144	162	26	11	107	no
602	35	4	75	246	73	116	157	no
603	187	284	61	206	18	8	134	no
604	188	131	82	88	63	187	1	no
605	33	286	31	248	55	82	1	no
606	114	46	39	47	26	47	34	no
607	95	34	211	249	74	89	70	no
608	97	287	150	243	142	229	79	no
609	207	288	91	251	146	230	12	no
610	146	180	19	88	73	11	2	no
611	3	4	19	4	29	4	33	yes
612	5	289	26	76	26	11	51	no
613	112	290	212	150	4	37	160	no
614	5	71	144	162	26	11	24	no
615	76	291	214	76	26	26	105	no
616	11	48	17	48	26	48	26	no
617	5	292	215	253	23	105	86	no
618	10	293	78	255	54	7	23	no
619	214	169	25	74	21	69	135	no
620	41	41	36	41	36	39	32	no
621	116	40	36	41	36	39	32	no
622	60	67	4	151	43	63	23	no
623	95	4	19	4	29	4	22	no
624	3	4	73	13	4	214	33	no
625	29	5	22	12	20	69	25	no
626	28	13	70	19	26	7	22	no
627	218	2	180	29	26	233	68	no
628	19	159	4	13	54	96	68	no
629	71	50	192	132	69	127	24	no
630	19	17	21	260	24	23	24	no
631	222	128	21	69	46	236	12	no
632	47	300	200	262	138	45	94	no
633	31	301	19	88	50	37	24	no
634	7	302	4	26	6	18	26	no
635	48	5	41	261	140	7	108	no
636	223	106	31	221	45	171	165	no
637	224	90	201	19	4	238	68	no
638	42	75	64	67	26	237	50	no
639	21	111	1	23	23	21	16	no
640	28	310	38	270	154	240	71	no
641	3	104	219	13	26	239	166	no
642	230	276	187	5	50	5	167	no
643	31	106	135	74	37	173	168	no
644	44	304	181	263	153	210	173	no
645	226	25	97	75	26	62	1	no
646	3	13	220	38	18	9	23	no
647	227	184	188	191	28	168	23	no
648	228	261	25	264	28	11	172	no
649	79	307	222	27	29	69	17	no
650	60	308	89	73	55	216	171	no
651	42	311	31	29	26	246	87	no
652	31	312	25	271	26	247	24	no
653	17	57	166	23	44	28	36	no
654	35	110	29	78	10	86	51	no
655	4	4	19	4	29	4	22	yes
656	11	293	192	220	71	73	17	no
657	31	106	135	74	26	212	54	no
658	51	4	77	84	60	8	33	no
659	12	146	117	29	28	10	54	no
660	195	263	187	75	24	198	26	no
661	3	4	19	4	26	4	22	yes
662	3	4	19	4	18	4	22	yes
663	60	108	86	98	29	45	51	no
664	26	313	25	272	28	11	20	no
665	3	314	225	175	157	178	62	no
666	98	4	62	190	156	248	23	no
667	225	104	226	201	50	249	17	no
668	51	73	141	13	18	250	24	no
669	203	152	224	69	18	11	26	no
670	106	315	31	29	158	11	174	no
671	35	110	227	78	10	86	51	no
672	1	147	19	4	29	4	22	yes
673	11	117	123	184	159	169	57	no
674	83	82	73	83	4	77	58	no
675	31	316	25	274	71	73	62	no
676	60	106	31	72	66	62	65	no
677	26	317	228	275	28	49	23	no
678	231	261	209	276	21	5	99	no
679	19	318	4	13	54	96	175	no
680	83	308	31	35	31	78	23	no
681	26	16	13	7	18	32	7	no
682	102	212	13	69	23	5	26	no
683	47	58	30	19	71	74	26	no
684	49	209	30	50	112	37	23	no
685	101	124	89	13	4	101	73	no
686	70	175	25	185	49	74	62	no
687	29	298	75	123	4	18	46	no
688	26	25	144	117	4	104	33	no
689	93	224	75	138	117	223	124	no
690	230	276	99	5	50	5	167	no
691	27	43	61	113	50	54	44	no
692	47	58	61	76	26	37	26	no
693	3	230	61	268	2	46	2	no
694	205	41	81	135	26	79	61	no
695	11	219	70	279	4	252	47	no
696	147	181	127	19	39	18	176	no
697	232	56	13	23	56	11	36	no
698	232	323	3	283	160	32	36	no
699	234	285	230	278	31	177	57	no
700	158	5	22	277	20	61	2	no
701	52	90	67	280	26	96	42	no
702	52	198	144	27	4	3	177	no
703	158	116	14	281	54	43	26	no
704	26	125	99	167	153	251	160	no
705	42	319	123	151	161	61	24	no
706	26	320	99	167	162	251	160	no
707	232	56	229	23	56	11	36	no
708	5	88	229	82	18	218	178	no
709	232	56	80	23	56	11	36	no
710	100	321	80	217	131	185	12	no
711	25	322	13	282	33	32	2	no
712	5	25	31	229	163	112	57	no
713	27	324	61	113	50	54	44	no
714	233	75	64	67	55	252	50	no
715	28	325	31	284	4	80	179	no
716	5	23	187	53	26	253	23	no
717	60	67	4	151	43	63	180	no
718	111	7	232	12	166	257	182	no
719	58	332	10	8	28	33	183	no
720	236	40	38	209	28	190	94	no
721	60	143	233	29	47	78	17	no
722	26	16	234	7	18	32	7	no
723	232	141	3	54	160	258	90	no
724	42	333	74	288	24	171	13	no
725	47	335	61	289	114	78	26	no
726	237	165	98	291	167	11	77	no
727	31	115	200	12	168	91	68	no
728	232	56	3	23	56	11	36	no
729	86	300	17	55	12	54	86	no
730	214	329	30	19	165	69	26	no
731	20	25	205	6	7	11	4	no
732	241	330	205	253	28	22	188	no
733	20	25	77	191	7	11	5	no
734	235	22	25	273	164	254	20	no
735	4	13	11	38	18	46	23	no
736	63	326	231	13	48	120	24	no
737	45	336	143	7	171	255	36	no
738	45	177	140	158	4	132	104	no
739	17	331	235	23	33	137	94	no
740	36	285	25	250	26	227	26	no
741	26	16	41	224	31	32	23	no
742	31	16	32	36	33	11	19	no
743	17	64	137	60	94	11	51	no
744	31	82	236	35	23	26	51	no
745	28	43	82	88	63	187	1	no
746	56	16	237	8	33	59	20	no
747	35	84	38	21	31	35	37	no
748	17	327	13	8	172	32	181	no
749	5	71	238	162	26	11	107	no
750	17	57	52	285	44	28	36	no
751	83	82	221	83	4	77	46	no
752	56	16	32	286	14	11	19	no
753	158	131	31	287	128	43	189	no
754	20	25	15	88	7	11	4	no
755	31	334	3	55	4	259	23	no
756	28	84	217	290	28	260	184	no
757	196	84	80	124	128	158	12	no
758	238	106	75	123	30	11	46	no
759	239	16	13	8	49	261	23	no
760	142	16	10	7	14	24	20	no
761	47	52	19	287	24	43	37	no
762	240	337	240	19	169	262	185	no
763	33	280	239	292	23	263	83	no
764	27	327	13	23	33	32	2	no
765	61	117	35	19	26	92	186	no
766	22	338	241	205	4	265	86	no
767	111	239	205	195	28	46	23	no
768	29	339	75	123	30	18	46	no
769	196	84	80	294	170	158	12	no
770	97	287	150	243	142	229	187	no
771	20	296	3	187	26	6	2	no
772	195	263	187	75	23	198	190	no
773	17	340	6	295	94	23	7	no
774	26	330	223	293	28	264	104	no
775	31	16	13	36	33	11	19	no
776	49	314	38	219	26	203	26	no
777	51	104	178	146	28	45	12	no
778	28	23	31	198	4	80	179	no
779	100	122	31	69	47	202	99	no
780	44	297	73	33	53	101	33	no
781	31	132	73	13	4	145	1	no
782	35	104	26	13	100	5	47	no
783	28	4	82	88	63	140	1	no
784	35	43	38	21	31	37	37	no
785	35	138	101	116	80	4	57	no
786	98	4	112	107	77	4	23	no
787	3	4	19	4	29	48	22	yes
788	98	4	30	32	77	48	82	no
789	14	30	141	78	4	35	13	no
790	51	73	46	13	18	249	24	no
791	5	41	217	198	26	48	48	no
792	230	167	136	224	50	177	17	no
793	242	16	195	187	31	165	17	no
794	233	75	64	67	26	7	17	no
795	36	273	3	232	28	27	149	no
796	233	106	242	296	41	267	33	no
797	243	341	173	181	113	266	191	no
798	178	272	3	76	141	210	26	no
799	28	4	82	88	63	187	1	no
800	214	342	3	297	61	14	23	no
801	3	153	243	185	69	262	26	no
802	98	286	244	206	174	224	155	no
803	155	106	181	19	175	248	23	no
804	144	92	69	114	54	71	192	no
805	35	343	89	29	61	188	13	no
806	244	41	107	42	37	40	33	no
807	176	197	245	298	6	39	66	no
808	69	87	119	117	46	111	12	no
809	215	344	144	76	48	232	26	no
810	28	144	116	138	26	177	61	no
811	29	7	22	12	20	22	24	no
812	11	48	82	48	26	48	26	no
813	33	261	93	151	176	52	194	no
814	27	226	73	27	26	18	37	no
815	71	345	246	167	177	69	47	no
816	3	111	167	188	116	5	33	no
817	48	5	41	299	140	7	108	no
818	245	346	239	300	19	269	99	no
819	246	235	25	126	26	11	42	no
820	247	250	209	248	26	130	13	no
821	10	106	31	18	23	150	26	no
822	218	347	180	35	23	270	195	no
823	25	106	25	270	27	271	47	no
824	19	82	226	301	69	54	86	no
825	31	276	135	74	37	212	54	no
826	31	348	247	224	26	5	189	no
827	213	106	24	253	10	5	94	no
828	5	41	135	19	173	272	23	no
829	28	106	82	27	18	69	26	no
830	1	4	25	4	29	4	196	no
831	28	349	102	284	4	141	26	no
832	28	349	102	284	26	141	26	no
833	49	350	90	89	4	11	51	no
834	19	351	25	302	157	274	197	no
835	26	104	210	303	28	275	61	no
836	207	104	210	304	28	276	61	no
837	55	15	31	305	18	58	46	no
838	55	352	4	26	6	18	26	no
839	248	104	67	306	28	78	198	no
840	51	115	248	19	178	204	199	no
841	51	43	62	307	50	82	12	no
842	249	353	249	308	37	216	200	no
843	167	4	152	103	107	153	47	no
844	254	193	151	169	26	152	201	no
845	35	154	25	50	26	277	112	no
846	60	354	250	305	26	54	84	no
847	148	355	74	19	127	101	202	no
848	251	235	63	311	174	278	17	no
849	5	58	251	129	120	45	203	no
850	207	356	118	220	179	279	23	no
851	73	108	67	312	18	231	108	no
852	253	106	141	112	31	11	51	no
853	257	34	81	19	23	117	98	no
854	255	272	75	108	47	3	94	no
855	256	214	145	13	28	43	47	no
856	3	106	31	168	21	5	9	no
857	51	290	201	292	65	73	26	no
858	12	91	38	73	78	46	47	no
859	208	300	213	29	147	46	24	no
860	35	53	134	19	26	71	41	no
861	28	106	82	204	31	7	26	no
862	181	4	67	151	6	263	13	no
863	2	198	72	94	26	7	94	no
864	3	230	61	268	2	245	2	no
865	35	138	101	116	80	3	57	no
866	111	5	77	34	20	171	24	no
867	44	24	193	41	128	203	29	no
868	174	84	193	66	3	156	38	no
869	114	104	38	19	18	23	17	no
870	212	195	11	69	18	45	153	no
871	126	254	204	19	46	180	57	no
872	93	106	75	205	117	61	47	no
873	7	106	220	19	26	203	33	no
874	230	283	31	29	39	96	23	no
875	151	34	31	229	26	3	51	no
876	81	156	30	67	46	23	115	no
877	176	197	71	160	6	39	66	no
878	33	283	31	201	23	18	23	no
879	204	226	127	181	26	171	1	no
880	7	217	61	76	128	131	64	no
881	153	13	134	13	83	3	9	no
882	61	298	71	19	28	92	51	no
883	3	141	31	29	151	10	77	no
884	153	153	134	46	83	46	94	no
885	51	23	206	248	26	252	17	no
886	51	4	19	4	29	4	22	yes
887	137	198	144	82	18	152	86	no
888	28	39	230	19	61	195	1	no
889	92	106	74	102	28	3	20	no
890	92	106	25	102	28	3	20	no
891	208	300	213	76	147	46	24	no
892	8	168	98	13	56	45	57	no
893	10	58	62	95	50	85	2	no
894	35	269	101	167	80	79	57	no
895	80	43	49	74	26	7	34	no
896	28	17	21	119	20	23	24	no
897	205	106	19	3	26	120	57	no
898	227	357	188	191	28	168	23	no
899	47	58	67	19	21	195	26	no
900	33	212	220	318	23	18	153	no
901	133	4	134	306	74	284	205	no
902	237	25	145	319	26	176	54	no
903	31	312	25	313	26	247	24	no
904	145	136	18	314	4	280	57	no
905	60	22	217	315	26	78	26	no
906	31	50	77	316	1	61	57	no
907	35	82	81	317	26	135	26	no
908	188	106	199	29	26	283	9	no
909	22	106	178	13	165	285	41	no
910	112	217	93	163	6	286	23	no
911	175	72	168	216	130	281	32	no
912	180	139	3	35	26	282	13	no
913	112	132	201	13	4	238	206	no
914	112	132	201	13	4	238	207	no
915	19	330	76	19	61	3	208	no
916	98	4	112	107	77	97	204	no
917	44	106	252	126	28	268	193	no
918	29	339	75	123	4	18	46	no
919	93	224	75	139	117	223	124	no
920	3	34	103	74	111	292	210	no
921	131	221	19	325	182	163	26	no
922	258	361	254	326	183	293	211	no
923	201	101	255	135	26	294	17	no
924	3	8	72	327	26	79	212	no
925	259	362	256	328	4	295	37	no
926	151	363	31	229	26	3	30	no
927	97	364	135	329	184	45	213	no
928	175	365	144	330	28	11	26	no
929	132	165	257	110	28	116	12	no
930	97	25	258	29	185	37	1	no
931	42	147	72	136	66	296	214	no
932	260	366	76	331	21	146	61	no
933	31	367	259	332	83	3	23	no
934	126	368	25	333	50	297	33	no
935	261	369	187	334	4	298	59	no
936	262	370	78	335	186	286	215	no
937	28	4	64	88	63	69	26	no
938	97	25	258	336	23	37	188	no
939	3	131	210	126	28	226	24	no
940	272	4	25	108	190	263	86	no
941	44	372	61	90	26	262	12	no
942	42	117	31	13	187	46	23	no
943	265	104	261	41	34	233	41	no
944	111	17	262	123	85	37	87	no
945	266	316	263	337	150	11	62	no
946	42	1	80	27	60	300	20	no
947	133	373	71	170	189	74	86	no
948	51	104	3	338	46	45	24	no
949	31	336	264	339	26	45	24	no
950	3	374	31	214	26	119	54	no
951	42	153	61	340	56	17	9	no
952	269	25	266	280	50	78	94	no
953	270	51	61	341	4	301	37	no
954	271	4	267	170	188	302	2	no
955	264	364	67	330	184	11	132	no
956	48	5	260	261	140	7	108	no
957	267	372	61	181	21	262	12	no
958	268	123	265	98	18	303	54	no
959	31	371	67	13	4	299	1	no
960	43	41	27	42	37	40	33	no
961	5	137	125	50	23	196	79	no
962	11	48	112	48	26	48	26	no
963	51	25	30	314	23	78	26	no
964	170	224	75	139	50	18	124	no
965	158	23	65	74	66	154	33	no
966	12	312	25	342	26	37	132	no
967	93	375	71	29	4	45	17	no
968	115	376	31	35	47	69	26	no
969	81	212	75	84	63	26	47	no
970	27	324	61	343	50	54	44	no
971	27	8	166	19	28	46	121	no
972	31	377	268	224	26	73	23	no
973	27	324	61	263	50	54	216	no
974	31	136	60	180	191	212	132	no
975	42	134	99	164	26	41	26	no
976	3	378	269	19	192	46	33	no
977	26	212	91	69	23	5	26	no
978	273	41	183	135	26	79	212	no
979	80	379	269	150	192	304	57	no
980	274	106	270	280	46	78	94	NO
981	175	22	168	121	130	17	73	no
982	109	136	114	201	83	107	83	no
983	27	324	61	164	50	54	44	no
984	49	209	249	50	112	37	23	no
985	28	106	82	251	18	38	2	no
986	48	5	41	299	140	305	108	no
987	196	380	19	29	193	176	61	no
