ST	Oxf_gltA	Oxf_gyrB	Oxf_gdhB	Oxf_recA	Oxf_cpn60	Oxf_gpi	Oxf_rpoD	clonal_complex	species
1	1	1	1	1	1	1	6		
2	2	2	2	1	1	2	7		
3	1	1	1	1	2	1	4		
4	1	12	3	2	2	7	3		
5	1	3	3	2	2	3	1		
6	1	4	3	2	2	3	3		
7	3	3	3	2	3	3	8		
8	4	4	4	4	4	5	9		
9	1	3	3	2	2	6	8		
10	1	4	3	2	2	7	3		
11	4	11	6	1	7	8	6		
12	8	4	4	4	4	5	5		
13	1	7	8	9	1	4	14		
14	1	10	8	6	1	4	14		
15	1	12	11	10	1	9	4		
16	10	12	4	11	11	9	5		
17	1	12	12	11	4	10	3		
18	10	13	4	11	12	11	5		
19	1	14	3	2	2	9	3		
20	1	15	13	12	4	12	2		
21	1	12	3	2	2	9	3		
22	1	15	13	12	4	12	37		
23	1	1	1	1	1	28	10		
24	1	1	22	1	4	20	16		
25	1	1	41	6	23	31	26		
26	1	10	36	22	20	4	24		
27	1	51	1	36	1	98	6		
28	1	12	3	2	2	35	4		
29	1	12	3	28	2	29	4		
30	1	12	3	29	2	34	4		
31	1	12	39	25	21	3	25		
32	1	12	4	11	4	28	2		
33	1	12	4	11	4	29	2		
34	1	15	13	12	4	49	37		
35	1	15	2	28	1	41	32		
36	1	15	2	28	1	44	32		
37	1	19	1	17	1	18	14		
38	1	25	23	6	4	21	17		
39	1	26	24	1	4	3	10		
40	1	3	6	1	4	34	10		
41	1	31	31	24	4	10	21		
42	1	34	14	28	22	35	2		
43	1	42	49	10	1	48	23		
44	10	12	1	33	4	29	31		
45	10	12	30	24	4	9	20		
46	10	12	4	11	4	29	2		
47	10	12	4	11	4	29	35		
48	10	12	4	6	4	33	2		
49	10	19	17	16	4	9	2		
50	10	34	40	26	22	27	2		
51	11	12	4	11	1	28	2		
52	12	17	16	1	14	14	7		
53	13	12	4	6	1	9	2		
54	13	12	4	24	4	9	22		
55	13	33	37	24	4	11	2		
56	14	23	20	1	16	17	13		
57	15	24	4	18	17	19	15		
58	18	17	28	22	4	4	18		
59	19	30	29	23	18	24	19		
60	2	21	12	32	26	39	2		
61	20	12	34	24	1	9	2		
62	21	31	35	24	1	25	23		
63	23	35	3	27	23	30	19		
64	24	1	42	13	24	32	26		
65	28	38	45	1	16	40	5		
66	28	38	45	31	16	30	5		
67	29	41	48	11	1	45	10		
68	3	22	18	1	1	16	12		
69	1	46	3	2	2	58	3		
70	1	46	3	2	1	58	3		
71	1	46	3	2	2	58	4		
72	1	15	2	28	1	55	4		
73	1	47	53	1	1	59	32		
74	1	3	3	2	2	75	3		
75	1	3	3	2	2	11	3		
76	1	12	3	2	2	10	3		
77	1	1	66	12	33	76	21		
78	13	26	67	40	1	22	7		
79	34	12	68	41	32	7	46		
80	34	12	68	41	34	10	4		
81	1	54	59	11	4	69	45		
82	1	12	59	15	4	52	45		
83	21	12	2	15	35	77	4		
84	1	12	2	15	22	72	5		
85	21	15	2	15	1	52	4		
86	21	15	2	15	1	78	4		
87	1	52	29	15	18	24	7		
88	1	3	3	2	2	10	3		
89	1	3	3	2	2	26	3		
90	1	3	3	2	2	62	3		
91	22	15	13	12	4	62	2		
92	1	3	3	2	2	7	3		
93	1	12	13	6	11	1	4		
94	2	12	12	1	1	4	4		
95	10	12	4	11	1	9	5		
96	1	43	50	31	1	50	26		
97	1	17	8	10	28	51	38		
98	1	12	3	2	2	3	3		
99	1	15	8	10	28	3	32		
100	1	15	8	10	28	55	32		
101	1	15	12	6	28	12	40		
102	1	15	8	10	28	12	32		
103	12	17	12	1	29	3	39		
104	12	17	12	1	29	57	39		
105	31	45	8	6	30	53	6		
106	1	1	1	1	1	98	6		
107	1	17	12	1	29	57	39		
108	10	12	4	6	4	9	5		
109	10	12	4	11	4	9	5		
110	1	15	2	28	1	52	32		
111	1	15	2	2	1	3	2		
112	1	12	56	36	1	61	26		
113	1	15	8	10	28	56	32		
114	1	15	8	10	28	57	32		
115	2	1	12	1	1	4	5		
116	1	15	4	11	4	4	2		
117	1	15	2	2	1	4	5		
118	1	3	3	2	2	3	3		
119	1	15	12	6	28	59	40		
120	1	3	6	1	4	3	6		
121	1	17	8	10	28	63	32		
122	10	12	4	6	4	100	5		
123	4	12	4	11	4	100	5		
124	1	17	8	10	28	66	32		
125	1	52	59	12	1	18	44		
126	10	53	4	11	4	64	5		
127	1	33	57	11	26	11	6		
128	2	44	58	1	1	54	41		
129	1	38	42	37	4	11	43		
130	1	12	3	2	2	65	3		
131	1	50	13	6	4	179	42		
132	1	12	71	2	1	79	30		
133	12	17	12	1	29	67	39		
134	2	12	73	12	1	9	47		
135	10	53	74	11	4	80	5		
136	1	3	3	2	2	16	3		
137	1	3	3	2	2	12	3		
138	1	3	3	2	2	50	3		
139	1	15	12	6	28	59	3		
140	1	15	12	6	28	59	32		
141	1	47	3	2	2	7	30		
142	10	12	4	11	1	9	30		
143	1	47	67	28	1	10	6		
144	21	35	2	28	22	52	4		
145	21	35	2	28	1	52	4		
146	1	15	13	12	4	14	2		
147	1	54	62	31	4	55	45		
148	1	3	65	45	4	4	26		
149	1	47	67	28	1	82	6		
150	2	38	42	1	1	4	49		
151	21	12	2	28	32	83	4		
152	1	15	56	1	1	72	45		
153	21	35	2	28	1	84	4		
154	21	55	13	28	1	84	2		
155	1	57	78	12	1	25	51		
156	1	15	2	28	1	25	32		
157	1	31	79	43	4	25	50		
158	21	35	2	28	1	85	4		
159	1	57	78	12	1	10	51		
160	1	56	2	44	1	52	6		
161	21	12	2	28	1	86	4		
162	40	1	83	6	4	7	13		
163	33	12	40	26	32	91	5		
164	33	12	40	26	32	84	5		
165	33	12	40	26	25	84	5		
166	33	12	40	26	32	87	5		
167	33	12	40	26	32	83	5		
168	1	12	65	45	4	88	26		
169	1	34	59	28	4	90	45		
170	1	12	80	28	35	89	30		
171	1	48	65	45	4	90	26		
172	1	34	80	28	1	72	45		
173	1	58	29	2	4	9	53		
174	11	27	14	21	15	22	15		
175	1	17	82	39	1	92	7		
176	21	48	58	42	36	83	4		
177	33	21	12	49	1	54	7		
178	31	61	59	46	16	58	6		
179	35	62	75	28	35	7	30		
180	1	63	12	6	28	59	30		
181	1	64	76	1	23	81	32		
182	35	60	12	11	26	11	48		
183	1	17	56	1	1	91	26		
184	36	31	59	28	4	54	4		
185	37	53	13	47	32	64	52		
186	38	59	80	48	18	58	43		
187	1	1	1	1	1	9	6		
188	31	33	67	40	16	58	7		
189	1	12	3	2	2	4	3		
190	1	3	3	2	2	52	3		
191	1	3	3	2	2	94	3		
192	10	53	4	11	4	95	5		
193	1	35	3	2	2	3	3		
194	1	15	4	11	4	58	4		
195	1	3	3	2	2	96	3		
196	2	21	12	32	26	63	5		
197	10	12	4	11	4	64	5		
198	16	29	2	23	31	30	23		
199	16	29	2	23	18	30	23		
200	17	29	24	12	19	31	40		
201	16	29	2	23	2	30	23		
202	32	46	4	11	4	32	5		
203	41	1	12	32	1	98	6		
204	1	15	3	2	2	178	3		
205	1	17	8	10	28	99	32		
206	1	17	12	2	2	99	3		
207	10	53	74	11	4	100	5		
208	1	3	3	2	2	97	3		
209	1	15	8	39	28	56	32		
210	1	47	8	10	28	4	32		
211	1	52	62	39	4	4	38		
212	1	15	8	10	28	56	9		
213	1	52	8	10	28	55	32		
214	1	3	3	2	2	96	2		
215	12	17	12	1	26	3	7		
216	10	12	4	11	12	9	5		
217	10	12	4	5	12	57	5		
218	1	3	3	2	2	102	3		
219	1	3	3	2	2	101	3		
220	1	3	3	2	1	7	3		
221	33	57	67	10	1	103	6		
222	21	12	40	26	32	157	4		
223	1	17	3	2	2	56	3		
224	1	34	12	6	1	18	45		
225	12	17	12	1	29	99	39		
226	12	17	12	1	29	16	54		
227	1	15	8	10	28	99	32		
228	1	15	2	28	1	16	32		
229	1	15	2	28	1	107	32		
230	1	17	8	10	28	108	32		
231	10	12	4	11	4	98	5		
232	21	48	58	50	36	109	4		
233	1	15	8	10	28	106	32		
234	21	48	58	42	36	109	4		
235	1	69	90	2	1	79	30		
236	12	17	12	1	29	102	39		
237	1	15	8	10	28	106	4		
238	1	3	3	2	38	97	3		
239	1	12	3	2	2	55	3		
240	1	15	2	15	1	52	16		
241	1	15	8	10	28	12	16		
242	1	28	49	10	1	24	4		
243	1	50	13	6	4	60	42		
244	1	51	1	1	1	9	6		
245	10	12	4	11	4	4	5		
246	10	12	4	11	4	55	5		
247	10	12	4	11	4	58	5		
248	10	18	4	11	4	11	5		
249	12	18	12	1	29	14	39		
250	12	18	12	1	29	55	23		
251	32	48	54	35	1	11	40		
252	1	49	38	12	31	56	4		
253	1	52	29	28	18	24	7		
254	21	15	3	2	35	111	4		
255	1	3	3	2	2	55	3		
256	10	3	4	11	1	9	5		
257	1	12	3	2	2	75	3		
258	1	15	8	10	28	110	32		
259	1	15	8	10	28	139	32		
260	11	65	14	21	37	105	15		
261	42	36	92	30	40	114	57		
262	49	68	119	53	41	115	58		
263	11	65	93	61	25	112	15		
264	11	70	14	21	37	4	15		
265	1	17	3	2	2	97	3		
266	1	1	12	32	1	9	6		
267	1	1	66	12	33	117	41		
268	1	1	66	12	33	129	41		
269	1	1	116	60	1	132	50		
270	1	12	3	2	46	3	3		
271	1	12	40	26	22	117	5		
272	1	12	65	45	4	4	26		
273	1	12	65	45	4	122	26		
274	1	12	103	6	29	126	32		
275	10	12	4	6	4	98	5		
276	1	15	2	28	1	104	32		
277	1	15	3	31	4	1	4		
278	1	15	12	6	28	59	63		
279	1	15	62	31	4	72	45		
280	1	17	2	12	1	138	69		
281	1	17	3	2	2	99	3		
282	1	17	3	2	2	116	3		
283	1	17	6	1	4	56	6		
284	1	17	6	1	47	56	6		
285	1	17	65	45	4	55	26		
286	1	3	3	2	2	163	3		
287	1	17	117	11	28	11	32		
288	1	34	40	26	22	1	5		
289	1	35	64	37	4	132	30		
290	1	38	3	2	2	56	3		
291	1	46	96	54	4	18	59		
292	1	46	100	12	36	71	6		
293	1	52	67	46	1	18	30		
294	1	52	94	11	1	117	26		
295	1	54	62	31	4	50	45		
296	1	113	56	1	4	140	45		
297	1	64	109	1	23	12	26		
298	1	72	3	2	2	56	3		
299	1	74	6	1	4	125	6		
300	1	76	106	46	1	131	5		
301	1	78	59	43	1	71	6		
302	1	81	11	48	18	24	43		
303	1	82	112	1	1	135	66		
304	1	83	114	1	1	136	67		
305	2	1	12	1	4	67	6		
306	2	79	73	59	1	9	6		
307	3	77	42	11	16	9	5		
308	10	12	1	33	4	9	5		
309	10	12	1	33	4	72	5		
310	10	12	1	33	4	98	5		
311	10	12	1	55	4	66	5		
312	11	27	14	21	15	119	15		
313	11	29	14	21	13	119	15		
314	11	40	47	30	27	134	33		
315	11	65	102	21	15	124	15		
316	15	17	2	12	4	64	6		
317	15	72	2	12	4	64	6		
318	18	12	80	12	1	123	3		
319	21	49	104	11	1	128	30		
320	21	84	64	11	4	9	5		
321	21	85	12	12	26	56	68		
322	23	35	3	27	23	55	7		
323	24	58	107	2	4	54	6		
324	25	27	14	21	15	119	28		
325	26	75	105	58	25	119	62		
326	27	27	97	55	25	118	60		
327	27	65	99	33	25	56	60		
328	27	65	99	55	25	120	60		
329	27	65	99	57	25	127	60		
330	28	17	45	1	16	4	2		
331	28	38	45	1	16	4	2		
332	28	38	45	1	16	40	2		
333	29	41	48	11	1	137	6		
334	33	12	59	11	32	11	5		
335	33	17	12	49	1	54	4		
336	35	63	113	1	1	71	6		
337	37	53	67	6	42	64	7		
338	43	36	93	56	43	93	61		
339	44	73	4	11	44	121	4		
340	45	77	59	2	4	56	64		
341	46	12	110	1	16	133	50		
342	48	48	58	42	36	54	41		
343	11	29	14	21	15	119	15		
344	27	65	99	55	25	130	60		
345	46	12	110	1	16	141	50		
346	1	3	3	2	2	56	3		
347	10	12	4	11	4	80	5		
348	1	35	3	2	2	102	3		
349	1	17	3	2	2	142	3		
350	1	12	3	2	2	102	3		
351	1	17	82	39	1	143	7		
352	28	38	45	1	16	144	3		
353	1	46	3	62	2	142	3		
354	1	46	96	12	4	79	59		
355	1	81	11	48	18	114	43		
356	1	46	96	54	4	79	59		
357	1	12	3	2	2	145	3		
358	1	3	3	2	2	145	3		
359	21	38	127	1	4	146	43		
360	34	12	68	41	1	10	4		
361	18	87	2	28	1	72	71		
362	11	88	14	21	15	147	15		
363	51	54	49	11	48	25	4		
364	1	15	2	28	1	40	32		
365	1	15	3	2	2	59	3		
366	1	71	3	2	2	69	3		
367	10	53	4	11	4	9	5		
368	1	3	3	2	2	140	3		
369	1	3	3	2	2	106	3		
370	1	17	10	54	1	171	50		
371	1	3	3	2	2	23	3		
372	10	12	15	11	4	142	5		
373	1	12	12	11	4	103	3		
374	1	15	19	12	4	106	2		
375	21	3	3	2	2	50	3		
376	21	35	2	28	1	83	4		
377	1	12	56	1	1	61	45		
378	1	114	12	54	1	165	68		
379	1	35	12	28	2	10	4		
380	1	3	2	28	2	52	32		
381	1	81	3	2	2	16	3		
382	50	86	120	6	2	132	70		
383	1	12	56	1	4	149	45		
384	1	12	12	11	2	148	3		
385	1	15	2	28	1	7	32		
386	31	33	67	40	1	102	7		
387	1	15	4	11	4	140	4		
388	1	15	4	11	4	95	4		
389	1	7	8	11	1	4	14		
390	31	33	67	40	1	58	7		
391	1	15	13	12	4	102	2		
392	1	43	3	2	2	10	3		
393	1	3	3	2	2	80	3		
394	1	64	4	3	3	12	3		
395	1	3	3	2	2	58	3		
396	10	53	74	6	4	80	5		
397	10	53	4	6	4	80	5		
398	21	15	3	2	35	76	4		
399	1	15	12	6	28	14	40		
400	1	81	11	48	18	115	43		
401	21	35	2	28	1	55	4		
402	12	17	12	1	29	56	39		
403	2	12	73	59	1	56	47		
404	12	17	12	1	29	3	32		
405	10	12	4	11	4	141	5		
406	10	12	4	11	4	133	5		
407	15	48	42	42	1	54	41		
408	18	14	2	28	11	107	5		
409	1	15	2	28	11	58	32		
410	24	46	96	11	16	40	26		
411	13	15	2	28	1	55	32		
412	1	34	80	28	1	52	45		
413	1	17	6	1	4	116	6		
414	2	35	45	48	1	11	5		
415	1	69	12	2	1	79	30		
416	1	69	90	2	1	102	30		
417	1	17	3	2	2	110	3		
418	1	17	3	2	2	102	2		
419	10	12	4	6	4	95	5		
420	12	17	12	1	29	95	2		
421	1	17	3	2	2	7	3		
422	10	53	4	6	4	58	5		
423	1	46	3	2	2	142	3		
424	1	17	8	10	28	117	32		
425	1	3	3	2	2	100	3		
426	1	64	3	2	2	12	3		
427	1	31	12	11	4	25	3		
428	21	15	2	28	1	52	4		
429	1	34	56	1	4	144	45		
430	1	31	49	10	1	103	4		
431	34	12	68	41	1	104	4		
432	34	12	68	41	32	104	4		
433	1	81	3	1	2	16	3		
434	10	53	4	11	4	52	5		
435	1	54	80	28	48	127	45		
436	1	3	3	2	2	103	3		
437	1	12	3	2	2	97	3		
438	12	17	12	1	29	98	39		
439	10	33	4	11	4	140	5		
440	1	15	2	28	1	148	32		
441	10	12	4	11	4	100	5		
442	10	12	4	11	4	99	5		
443	1	3	13	12	4	102	2		
444	1	38	3	2	2	96	3		
445	1	17	3	2	2	96	3		
446	1	15	3	2	2	66	3		
447	1	15	13	12	4	106	2		
448	1	15	3	2	2	98	3		
449	10	12	4	11	1	98	5		
450	1	17	3	2	2	102	3		
451	1	3	3	2	2	142	3		
452	1	12	3	2	2	110	3		
453	21	12	2	28	1	144	4		
454	1	17	80	28	35	97	30		
455	1	87	3	2	2	83	3		
456	11	65	14	20	37	83	15		
457	1	15	3	2	2	153	3		
458	33	12	40	26	32	150	5		
459	1	12	6	1	4	55	45		
460	65	17	107	11	1	156	6		
461	1	3	80	54	2	94	17		
462	31	33	59	40	16	142	7		
463	1	1	3	2	46	94	1		
464	1	3	3	2	46	142	3		
465	1	15	13	12	4	106	3		
466	1	15	13	12	4	97	2		
467	1	3	3	2	46	97	3		
468	22	3	3	2	46	140	3		
469	1	12	3	2	2	103	3		
470	1	80	80	28	1	110	30		
471	1	12	56	1	1	149	26		
472	1	17	6	1	4	99	6		
473	1	3	3	2	2	99	3		
474	1	15	66	1	4	144	41		
475	18	44	2	28	1	151	71		
476	35	50	42	49	48	157	5		
477	1	50	56	2	1	152	26		
478	33	89	40	26	32	91	5		
479	52	39	80	5	1	161	12		
480	1	34	80	28	1	160	45		
481	1	12	67	6	50	159	6		
482	1	90	6	1	36	102	6		
483	24	1	129	11	49	16	26		
484	1	91	130	1	36	110	72		
485	33	12	59	11	32	158	5		
486	10	12	4	11	28	9	5		
487	1	15	12	6	28	3	38		
488	1	15	12	1	28	3	32		
489	1	47	62	39	4	4	41		
490	1	15	2	28	1	102	32		
491	10	53	4	11	4	98	5		
492	1	3	3	2	2	117	3		
493	1	15	3	2	2	106	3		
494	1	3	3	2	4	16	3		
495	1	1	13	12	4	84	2		
496	21	15	3	2	35	69	4		
497	21	3	3	2	35	97	4		
498	10	12	4	11	4	142	5		
499	24	92	96	11	49	162	26		
500	1	3	12	1	29	163	39		
501	10	12	13	12	4	102	2		
502	1	12	3	2	2	100	3		
503	1	62	80	28	35	164	45		
504	10	12	8	11	4	9	5		
505	10	17	8	11	4	9	5		
506	1	15	8	10	28	2	32		
507	1	17	8	10	28	56	32		
508	10	12	4	11	12	167	5		
509	2	76	40	12	1	3	5		
510	1	94	59	43	1	71	6		
511	1	93	42	1	1	166	40		
512	1	3	3	2	2	83	3		
513	1	3	3	62	2	102	3		
514	1	52	29	28	18	114	7		
515	1	15	12	11	28	153	40		
516	1	69	90	62	1	18	30		
517	21	81	3	2	35	111	4		
518	31	45	8	6	30	72	6		
519	1	34	56	1	1	55	26		
520	1	72	12	11	4	54	3		
521	1	12	59	28	4	69	45		
522	1	15	13	12	4	62	2		
523	33	3	3	2	2	50	3		
524	1	12	56	1	1	11	26		
525	1	48	3	2	2	58	3		
526	1	15	13	2	4	50	2		
527	1	3	3	2	2	4	3		
528	1	12	12	11	4	25	3		
529	1	15	13	12	4	50	2		
530	1	12	12	2	4	10	3		
531	21	15	3	2	2	111	4		
532	1	3	3	2	35	11	3		
533	1	15	3	2	2	16	3		
534	1	81	3	2	2	11	3		
535	22	3	3	2	4	62	2		
536	22	15	3	2	4	62	2		
537	1	15	3	2	2	7	3		
538	1	15	3	62	2	40	3		
539	1	3	3	2	2	65	3		
540	1	3	3	2	2	160	3		
541	39	65	43	30	25	24	28		
542	1	15	12	6	28	153	40		
543	1	3	3	1	2	110	3		
544	1	87	3	2	2	97	3		
545	1	12	3	2	2	104	3		
546	1	3	3	2	2	66	3		
547	1	3	3	2	2	157	3		
548	1	15	3	2	2	157	3		
549	18	3	3	2	1	99	4		
550	18	3	3	2	1	157	4		
551	18	15	3	2	1	106	4		
552	21	35	2	28	1	145	4		
553	21	35	2	28	1	157	4		
554	1	31	12	11	4	103	3		
555	18	3	3	2	1	144	4		
556	1	12	3	2	2	144	3		
557	1	38	3	2	2	66	3		
558	1	17	3	2	2	16	3		
559	1	17	131	2	2	16	3		
560	1	17	132	2	2	16	3		
561	1	66	3	62	38	155	9		
562	1	66	3	62	38	154	9		
563	1	3	3	62	38	140	9		
564	1	90	3	62	38	155	9		
565	1	90	3	62	38	167	9		
566	1	90	3	62	38	154	9		
567	1	66	3	62	2	155	9		
568	41	66	3	62	38	155	9		
569	1	79	3	62	2	158	9		
570	1	66	3	62	2	154	9		
571	34	80	3	62	47	155	12		
572	1	66	3	62	38	166	9		
573	1	90	3	62	2	155	9		
574	33	12	40	26	32	107	5		
575	1	43	3	2	2	103	3		
576	1	15	3	2	2	168	3		
577	1	15	4	11	4	64	4		
578	1	15	13	11	4	15	4		
579	22	15	13	12	4	106	2		
580	1	15	13	12	12	142	2		
581	22	15	13	12	12	106	2		
582	1	15	13	12	4	142	2		
583	1	15	4	11	12	98	4		
584	1	2	2	2	1	2	7		
585	1	15	13	12	4	163	2		
586	52	80	111	7	39	163	2		
587	1	12	103	28	22	107	43		
588	33	31	111	28	1	107	5		
589	1	35	12	11	4	10	3		
590	1	12	12	11	4	55	3		
591	1	35	66	12	33	55	41		
592	22	53	34	11	1	59	43		
593	1	17	8	6	1	125	14		
594	33	35	2	28	32	54	5		
595	1	15	66	12	33	90	41		
596	33	12	59	11	32	72	5		
597	1	64	109	1	23	18	26		
598	21	35	3	28	1	55	4		
599	1	34	56	1	1	66	4		
600	1	34	80	28	4	55	45		
601	36	34	62	31	22	54	4		
602	35	50	42	49	1	70	5		
603	1	50	80	28	35	117	30		
604	1	34	12	6	1	55	30		
605	51	31	49	11	48	25	4		
606	1	43	12	11	1	54	3		
607	1	34	12	6	1	55	45		
608	1	34	56	1	1	72	26		
609	33	12	40	26	32	72	5		
610	1	34	56	1	4	55	45		
611	34	1	80	41	4	10	4		
612	27	48	128	30	25	24	28		
613	15	48	58	42	36	54	41		
614	1	15	2	44	1	52	32		
615	33	31	2	26	1	83	5		
616	1	72	12	11	4	54	4		
617	21	35	2	28	1	72	4		
618	34	12	68	41	32	10	4		
619	1	53	34	6	1	59	26		
620	1	1	13	12	4	16	2		
621	1	12	12	6	1	66	45		
622	1	12	40	26	1	117	5		
623	1	31	49	10	1	10	4		
624	1	81	3	2	2	16	4		
625	1	12	12	11	4	52	3		
626	1	17	82	39	1	72	7		
627	1	31	2	28	1	55	5		
628	1	12	12	11	4	145	3		
629	33	31	2	28	1	77	5		
630	51	12	49	11	48	54	4		
631	1	3	3	2	2	7	4		
632	35	50	42	49	1	10	5		
633	1	33	11	48	18	24	26		
634	1	17	8	10	30	12	32		
635	1	53	21	6	42	200	7		
636	1	17	8	10	28	12	32		
637	1	15	2	28	1	72	32		
638	36	31	8	31	22	54	4		
639	31	45	8	6	28	72	6		
640	28	38	45	1	16	55	2		
641	1	15	2	28	1	180	32		
642	22	15	13	12	4	169	2		
643	1	3	3	2	2	169	3		
644	1	34	59	28	4	176	45		
645	33	12	135	26	32	175	5		
646	18	35	135	6	4	144	50		
647	53	95	80	1	26	171	3		
648	35	90	133	64	33	153	6		
649	1	74	56	1	1	177	26		
650	1	3	3	2	2	169	6		
651	1	3	3	2	2	174	3		
652	1	15	66	12	33	173	41		
653	34	97	68	41	34	172	4		
654	1	54	135	6	4	144	45		
655	18	15	3	6	4	171	50		
656	1	3	3	2	2	169	2		
657	1	96	134	48	1	170	6		
658	10	19	4	11	4	98	3		
659	1	49	38	60	31	99	4		
660	1	1	3	2	2	102	3		
661	10	12	4	11	4	144	5		
662	1	1	1	36	1	98	6		
663	1	50	13	6	4	178	42		
664	1	15	3	2	2	179	3		
665	2	4	3	22	3	2	62		
666	2	4	3	22	15	2	62		
667	2	2	3	1	15	3	7		
668	1	98	56	1	1	55	26		
669	1	3	3	2	2	183	3		
670	1	3	3	2	2	182	3		
671	10	12	4	11	4	181	5		
672	54	3	3	2	2	97	3		
673	18	3	3	2	1	144	73		
674	11	20	14	20	37	83	15		
675	11	65	14	21	37	83	15		
676	1	3	3	2	2	184	3		
677	55	65	136	65	27	172	57		
678	26	99	43	20	25	83	28		
679	56	100	137	7	51	99	74		
680	21	101	3	28	32	172	5		
681	1	102	59	28	1	83	45		
682	33	31	2	28	1	111	5		
683	2	38	42	1	1	185	49		
684	1	3	3	2	2	110	3		
685	18	3	3	2	1	66	4		
686	1	52	3	2	2	140	3		
687	46	12	38	63	16	186	50		
688	1	15	135	6	35	187	45		
689	57	103	138	7	52	169	75		
690	1	15	2	28	1	99	32		
691	1	15	2	28	1	110	32		
692	12	17	12	1	29	144	39		
693	21	15	2	28	4	107	4		
694	12	17	12	1	28	110	39		
695	59	45	139	11	53	54	68		
696	1	34	80	28	1	144	45		
697	1	34	56	1	1	157	26		
698	36	12	62	31	22	188	4		
699	21	35	2	28	1	144	4		
700	58	39	5	66	54	189	4		
701	1	34	62	31	4	61	45		
702	33	50	80	28	1	164	5		
703	36	12	62	31	22	54	4		
704	11	20	14	20	37	190	15		
705	33	31	2	28	1	191	5		
706	60	17	140	1	4	54	4		
707	33	31	2	28	1	54	5		
708	27	37	128	30	25	109	29		
709	18	87	2	28	1	192	71		
710	21	35	2	28	1	109	4		
711	21	12	2	28	1	109	4		
712	1	35	12	11	4	109	3		
713	56	104	137	67	55	97	65		
714	1	102	80	28	1	193	45		
715	26	99	43	20	25	109	28		
716	35	12	120	1	4	194	4		
717	61	12	2	28	1	158	5		
718	1	35	66	12	33	144	41		
719	52	105	137	67	55	54	75		
720	56	39	137	7	56	97	10		
721	11	106	14	21	37	97	15		
722	1	34	12	6	1	107	45		
723	11	65	14	20	37	97	15		
724	62	80	141	7	52	97	10		
725	1	17	82	39	1	93	7		
726	1	12	80	28	35	196	30		
727	27	70	128	68	2	16	29		
728	39	65	142	30	2	97	28		
729	22	15	3	2	4	169	2		
730	22	15	13	69	4	62	2		
731	2	17	12	1	57	102	6		
732	1	107	12	10	23	195	26		
733	1	3	3	2	46	97	9		
734	1	15	59	28	4	157	45		
735	1	3	3	2	2	197	3		
736	1	3	143	2	2	11	3		
737	1	31	3	2	2	158	3		
738	10	15	4	11	4	98	5		
739	1	15	59	28	4	144	45		
740	10	12	4	11	4	98	2		
741	21	35	2	28	1	107	4		
742	1	17	12	12	26	99	68		
743	1	15	56	1	1	61	45		
744	1	1	66	12	33	178	41		
745	1	63	12	6	28	153	32		
746	33	89	40	26	32	104	5		
747	1	15	12	6	28	153	32		
748	10	12	4	2	4	98	5		
749	29	41	48	11	1	171	6		
750	21	2	96	6	23	142	26		
751	33	31	2	28	1	83	5		
752	1	17	62	31	4	158	45		
753	1	57	78	12	1	103	51		
754	10	12	4	11	4	56	5		
755	10	12	4	11	12	57	5		
756	12	12	12	1	29	3	39		
757	1	12	8	10	28	57	32		
758	1	17	8	10	28	106	32		
759	21	12	2	28	4	157	4		
760	1	31	12	11	4	157	3		
761	22	15	13	12	4	174	2		
762	1	17	8	10	28	102	32		
763	1	44	8	10	28	140	32		
764	1	12	3	2	3	97	3		
765	1	12	3	2	46	102	3		
766	18	15	2	6	4	3	50		
767	1	62	80	28	35	55	30		
768	1	3	135	2	2	50	3		
769	21	35	3	28	1	145	50		
770	21	12	13	28	1	84	5		
771	1	60	2	12	4	16	2		
772	1	1	13	12	4	92	2		
773	1	3	80	2	2	50	3		
774	1	62	80	28	35	117	45		
775	10	12	4	11	4	102	5		
776	2	21	107	32	26	198	5		
777	1	15	2	28	1	140	32		
778	1	108	2	28	1	69	45		
779	1	102	144	28	22	69	5		
780	1	3	3	2	2	199	3		
781	10	53	4	11	4	200	5		
782	56	104	137	67	55	165	75		
783	1	15	8	10	28	195	32		
784	1	3	3	2	2	107	3		
785	1	107	12	54	1	165	68		
786	18	3	3	2	1	184	4		
787	1	87	3	2	2	157	3		
788	1	87	3	2	2	144	3		
789	18	87	3	2	1	83	4		
790	1	15	3	2	2	104	3		
791	1	50	59	28	4	66	6		
792	18	3	3	2	1	97	4		
793	1	109	3	2	2	172	3		
794	1	12	42	60	1	157	4		
795	1	15	3	70	2	106	3		
796	21	15	3	2	35	106	4		
797	1	15	3	70	2	16	3		
798	1	3	3	70	2	142	3		
799	24	1	42	12	24	144	26		
800	1	3	3	2	2	201	3		
801	1	3	3	2	2	178	3		
802	1	3	3	12	2	201	3		
803	1	1	13	12	4	201	2		
804	1	15	3	70	2	202	3		
805	1	1	13	12	4	203	2		
806	21	15	3	2	35	202	4		
807	21	3	3	2	35	203	4		
808	1	1	13	12	4	204	2		
809	1	33	2	64	1	153	26		
810	18	87	3	2	1	99	4		
811	11	65	14	21	37	102	15		
812	10	33	4	11	4	98	5		
813	1	15	2	28	1	158	32		
814	1	15	8	1	1	106	5		
815	21	53	2	28	1	172	45		
816	21	15	2	28	1	104	4		
817	1	31	12	11	4	109	3		
818	34	47	68	41	32	78	4		
819	21	15	2	28	1	107	4		
820	21	15	2	28	1	103	4		
821	18	15	2	28	1	107	26		
822	1	3	3	12	2	101	3		
823	1	3	6	1	4	97	6		
824	1	90	3	2	2	7	3		
825	40	3	83	6	4	76	3		
826	1	72	12	11	4	10	3		
827	1	3	3	11	45	11	3		
828	1	3	3	11	12	72	3		
829	1	3	3	2	2	154	3		
830	21	12	140	1	4	16	4		
831	21	35	2	12	1	72	4		
832	1	78	3	11	1	72	7		
833	1	3	2	11	2	72	7		
834	1	12	42	28	11	72	4		
835	21	12	140	1	4	154	4		
836	18	48	58	42	4	54	26		
837	1	3	3	2	4	7	3		
838	1	3	3	2	2	185	3		
839	18	48	58	2	2	54	26		
840	1	3	3	43	46	16	3		
841	1	3	3	2	4	11	3		
842	1	47	67	28	45	55	6		
843	1	3	3	28	2	7	3		
844	1	12	3	2	2	106	3		
845	21	35	2	28	1	172	45		
846	4	31	12	11	4	109	3		
847	28	38	45	1	30	66	2		
848	1	15	3	2	2	142	3		
849	64	53	4	11	4	142	5		
850	1	3	3	2	4	103	3		
851	1	3	3	2	2	97	2		
852	33	12	40	26	32	157	5		
853	21	35	2	28	1	209	4		
854	25	112	136	20	25	97	55		
855	35	12	64	37	22	208	30		
856	21	12	2	28	1	140	4		
857	21	35	2	28	1	210	4		
858	1	12	3	2	2	140	3		
859	1	15	3	2	2	58	3		
860	37	53	67	6	42	200	7		
861	1	10	8	6	1	142	14		
862	31	33	67	40	1	142	7		
863	1	3	3	2	2	95	3		
864	1	17	3	2	2	100	3		
865	31	17	67	40	1	142	7		
866	1	102	59	28	4	98	45		
867	1	12	59	28	4	172	45		
868	1	34	80	28	35	98	30		
869	1	35	62	31	4	98	45		
870	36	102	62	31	22	98	4		
871	36	57	62	31	22	103	4		
872	1	3	3	2	2	144	3		
873	18	87	2	28	1	157	71		
874	1	52	56	1	4	140	45		
875	1	3	3	2	2	97	18		
876	20	3	3	2	2	97	3		
877	21	12	2	28	1	107	4		
878	28	38	45	1	16	110	2		
879	26	36	43	20	25	109	28		
880	1	12	56	1	1	142	26		
881	1	54	59	28	4	162	45		
882	1	12	4	11	4	109	3		
883	1	12	56	1	1	173	26		
884	18	87	2	28	1	83	71		
885	24	111	96	71	2	16	3		
886	1	31	12	2	1	206	3		
887	21	111	2	2	35	16	4		
888	1	34	12	2	1	205	45		
889	1	110	2	11	48	149	6		
890	1	12	56	1	1	149	45		
891	1	3	3	2	2	207	3		
892	1	3	3	72	63	7	3		
893	36	31	59	28	4	103	4		
894	43	54	111	71	64	137	4		
895	1	12	3	2	35	10	3		
896	36	34	62	2	22	16	4		
897	1	2	3	2	2	7	3		
898	1	54	80	28	27	7	30		
899	1	3	3	2	2	7	30		
900	1	62	80	2	27	16	30		
901	1	3	23	2	2	16	3		
902	1	3	3	28	2	96	3		
903	1	1	66	2	2	7	4		
904	1	3	3	6	2	7	3		
905	1	3	3	11	4	7	30		
906	1	3	3	31	2	7	30		
907	1	1	66	12	33	7	6		
908	1	3	3	2	2	7	45		
909	1	3	3	2	2	132	3		
910	1	72	12	11	2	54	3		
911	1	3	3	11	2	54	3		
912	1	3	3	2	33	7	3		
913	1	47	67	28	58	55	6		
914	56	3	3	67	60	10	11		
915	63	3	141	67	60	16	11		
916	1	3	3	2	1	50	3		
917	51	12	49	11	49	145	4		
918	1	54	3	28	62	137	3		
919	31	17	67	40	1	99	7		
920	1	12	4	11	4	79	4		
921	1	17	8	10	28	198	38		
922	1	107	8	10	28	63	32		
923	28	38	45	36	16	66	72		
924	1	17	8	10	28	198	32		
925	28	57	45	36	16	66	2		
926	31	42	135	64	30	162	44		
927	1	83	3	2	46	79	3		
928	1	1	1	1	1	156	6		
929	1	1	12	32	1	98	6		
930	1	3	6	1	4	102	6		
931	1	10	8	6	1	110	14		
932	1	12	65	45	4	198	26		
933	1	15	4	11	4	200	4		
934	1	17	8	10	28	94	32		
935	1	17	8	10	28	142	32		
936	1	34	40	26	1	172	5		
937	1	35	65	45	4	177	26		
938	1	38	3	2	2	110	3		
939	1	43	3	2	2	94	3		
940	1	43	50	31	1	94	26		
941	1	46	59	11	4	79	17		
942	1	64	109	1	23	106	26		
943	2	2	2	1	1	195	7		
944	2	21	12	32	26	198	5		
945	10	12	4	11	4	79	5		
946	10	12	4	11	4	200	5		
947	10	53	74	11	4	200	5		
948	11	27	14	21	37	113	15		
949	12	17	3	2	29	99	39		
950	12	107	12	1	29	102	39		
951	15	48	58	42	36	140	41		
952	18	12	80	12	1	94	4		
953	21	12	2	28	1	104	4		
954	21	15	1	28	1	132	4		
955	21	15	2	28	1	157	4		
956	23	35	3	27	23	144	7		
957	28	38	45	1	16	16	2		
958	39	65	142	30	25	114	28		
959	1	12	56	1	1	61	3		
960	24	92	96	11	26	162	26		
961	1	17	96	2	2	99	3		
962	1	15	8	10	26	99	32		
963	31	21	26	11	1	211	76		
964	1	46	32	74	1	142	14		
965	35	1	46	6	1	212	4		
966	2	3	51	74	36	195	77		
967	2	115	51	74	36	195	77		
968	66	116	96	54	65	79	78		
969	1	46	96	54	4	213	59		
970	1	46	96	75	4	79	59		
971	67	46	96	54	4	79	59		
972	21	19	135	39	1	214	79		
973	1	90	139	10	1	79	80		
974	1	17	3	76	2	99	81		
975	1	117	3	2	2	142	3		
976	68	17	3	2	2	215	3		
977	1	17	3	2	2	99	82		
978	1	17	3	77	2	99	3		
979	1	17	3	2	2	99	83		
980	1	17	3	78	2	99	3		
981	1	17	3	2	2	216	3		
982	1	17	52	2	2	99	3		
983	1	118	3	2	2	99	3		
984	1	17	3	2	2	217	3		
985	1	119	3	2	2	99	3		
986	1	17	3	2	2	218	3		
987	1	17	3	79	2	99	3		
988	69	17	3	2	66	142	84		
989	1	17	3	80	2	142	3		
990	70	17	3	2	2	99	3		
991	1	120	3	62	2	142	3		
992	1	12	60	28	1	148	32		
993	1	15	2	28	1	219	32		
994	33	12	40	26	1	220	5		
995	1	34	40	26	1	221	5		
996	1	34	40	26	22	222	5		
997	21	12	40	26	22	223	5		
998	21	12	40	81	22	160	5		
999	15	48	61	26	1	103	85		
1000	34	52	29	28	67	114	4		
1001	1	81	11	48	18	224	43		
1002	2	38	42	1	4	225	41		
1003	28	38	45	1	16	110	86		
1004	1	48	8	11	68	142	53		
1005	1	121	2	82	1	226	6		
1006	71	52	59	12	1	227	4		
1007	21	35	69	10	69	140	4		
1008	3	122	3	2	16	228	6		
1009	1	35	80	12	70	140	4		
1010	2	123	42	10	1	140	5		
1011	2	64	139	83	1	140	5		
1012	1	17	83	6	4	211	87		
1013	1	1	70	6	4	229	4		
1014	18	34	59	11	60	144	30		
1015	1	46	62	86	4	110	45		
1016	1	34	12	6	1	232	45		
1017	25	27	14	21	15	233	28		
1018	11	125	14	21	37	233	15		
1019	25	27	14	21	15	234	28		
1020	72	27	72	20	27	113	29		
1021	73	1	12	32	1	98	6		
1022	1	1	12	32	1	235	6		
1023	1	126	3	2	2	97	3		
1024	1	3	3	2	2	236	3		
1025	51	127	59	10	16	103	4		
1026	21	108	77	46	23	103	26		
1027	1	98	81	6	1	157	4		
1028	1	15	65	45	4	237	26		
1029	27	65	97	55	25	238	60		
1030	56	100	137	7	51	239	74		
1031	62	129	84	67	52	240	88		
1032	75	100	85	87	72	241	89		
1033	76	65	86	21	73	113	90		
1034	77	104	87	67	55	242	75		
1035	11	134	128	30	15	114	60		
1036	11	75	14	21	37	246	15		
1037	56	104	137	7	51	247	74		
1038	59	104	137	87	77	239	91		
1039	49	135	98	90	78	248	92		
1040	78	130	88	3	74	243	93		
1041	79	131	89	3	75	244	94		
1042	80	132	91	88	75	244	95		
1043	81	133	95	89	76	245	96		
1044	82	136	101	91	79	249	97		
1045	83	137	108	91	80	250	98		
1046	1	15	8	10	28	16	32		
1047	33	90	67	10	1	231	6		
1048	1	15	80	85	28	163	41		
1049	1	3	147	2	2	102	3		
1050	1	3	3	2	2	219	3		
1051	1	12	13	12	4	219	2		
1052	1	12	3	2	2	219	3		
1053	31	33	67	40	1	219	7		
1054	1	17	8	10	28	259	32		
1055	85	17	3	94	2	99	3		
1056	21	12	140	1	4	54	4		
1057	1	138	72	20	27	251	29		
1058	1	52	67	28	1	171	6		
1059	11	139	14	21	37	233	15		
1060	1	3	6	1	4	149	6		
1061	1	141	148	26	1	252	4		
1062	27	65	97	55	25	211	60		
1063	51	12	40	1	48	253	4		
1064	11	29	149	21	37	233	15		
1065	35	15	59	28	35	157	30		
1066	11	65	14	21	37	254	15		
1067	88	100	137	7	51	99	74		
1068	56	100	137	7	51	255	74		
1069	56	100	137	7	51	109	74		
1070	1	17	3	2	2	256	3		
1071	1	17	65	45	4	170	100		
1072	56	100	151	7	51	255	74		
1073	27	65	97	55	25	257	60		
1074	56	104	137	7	51	142	74		
1075	59	27	72	20	27	258	29		
1076	21	12	40	26	22	160	5		
1077	1	62	80	28	35	178	45		
1078	28	38	45	1	16	144	2		
1079	46	12	66	1	16	141	50		
1080	33	98	40	26	1	143	5		
1081	77	104	87	67	55	223	75		
1082	90	143	153	98	83	142	3		
1083	11	27	14	21	37	233	15		
1084	26	70	43	20	25	255	28		
1085	27	36	155	55	25	103	60		
1086	1	15	4	11	4	104	4		
1087	1	12	13	12	4	104	2		
1088	33	12	59	11	32	104	5		
1089	28	38	45	1	16	66	2		
1090	51	12	49	11	48	104	4		
1091	1	17	8	10	28	97	32		
1092	65	17	107	11	1	140	6		
1093	10	12	4	11	4	95	5		
1094	1	12	2	28	1	191	45		
1095	1	149	3	2	2	102	3		
1096	1	35	3	102	59	102	5		
1097	1	15	3	2	2	102	3		
1098	1	54	62	31	4	160	45		
1099	51	12	49	11	48	198	4		
1100	37	38	67	47	1	200	52		
1101	56	104	137	67	55	198	75		
1102	1	17	3	2	2	106	3		
1103	2	21	3	32	26	198	5		
1104	2	21	12	32	26	106	5		
1105	1	35	2	28	16	191	4		
1106	1	34	3	28	1	144	45		
1107	1	33	3	28	1	142	6		
1108	36	35	62	31	22	145	4		
1109	21	12	2	28	1	145	4		
1110	21	35	2	28	1	203	4		
1111	51	12	49	11	48	25	4		
1112	1	46	13	12	89	142	2		
1113	96	150	12	12	1	103	4		
1114	1	12	3	2	2	79	3		
1115	12	17	12	1	29	163	39		
1116	1	38	12	1	57	67	43		
1117	1	3	115	2	2	97	3		
1118	65	15	107	11	1	110	6		Acinetobacter calcoaceticus
1119	56	104	137	67	55	109	75		
1120	56	104	137	7	51	109	74		
1121	56	104	137	7	51	255	74		
1122	56	104	137	7	51	242	74		
1123	56	105	137	67	55	247	75		
1124	77	104	87	67	39	255	75		
1125	1	3	3	2	90	7	3		
1126	1	15	2	2	91	262	32		
1127	51	31	118	11	48	198	4		
1128	1	3	3	2	2	260	3		
1129	1	15	3	31	4	223	106		
1130	1	52	59	103	1	79	6		
1131	60	17	140	1	4	103	107		
1132	60	15	140	1	4	103	107		
1133	1	50	42	28	1	261	6		
1134	1	52	59	12	1	79	44		
1135	18	34	135	6	4	263	50		
1136	1	54	80	28	1	264	45		
1137	33	12	120	10	32	56	5		
1138	33	12	59	11	32	124	5		
1139	1	15	3	2	2	3	3		
1140	1	1	13	2	4	84	2		
1141	1	3	3	104	2	140	3		
1142	1	3	3	102	2	169	3		
1143	1	3	81	102	21	94	3		
1144	1	3	3	102	2	94	3		
1145	1	3	3	102	2	97	3		
1146	1	3	6	2	2	102	3		
1147	1	3	6	2	2	102	39		
1148	28	15	13	12	4	102	2		
1149	1	3	13	1	2	102	3		
1150	10	15	6	12	4	102	2		
1151	10	15	13	12	4	102	2		
1152	10	3	6	2	2	102	3		
1153	10	15	13	12	2	102	2		
1154	46	15	13	12	4	102	2		
1155	46	3	6	2	4	102	3		
1156	46	3	6	2	2	102	3		
1157	46	15	13	12	2	102	2		
1158	22	15	13	12	4	102	2		
1159	1	121	10	2	59	54	3		
1160	1	98	67	28	48	142	6		
1161	28	35	45	1	16	177	2		Acinetobacter baumannii
1162	43	36	93	56	43	238	61		Acinetobacter nosocomialis
1163	97	151	121	87	72	266	88		
1164	1	15	2	28	48	265	32		
1165	1	3	3	2	2	164	3		
1166	1	3	3	2	4	106	2		
1167	1	52	59	12	1	79	6		
1168	1	3	21	11	36	98	43		
1169	31	102	13	32	26	198	7		
1170	56	104	137	67	55	111	75		
1171	1	62	80	28	35	96	45		
1172	1	35	56	1	12	264	26		
1173	1	35	56	1	1	264	26		
1174	21	15	2	28	35	104	4		
1175	33	12	2	28	1	193	4		
1176	1	12	12	11	4	191	3		
1177	56	129	137	7	51	170	74		
1178	56	129	137	7	51	153	74		
1179	56	129	137	7	51	145	74		
1180	1	33	3	10	1	142	6		
1181	33	31	2	28	1	144	5		
1182	1	12	56	1	1	107	26		
1183	27	65	99	55	25	103	60		
1184	1	47	67	28	1	103	6		
1185	27	70	128	30	25	255	29		
1186	30	39	157	52	39	202	56		
1187	1	17	82	39	1	198	7		
1188	1	47	13	11	53	198	4		
1189	33	31	2	23	23	191	5		
1190	31	54	8	6	30	176	6		
1191	91	104	137	7	84	174	88		
1192	18	48	58	42	4	174	26		
1193	1	34	80	28	1	172	45		
1194	1	34	62	31	4	172	45		
1195	21	121	64	11	36	170	5		
1196	1	34	135	6	1	160	45		
1197	1	71	139	11	26	153	26		
1198	1	34	80	28	2	144	45		
1199	1	34	56	1	1	144	26		
1200	33	12	40	26	32	143	5		
1201	31	98	8	6	30	142	6		
1202	33	12	40	26	32	140	5		
1203	1	56	130	10	1	140	4		
1204	1	12	80	35	35	140	45		
1205	11	36	14	2	37	140	15		
1206	91	104	137	7	84	140	88		
1207	56	5	145	7	6	129	10		
1208	1	33	11	48	18	114	43		
1209	34	97	80	41	4	103	4		
1210	21	12	68	41	4	103	4		
1211	1	49	3	12	4	97	3		
1212	56	5	145	7	6	97	10		
1213	59	129	85	87	6	97	11		
1214	62	6	141	67	52	97	10		
1215	21	35	2	28	1	96	4		
1216	1	102	80	28	35	83	30		
1217	1	34	62	31	60	61	30		
1218	1	34	62	31	35	61	30		
1219	1	34	135	11	4	16	45		
1220	1	62	80	28	35	202	45		
1221	1	12	12	11	4	109	3		
1222	1	35	12	11	4	96	3		
1223	10	53	4	64	4	98	5		
1224	10	53	4	6	4	98	5		
1225	1	15	13	60	4	106	2		
1226	1	15	3	43	4	106	2		
1227	1	15	120	28	1	107	32		
1228	1	15	2	28	48	107	32		
1229	21	35	2	28	23	253	4		
1230	1	3	2	2	2	97	3		
1231	1	31	12	6	4	25	3		
1232	1	62	80	28	1	178	30		
1233	25	27	14	65	25	97	62		
1234	18	15	2	28	1	72	71		
1235	31	98	51	11	4	58	6		
1236	1	15	70	28	4	72	45		
1237	1	62	80	28	35	94	30		
1238	1	62	80	28	35	90	30		
1239	1	15	14	12	4	163	2		
1240	1	3	4	2	2	94	3		
1241	1	36	4	2	2	94	3		
1242	1	12	3	21	2	145	3		
1243	1	19	3	2	2	145	3		
1244	1	15	3	2	1	107	3		
1245	1	15	10	43	1	107	3		
1246	1	15	13	43	4	106	2		
1247	1	3	3	2	2	94	21		
1248	1	1	19	60	4	16	2		
1249	1	15	13	60	4	163	2		
1250	1	12	56	36	4	149	45		
1251	1	35	12	6	4	94	3		
1252	21	12	3	28	1	107	4		
1253	1	56	13	48	4	107	6		
1254	1	90	67	60	1	94	4		
1255	1	90	38	6	26	187	5		
1256	1	12	13	33	4	173	2		
1257	1	17	82	39	1	107	7		
1258	1	93	139	6	1	153	6		
1259	1	34	59	28	4	157	6		
1260	2	38	42	36	4	178	41		
1261	18	93	135	6	4	187	50		
1262	21	35	2	28	22	253	4		
1263	21	12	2	28	1	203	5		
1264	21	48	58	42	36	140	4		
1265	21	35	2	28	1	145	3		
1266	23	61	134	26	4	117	4		
1267	24	17	71	60	1	153	52		
1268	33	31	2	28	1	107	5		
1269	33	58	11	36	1	153	40		
1270	35	15	13	12	4	163	2		
1271	36	12	59	28	4	94	4		
1272	37	15	58	42	4	98	41		
1273	49	135	3	90	41	145	92		
1274	29	46	67	6	30	195	4		
1275	1	152	70	28	4	178	45		
1276	18	153	8	105	4	3	2		
1277	1	34	80	28	1	22	3		
1278	1	3	3	28	2	7	45		
1279	51	12	49	13	48	103	4		
1280	1	3	67	6	2	163	5		
1281	1	34	80	28	1	198	45		
1282	1	38	42	6	1	97	108		
1283	1	15	8	10	28	102	32		
1284	1	87	8	10	28	148	32		
1285	1	35	8	10	28	175	32		
1286	1	35	3	2	2	100	3		
1287	1	3	115	2	2	102	3		
1288	1	3	117	2	2	96	3		
1289	1	12	3	2	2	142	3		
1290	24	92	96	11	49	100	26		
1291	1	26	10	1	1	171	50		
1292	1	15	3	1	2	142	3		
1293	1	87	45	2	2	83	3		
1294	1	38	3	2	2	100	3		
1295	1	3	3	2	2	148	3		
1296	1	31	3	2	2	145	3		
1297	28	38	45	2	16	144	2		
1298	1	3	3	6	2	140	3		
1299	1	50	56	1	1	152	45		
1300	33	31	2	26	1	175	5		
1301	22	35	3	33	4	106	5		
1302	2	52	80	6	23	140	4		
1303	33	12	40	26	32	175	5		
1304	1	54	80	28	1	96	45		
1305	1	12	3	2	2	96	3		
1306	31	33	67	40	1	96	7		
1307	22	15	13	12	36	153	2		
1308	31	33	67	40	1	98	7		
1309	27	155	99	55	25	270	60		
1310	21	12	59	11	32	271	4		
1311	1	102	12	6	28	264	40		
1312	1	53	135	12	1	110	110		
1313	1	15	13	12	4	94	2		
1314	21	15	2	28	35	193	111		
1315	1	1	13	12	92	16	2		
1316	1	35	3	2	2	107	3		
1317	1	15	13	12	4	163	112		
1318	21	35	2	28	1	268	4		
1319	1	15	59	28	4	269	45		
1320	1	102	80	85	28	214	113		
1321	1	44	8	10	28	54	32		Acinetobacter baumannii
1322	1	81	11	48	18	272	43		
1323	1	19	2	43	93	140	114		
1324	1	12	56	1	1	237	26		
1325	1	12	56	1	1	110	26		
1326	1	43	3	2	2	94	2		Acinetobacter baumannii
1327	1	62	13	12	4	273	2		
1328	60	17	140	1	4	274	107		
1329	1	1	13	12	94	144	2		
1330	1	156	80	48	18	114	43		
1331	31	47	90	6	95	205	6		
1332	31	33	59	40	16	97	7		
1333	31	33	59	40	16	16	7		
1334	33	12	67	26	32	157	5		
1335	31	1	126	40	1	16	7		
1336	18	87	125	28	1	102	71		
1337	18	87	125	28	1	83	71		
1338	18	87	125	28	1	148	71		
1339	27	154	124	55	25	163	60		
1340	10	12	4	11	4	200	109		
1341	1	17	2	28	1	143	32		
1342	33	47	56	1	32	160	5		
1343	11	65	14	20	37	254	15		
1344	33	12	59	11	32	157	5		
1345	100	17	164	1	1	278	76		
1346	1	38	12	1	57	67	116		
1347	51	12	49	11	48	280	4		
1348	56	100	137	7	51	279	74		
1349	1	35	65	45	4	173	26		
1350	21	35	2	41	1	193	45		
1351	21	15	2	28	1	275	4		
1352	34	12	68	41	32	103	4		
1353	1	3	159	2	2	97	3		
1354	21	15	160	28	1	275	4		
1355	1	78	59	43	1	211	6		
1356	1	12	32	11	1	260	14		
1357	1	15	66	12	33	237	41		
1358	21	12	2	28	22	104	4		
1359	33	12	40	26	32	172	5		
1360	33	93	139	10	1	153	26		
1361	21	15	2	28	35	193	4		
1362	18	35	13	11	4	166	50		
1363	1	17	161	10	29	110	4		
1364	21	15	2	28	1	221	4		
1365	21	12	2	28	35	158	4		
1366	1	157	80	28	1	161	45		
1367	1	33	12	11	96	99	4		
1368	33	15	68	41	97	222	5		
1369	99	43	162	6	1	103	4		
1370	1	47	67	28	1	172	6		
1371	1	12	11	48	18	114	43		
1372	21	15	2	28	1	276	4		
1373	33	12	2	26	32	107	5		
1374	1	34	163	6	1	149	30		
1375	1	17	56	1	1	178	26		
1376	1	47	67	28	35	277	6		
1377	21	35	2	28	1	193	4		
1378	1	12	64	37	4	103	30		
1379	1	45	13	6	4	103	115		
1380	1	38	67	1	4	160	5		
1381	21	12	2	28	35	103	4		
1382	18	158	80	12	1	94	4		
1383	34	12	68	41	97	104	4		
1384	21	35	2	28	35	103	4		
1385	63	151	145	67	72	164	88		
1386	33	31	2	28	1	158	5		
1387	1	15	2	28	1	65	32		
1388	1	15	2	28	1	142	32		
1389	1	3	13	12	4	106	2		
1390	1	3	13	12	4	142	2		
1391	101	100	165	106	98	281	101		
1392	1	87	3	2	2	96	3		
1393	36	12	59	28	4	25	4		
1394	33	31	2	28	22	158	5		
1395	36	31	59	28	4	25	4		
1396	1	34	59	28	4	173	45		
1397	1	1	3	47	1	282	117		
1398	22	61	2	12	4	261	118		
1399	1	15	2	28	1	263	32		
1400	1	3	3	104	2	94	3		
1401	1	81	3	2	46	16	3		
1402	1	34	80	28	1	16	30		
1403	49	3	3	19	28	96	69		
1404	1	64	3	1	23	106	26		
1405	1	34	80	28	1	106	45		
1406	1	3	3	2	4	106	3		
1407	10	90	37	6	2	106	5		
1408	1	3	3	2	46	140	3		
1409	10	12	37	6	4	140	5		
1410	10	12	37	6	2	140	5		
1411	1	81	3	2	2	140	3		
1412	10	3	37	6	4	140	5		
1413	10	12	37	2	4	140	5		
1414	1	3	37	67	2	140	3		
1415	1	52	29	28	18	103	7		
1416	1	12	56	1	1	177	26		
1417	1	3	3	102	2	96	3		
1418	21	48	58	42	36	114	4		
1419	56	104	137	7	25	153	74		
1420	56	104	137	7	51	153	74		
1421	1	3	3	2	2	96	119		
1422	1	38	166	6	23	232	26		Acinetobacter baumannii
1423	1	159	3	2	2	142	3		
1424	91	160	167	7	99	153	120		
1425	56	104	168	67	52	153	75		
1426	1	15	13	12	4	163	5		
1427	102	161	169	87	100	153	121		
1428	3	3	3	102	2	154	3		
1429	3	3	3	2	2	154	3		
1430	1	102	59	28	1	193	45		
1431	1	54	80	28	1	193	45		
1432	1	162	67	49	4	140	6		
1433	1	122	140	2	4	214	5		
1434	103	38	170	107	1	66	72		
1435	1	163	171	49	4	140	6		
1436	1	93	42	1	1	284	123		
1437	1	76	106	46	1	285	5		
1438	18	1	172	42	1	79	4		
1439	1	121	173	12	1	286	6		
1440	1	17	8	37	4	66	5		
1441	22	90	176	1	4	99	26		
1442	1	56	13	44	101	107	6		
1443	1	35	140	12	103	287	4		
1444	1	56	13	44	101	157	6		
1445	1	3	174	11	36	98	50		
1446	2	50	175	6	1	53	5		
1447	1	107	166	6	4	102	26		
1448	35	150	134	48	1	170	124		
1449	1	17	8	37	4	142	26		
1450	1	56	106	6	36	290	114		
1451	37	15	58	42	4	54	41		
1452	1	107	166	6	23	258	26		
1453	1	47	67	28	1	142	6		
1454	1	98	67	28	1	102	6		
1455	1	12	40	26	32	253	6		
1456	1	17	41	6	23	132	26		
1457	22	38	2	12	4	261	118		
1458	15	46	67	6	4	195	122		
1459	1	107	166	6	23	102	26		
1460	62	164	138	7	52	239	75		
1461	104	165	177	109	102	288	125		
1462	21	15	2	28	1	157	116		
1463	1	12	2	28	1	158	4		
1464	1	10	8	6	1	201	14		
1465	1	1	42	28	1	278	6		
1466	31	121	2	82	1	211	7		
1467	1	1	12	1	57	67	116		
1468	1	121	135	82	1	98	6		
1469	21	15	2	28	104	275	4		
1470	11	65	14	21	37	158	15		
1471	91	165	145	72	39	266	89		Acinetobacter pittii
1472	1	3	3	7	2	97	3		
1473	1	3	3	28	2	97	3		
1474	1	3	3	62	2	97	3		
1475	1	15	13	12	4	58	2		A. baumannii
1476	28	57	65	36	4	291	2		A. baumannii
1477	51	12	49	11	48	109	4		A. baumannii
1478	1	34	67	31	4	160	45		A. baumannii
1479	33	31	2	28	1	145	5		A. baumannii
1480	21	31	113	11	1	106	3		A. baumannii
1481	33	15	2	28	1	158	5		A. baumannii
1482	21	35	2	28	1	175	4		A. baumannii
1483	2	12	73	59	1	98	47		A. baumannii
1484	1	47	67	28	35	221	6		A. baumannii
1485	1	47	67	28	35	94	6		A. baumannii
1486	1	3	3	2	2	221	3		A. baumannii
1487	51	12	137	11	48	96	4		A. baumannii
1488	1	35	139	110	1	141	7		
1489	1	15	2	28	1	283	32		A. baumannii
1490	1	47	42	11	35	110	7		A. baumannii
1491	1	1	66	12	33	177	41		A. baumannii
1492	1	35	13	12	35	94	3		A. baumannii
1493	1	17	82	39	1	145	7		A. baumannii
1494	1	34	80	28	35	172	45		A. baumannii
1495	36	102	80	31	22	178	4		A. baumannii
1496	33	31	2	28	1	143	5		A. baumannii
1497	11	27	14	21	37	94	15		A. baumannii
1498	2	34	12	32	60	148	5		A. baumannii
1499	21	15	3	2	35	294	4		A. baumannii
1500	31	33	67	40	1	269	7		A. baumannii
1501	1	3	3	2	1	142	3		A. baumannii
1502	1	3	3	2	2	142	4		A. baumannii
1503	10	53	4	11	4	142	5		A. baumannii
1504	10	53	4	11	4	79	5		A. baumannii
1505	31	33	67	40	6	95	7		A. baumannii
1506	31	33	67	40	1	95	7		A. baumannii
1507	1	15	4	11	4	98	4		A. baumannii
1508	31	45	8	6	30	157	6		A.  baumannii
1509	1	3	3	2	2	293	3		A.  baumannii
1510	1	12	56	1	1	140	26		A.  baumannii
1511	1	48	3	2	2	142	3		A.  baumannii
1512	10	12	4	11	4	296	5		A.  baumannii
1513	1	3	143	2	2	140	3		A.  baumannii
1514	12	3	3	2	4	140	5		A.  baumannii
1515	12	17	12	1	29	191	39		A. baumannii
1516	1	3	3	43	1	102	3		A. baumannii
1517	1	12	3	28	22	157	1		A. baumannii
1518	1	15	2	28	1	299	32		A. baumannii
1519	1	15	2	28	1	195	32		A. baumannii
1520	1	167	8	10	28	298	32		A. baumannii
1521	1	15	2	43	1	102	32		A. baumannii
1522	1	15	21	28	1	102	32		A. baumannii
1523	2	47	40	60	1	102	5		A. baumannii
1524	1	17	8	10	28	140	32		A. baumannii
1525	1	57	12	6	1	193	45		A. baumannii
1526	1	34	62	31	4	103	45		A. baumannii
1527	77	164	179	109	106	300	88		A. pittii
1528	1	168	2	28	1	163	32		A. baumannii
1529	1	15	2	28	1	301	32		A. baumannii
1530	49	68	178	112	105	297	128		A.seifertii
1531	21	35	2	28	107	25	4		A. baumannii
1532	21	35	2	28	107	302	4		A. baumannii
1533	1	53	3	11	1	153	127		A. baumannii
1534	60	166	12	12	23	295	6		A. baumannii
1535	1	35	2	28	1	157	4		A. baumannii
1536	51	31	49	11	1	16	4		A. baumannii
1537	1	34	56	1	4	176	45		A. baumannii
1538	21	35	2	28	107	191	4		A. baumannii
1539	1	10	8	6	1	198	14		A. baumannii
1540	35	50	42	49	1	152	5		A. baumannii
1541	1	12	161	1	1	173	16		A. baumannii
1542	1	3	59	15	4	172	45		A. baumannii
1543	1	15	66	15	4	99	45		A. baumannii
1544	1	25	56	1	1	152	16		A. baumannii
1545	1	15	13	12	4	106	16		A. baumannii
1546	1	1	66	12	33	144	21		A. baumannii
1547	1	23	12	11	4	173	3		A. baumannii
1548	1	1	66	12	33	178	21		A. baumannii
1549	2	21	12	32	26	200	5		A. baumannii
1550	2	21	12	111	26	198	5		A. baumannii
1551	1	17	8	10	28	137	32		A. baumannii
1552	44	73	4	11	44	304	4		A. baumannii
1553	1	90	12	11	4	16	3		A. baumannii
1554	1	34	56	1	1	16	45		A. baumannii
1555	1	21	2	82	1	211	6		A. baumannii
1556	1	21	135	11	108	303	6		A. baumannii
1557	31	33	67	40	16	142	7		Acinetobacter baumannii
1558	105	12	59	113	35	200	5		Acinetobacter baumannii
1559	49	171	180	114	109	305	129		Acinetobacter seifertii
1560	1	169	11	48	18	16	43		Acinetobacter baumannii
1561	1	170	12	6	28	50	32		Acinetobacter baumannii
1562	18	12	135	6	4	140	50		Acinetobacter baumannii
1563	1	15	80	28	4	140	45		Acinetobacter baumannii
1564	21	35	2	28	1	54	4		Acinetobacter baumannii
1565	1	35	3	11	4	187	6		Acinetobacter baumannii
1566	1	35	80	12	70	306	4		A. baumannii
1567	10	12	182	11	4	100	5		A. baumannii
1568	106	17	181	60	1	166	130		A. baumannii
1569	1	3	3	2	110	142	3		A. baumannii
1570	1	72	12	11	4	18	3		A. baumannii
1571	1	15	13	12	2	106	2		A. baumannii
1572	1	12	12	11	2	94	3		A. baumannii
1573	1	15	13	12	2	106	3		A. baumannii
1574	1	15	13	2	4	106	2		A. baumannii
1575	1	12	80	28	1	256	45		A. baumannii
1576	1	72	12	2	4	54	3		A. baumannii
1577	36	31	66	71	4	163	4		A. baumannii
1578	1	38	3	2	2	144	3		A. baumannii
1579	1	3	3	2	59	163	3		A. baumannii
1580	28	38	45	1	16	102	2		A. baumannii
1581	12	87	12	1	29	163	39		A. baumannii
1582	107	172	123	115	111	307	131		Acinetobacter pittii
1583	1	62	59	28	4	66	45		A. baumannii
1584	33	12	62	54	4	4	71		Acinetobacter baumannii
1585	31	45	8	6	30	144	6		
1586	31	45	8	6	30	140	6		Acinetobacter baumannii
1587	51	12	49	11	48	157	4		Acinetobacter baumannii
1588	1	15	2	28	1	83	32		Acinetobacter baumannii
1589	1	102	109	1	23	193	26		Acinetobacter baumannii
1590	10	12	4	11	4	278	5		Acinetobacter baumannii
1591	1	170	12	6	28	94	32		Acinetobacter baumannii
1592	1	34	56	1	1	242	45		Acinetobacter baumannii
1593	1	46	2	82	1	211	6		Acinetobacter baumannii
1594	1	169	11	48	18	106	43		Acinetobacter baumannii
1595	1	15	59	28	4	99	45		Acinetobacter baumannii
1596	1	50	56	1	1	152	26		Acinetobacter baumannii
1597	1	1	66	12	33	144	41		Acinetobacter baumannii
1598	1	48	12	11	4	54	3		Acinetobacter baumannii
1599	1	12	3	2	2	98	3		Acinetobacter baumannii
1600	1	3	3	2	16	94	3		Acinetobacter baumannii
1601	1	3	3	2	16	107	3		Acinetobacter baumannii
1602	1	3	3	2	4	94	3		Acinetobacter baumannii
1603	1	35	186	11	4	187	6		Acinetobacter baumannii
1604	10	12	182	11	4	98	5		Acinetobacter baumannii
1605	90	181	153	98	83	309	136		Acinetobacter pittii
1606	111	176	183	118	113	132	129		Acinetobacter baumannii
1607	112	177	101	119	114	4	98		Acinetobacter baumannii
1608	113	178	101	54	115	4	98		Acinetobacter baumannii
1609	33	12	62	120	4	4	57		Acinetobacter baumannii
1610	108	173	7	116	112	106	132		Acinetobacter baumannii
1611	109	174	80	12	4	153	133		Acinetobacter baumannii
1612	110	175	127	117	27	153	134		Acinetobacter baumannii
1613	91	180	184	7	116	308	135		Acinetobacter pittii
1614	42	65	185	30	25	114	57		Acinetobacter nosocomialis
1615	1	15	8	10	28	108	32		Acinetobacter baumannii
1616	10	12	4	11	4	98	109		Acinetobacter baumannii
1617	1	46	80	54	4	79	17		Acinetobacter baumannii
1618	35	179	107	37	36	99	5		Acinetobacter baumannii
1619	12	17	12	1	29	108	39		Acinetobacter baumannii
1620	114	17	12	1	29	99	39		Acinetobacter baumannii
1621	22	15	13	12	32	153	2		Acinetobacter baumannii
1622	1	10	8	6	1	171	14		Acinetobacter baumannii
1623	44	73	30	53	44	173	4		Acinetobacter baumannii
1624	1	50	3	2	2	94	3		Acinetobacter baumannii
1625	1	17	1	1	94	98	2		Acinetobacter baumannii
1626	1	10	8	6	1	106	14		
1627	1	3	6	1	4	214	6		
1628	1	77	59	10	1	54	4		
1629	24	46	59	11	4	79	26		
1630	43	182	136	122	117	310	137		
1631	2	15	12	32	26	202	5		
1632	1	12	3	2	2	195	3		
1633	1	15	3	2	2	96	3		
1634	1	62	3	2	2	164	3		
1635	31	45	8	6	30	311	6		
1636	1	35	42	11	35	312	7		
1637	1	15	12	6	28	102	40		Acinetobacter baumannii
1638	30	165	157	52	39	313	56		Acinetobacter pittii
1639	10	12	4	11	4	140	5		Acinetobacter baumannii
1640	2	34	2	1	1	144	7		Acinetobacter baumannii
1641	1	15	2	28	1	157	32		Acinetobacter baumannii
1642	1	12	56	1	1	314	26		Acinetobacter baumannii
1643	1	183	187	10	1	315	138		Acinetobacter baumannii
1644	1	31	12	11	4	316	3		Acintobacter baumannii
1645	1	3	3	2	46	94	3		Acintobacter baumannii
1646	1	3	3	102	2	140	3		Acintobacter baumannii
1647	56	100	115	7	51	154	74		Acintobacter baumannii
1648	1	3	3	102	59	140	3		Acintobacter baumannii
1649	43	65	43	20	27	96	28		Acintobacter baumannii
1650	1	3	3	102	46	140	3		Acintobacter baumannii
1651	1	3	115	2	59	96	3		Acintobacter baumannii
1652	1	3	3	2	46	96	3		Acintobacter baumannii
1653	1	3	3	2	59	96	3		Acintobacter baumannii
1654	1	3	3	2	59	140	3		Acintobacter baumannii
1655	1	3	34	102	2	140	3		Acintobacter baumannii
1656	1	3	3	102	2	155	3		Acintobacter baumannii
1657	1	15	115	2	2	96	3		Acintobacter baumannii
1658	1	81	3	102	2	16	3		Acintobacter baumannii
1659	27	35	115	55	25	158	60		Acintobacter baumannii
1660	1	3	115	102	2	96	3		Acintobacter baumannii
1661	1	3	115	102	2	97	3		Acintobacter baumannii
1662	1	15	3	102	2	202	3		
1663	1	15	3	2	2	111	3		
1664	1	3	115	102	2	106	21		
1665	1	3	115	102	2	106	3		
1666	1	3	3	102	2	96	21		
1667	1	19	10	123	118	317	3		Acintobacter baumannii
1668	1	3	115	102	2	174	21		
1669	1	3	143	102	2	106	3		
1670	1	3	115	102	2	94	3		
1671	1	87	188	2	2	83	3		Acintobacter baumannii
1672	1	3	143	102	2	154	3		
1673	1	3	143	102	2	140	3		
1674	1	3	143	102	2	106	21		
1675	1	184	3	2	2	66	3		Acintobacter baumannii
1676	1	3	3	102	2	166	3		
1677	10	12	182	11	4	79	5		Acintobacter baumannii
1678	10	12	182	11	4	142	5		Acintobacter baumannii
1679	1	3	3	102	2	106	3		
1680	1	3	3	102	2	287	3		
1681	1	3	143	102	2	97	3		
1682	18	15	3	2	1	140	4		Acinetobacter baumannii
1683	1	15	3	28	1	175	32		Acinetobacter baumannii
1684	1	3	3	2	2	153	3		Acinetobacter baumannii
1685	1	38	2	82	1	66	6		Acinetobacter baumannii
1686	36	12	120	10	32	140	4		Acinetobacter baumannii
1687	1	1	13	6	1	25	6		Acinetobacter baumannii
1688	21	12	40	26	32	144	4		Acinetobacter baumannii
1689	1	170	6	1	4	178	6		Acinetobacter baumannii
1690	1	3	3	102	2	160	21		
1691	1	3	3	2	2	102	106		Acinetobacter baumannii
1692	22	15	13	12	4	153	2		Acinetobacter baumannii
1693	21	48	58	42	36	109	110		Acinetobacter baumannii
1694	1	3	8	10	28	97	32		Acintobacter baumannii
1695	1	3	143	102	2	96	21		
1696	1	3	3	102	2	160	3		
1697	1	17	3	2	2	66	3		Acinetobacter baumannii
1698	1	3	2	28	1	182	32		
1699	1	3	143	102	2	96	3		
1700	1	3	115	102	2	96	21		
1701	1	12	3	2	2	66	3		Acinetobacter baumannii
1702	1	15	2	28	1	163	3		
1703	10	12	1	33	4	102	5		Acinetobacter baumannii
1704	1	109	3	2	2	100	3		Acinetobacter baumannii
1705	1	3	3	2	2	162	3		Acinetobacter baumannii
1706	36	57	62	31	22	96	4		
1707	56	164	143	98	51	182	3		
1708	11	67	186	20	37	139	5		
1709	1	3	115	102	2	140	3		
1710	1	17	82	39	1	303	7		
1711	1	3	115	102	2	102	3		
1712	1	12	3	102	2	103	3		
1713	1	146	143	101	76	182	103		
1714	1	17	3	2	2	304	3		Acinetobacter baumannii
1715	1	3	3	2	2	97	140		Acinetobacter baumannii
1716	1	3	115	102	2	303	3		
1717	24	92	96	11	49	162	141		Acinetobacter baumannii
1718	1	3	143	13	1	140	36		
1719	1	17	82	39	1	319	7		Acinetobacter baumannii
1720	1	3	3	102	2	102	3		
1721	22	15	13	60	4	174	2		
1722	11	67	115	20	37	16	15		
1723	27	3	115	30	25	97	3		
1724	1	185	3	2	2	102	3		Acintobacter baumannii
1725	77	104	115	67	55	96	75		
1726	1	3	115	102	110	140	3		
1727	1	3	115	102	2	154	3		
1728	1	17	82	39	1	238	7		Acinetobacter baumannii
1729	62	165	145	67	52	247	139		Acinetobacter pittii
1730	1	102	115	102	1	96	3		
1731	1	12	56	36	1	268	26		
1732	1	12	42	64	1	103	4		
1733	59	186	123	124	119	318	142		Acinetobacter pittii
1734	1	17	5	13	28	97	32		Acinetobacter baumannii
1735	1	115	115	78	2	166	3		
1736	10	12	1	1	4	98	5		Acinetobacter baumannii
1737	1	12	42	64	1	103	3		
1738	1	3	181	102	3	140	3		
1739	2	38	12	1	57	67	6		Acinetobacter baumannii
1740	26	36	43	20	25	320	28		Acinetobacter baumannii
1741	1	3	115	102	2	174	3		
1742	56	100	143	98	51	174	2		
1743	22	15	13	60	2	174	2		
1744	1	15	3	102	2	96	3		
1745	25	37	143	20	25	182	55		
1746	25	37	115	20	25	153	55		
1747	1	3	115	102	2	182	3		
1748	1	87	3	102	2	16	3		
1749	25	37	115	20	25	182	55		
1750	1	17	82	39	1	83	7		
1751	1	3	143	102	1	256	3		
1752	28	38	45	1	16	142	2		Acinetobacter baumannii
1753	56	105	115	67	55	96	75		
1754	1	35	115	102	16	103	3		
1755	1	3	143	102	2	16	3		
1756	21	35	69	28	1	106	4		
1757	2	21	12	32	26	148	5		Acinetobacter baumannii
1758	33	108	46	64	2	153	5		
1759	115	188	190	125	120	321	143		Acinetobacter dijkshoorniae
1760	1	15	2	28	1	66	32		Acinetobacter baumannii
1761	1	46	191	12	4	79	59		Acinetobacter baumannii
1762	97	165	26	102	72	170	89		
1763	1	3	115	102	2	16	3		
1764	1	34	40	26	3	221	4		Acinetobacter baumannii
1765	33	108	139	64	26	153	5		
1766	1	3	115	102	2	155	3		
1767	1	3	115	102	96	96	3		
1768	27	3	115	30	25	154	29		
1769	1	3	3	102	2	102	116		
1770	1	81	115	102	2	16	3		
1771	62	100	115	98	52	182	75		
1772	1	34	40	26	1	221	4		Acinetobacter baumannii
1773	18	34	59	11	71	144	30		Acinetobacter baumannii
1774	11	27	14	21	37	234	15		Acinetobacter baumannii
1775	18	12	80	43	1	94	4		Acinetobacter baumannii
1776	24	111	96	11	49	16	26		Acinetobacter baumannii
1777	1	56	58	54	4	165	4		Acinetobacter baumannii
1778	49	189	192	126	121	322	129		Acinetobacter baumannii
1779	1	64	3	2	2	106	3		Acinetobacter baumannii
1780	1	17	42	12	1	159	6		Acinetobacter baumannii
1781	33	17	40	81	32	143	5		
1782	46	12	110	1	16	142	50		Acinetobacter baumannii
1783	1	12	115	102	2	153	3		
1784	1	15	115	102	2	153	3		
1785	30	39	115	52	39	174	56		
1786	22	15	13	60	3	169	2		
1787	1	3	115	102	59	139	3		
1788	1	187	3	2	2	99	3		Acinetobacter baumannii
1789	1	3	3	2	2	22	3		Acinetobacter baumannii
1790	1	15	77	28	2	107	32		Acinetobacter baumannii
1791	1	3	3	2	2	61	3		Acinetobacter baumannii
1792	1	15	3	28	1	107	32		Acinetobacter baumannii
1793	46	12	182	1	16	142	50		Acinetobacter baumannii
1794	1	187	189	2	2	99	3		Acinetobacter baumannii
1795	46	12	110	121	16	141	50		Acinetobacter baumannii
1796	46	12	182	121	16	141	50		Acinetobacter baumannii
1797	1	3	115	102	2	3	3		
1798	10	12	110	33	4	98	5		Acinetobacter baumannii
1799	69	157	115	102	59	139	3		
1800	10	12	182	33	4	98	5		Acinetobacter baumannii
1801	1	3	3	1	2	102	3		Acinetobacter baumannii
1802	1	115	115	95	2	140	3		
1803	1	17	2	28	1	283	32		Acinetobacter baumannii
1804	10	12	182	33	4	102	5		Acinetobacter baumannii
1805	12	17	189	2	29	99	39		Acinetobacter baumannii
1806	1	3	189	2	2	97	3		Acinetobacter baumannii
1807	1	17	189	2	29	99	39		Acinetobacter baumannii
1808	1	35	189	2	2	102	3		Acinetobacter baumannii
1809	1	3	189	2	2	142	3		Acinetobacter baumannii
1810	1	3	115	102	59	94	3		
1811	1	27	115	102	2	106	3		
1812	1	12	4	11	4	140	4		Acinetobacter baumannii
1813	1	12	182	11	4	140	4		Acinetobacter baumannii
1814	10	12	4	11	4	219	5		Acinetobacter baumannii
1815	10	12	182	11	4	219	5		Acinetobacter baumannii
1816	1	3	189	2	2	96	3		Acinetobacter baumannii
1817	1	12	115	102	2	103	3		
1818	62	129	141	7	52	247	10		Acinetobacter calcoaceticus
1819	1	35	32	27	32	99	14		Acinetobacter baumannii
1820	1	17	8	37	4	142	5		Acinetobacter baumannii
1821	1	46	100	12	36	211	6		Acinetobacter baumannii
1822	1	12	115	2	2	103	3		
1823	31	34	161	6	30	144	6		
1824	1	3	115	2	2	106	3		
1825	1	114	42	54	1	223	68		Acinetobacter baumannii
1826	1	12	61	64	4	103	3		
1827	1	3	115	102	2	97	85		
1828	30	39	115	52	39	139	56		
1829	11	65	170	20	37	287	15		
1830	2	174	161	12	1	231	87		Acinetobacter baumannii
1831	77	104	115	67	55	97	75		
1832	1	3	3	102	59	97	3		
1833	10	12	182	11	4	140	5		Acinetobacter baumannii
1834	1	3	189	2	2	103	3		Acinetobacter baumannii
1835	1	3	189	2	2	260	3		Acinetobacter baumannii
1836	1	12	189	2	2	97	3		Acinetobacter baumannii
1837	1	3	189	2	2	106	3		Acinetobacter baumannii
1838	1	17	189	2	2	142	3		Acinetobacter baumannii
1839	1	17	189	2	2	99	3		Acinetobacter baumannii
1840	10	53	182	11	4	100	5		Acinetobacter baumannii
1841	1	12	189	2	2	79	3		Acinetobacter baumannii
1842	1	3	3	2	4	140	2		Acinetobacter baumannii
1843	1	3	189	2	4	140	2		Acinetobacter baumannii
1844	1	12	26	1	1	103	4		Acinetobacter baumannii
1845	121	17	140	1	1	279	30		Acinetobacter baumannii
1846	2	56	205	74	36	195	6		
1847	105	62	80	133	1	142	45		
1848	1	54	80	28	35	153	30		
1849	1	3	3	2	2	331	3		
1850	1	3	3	2	1	97	3		
1851	1	3	189	2	2	16	3		
1852	1	3	189	2	2	107	3		
1853	1	15	2	71	48	222	3		
1854	46	169	110	121	16	141	50		
1855	21	35	2	28	103	177	4		
1856	33	12	59	11	1	145	5		
1857	46	12	182	1	16	141	50		
1858	2	17	12	32	26	148	5		
1859	1	15	186	102	2	153	3		
1860	1	3	186	77	2	96	3		
1861	1	10	8	64	1	110	14		
1862	1	3	161	128	103	96	57		
1863	1	12	3	1	4	132	26		
1864	1	33	139	1	36	61	41		
1865	1	121	40	12	4	211	6		
1866	1	12	59	48	35	200	5		
1867	1	101	3	2	2	153	3		
1868	10	12	4	11	4	106	5		Acinetobacter baumannii
1869	52	143	193	127	122	323	148		Acinetobacter pittii
1870	34	97	194	41	4	103	4		Acinetobacter baumannii
1871	117	190	195	128	123	325	149		Acinetobacter pittii
1872	62	100	197	7	52	247	75		Acinetobacter pittii
1873	118	191	179	129	125	308	135		Acinetobacter pittii
1874	1	192	2	11	4	170	144		Acinetobacter baumannii
1875	90	143	153	98	83	325	136		Acinetobacter pittii
1876	49	197	180	132	128	333	150		Acinetobacter seifertii
1877	33	195	203	1	48	211	50		Acinetobacter baumannii
1878	3	35	42	12	4	332	30		Acinetobacter baumannii
1879	1	196	204	37	4	141	26		Acinetobacter baumannii
1880	1	121	2	82	1	328	6		Acinetobacter baumannii
1881	34	97	10	41	4	329	4		Acinetobacter baumannii
1882	1	192	200	12	4	174	145		Acinetobacter baumannii
1883	1	194	2	11	4	98	146		Acinetobacter baumannii
1884	1	198	201	37	4	173	151		Acinetobacter baumannii
1885	120	35	67	6	69	140	147		Acinetobacter baumannii
1886	15	12	198	12	1	79	85		Acinetobacter baumannii
1887	1	17	2	131	1	166	69		Acinetobacter baumannii
1888	21	92	198	1	127	330	4		Acinetobacter baumannii
1889	1	12	202	2	4	331	32		Acinetobacter baumannii
1890	1	3	3	2	2	202	3		Acinetobacter baumannii
1891	1	15	189	2	2	153	3		
1892	1	43	186	77	2	202	3		
1893	1	3	3	77	2	96	3		
1894	1	15	202	10	1	96	6		
1895	43	99	185	20	25	109	29		
1896	25	175	93	61	25	233	137		
1897	27	65	99	55	25	238	60		
1898	18	48	59	11	71	173	30		
1899	1	17	82	39	1	158	7		
1900	62	12	138	7	52	25	75		
1901	33	34	13	1	48	211	50		
1902	1	15	80	28	35	140	30		
1903	1	15	80	28	1	269	45		
1904	1	44	3	2	2	96	3		
1905	1	15	3	2	2	97	3		
1906	1	15	3	2	69	140	4		
1907	21	35	135	6	69	140	4		
1908	33	35	2	28	35	103	5		
1909	18	34	135	6	4	103	4		
1910	1	34	56	1	1	66	26		
1911	1	34	80	28	1	178	4		
1912	1	34	80	28	1	144	4		
1913	1	44	3	12	1	96	3		
1914	59	165	157	67	39	313	56		
1915	30	3	157	52	39	313	56		
1916	21	34	80	28	1	164	4		
1917	33	54	80	28	35	164	5		
1918	11	36	14	20	37	254	15		
1919	2	44	58	1	1	96	41		
1920	3	31	140	1	1	97	6		
1921	77	104	87	67	55	109	75		
1922	56	129	137	7	51	247	74		
1923	30	39	157	52	39	313	56		
1924	21	12	140	1	4	109	4		
1925	11	65	3	20	37	254	15		
1926	1	3	3	3	2	96	3		
1927	1	54	12	6	28	153	40		
1928	1	35	67	6	69	140	147		
1929	51	90	49	11	48	25	4		
1930	36	35	62	31	22	157	4		
1931	21	54	2	28	35	193	4		
1932	1	12	4	11	2	219	3		
1933	1	62	3	2	2	202	3		
1934	28	3	45	1	16	97	2		
1935	1	15	8	10	28	144	32		
1936	28	12	45	1	16	98	2		
1937	10	12	1	33	4	304	5		
1938	1	19	204	6	4	141	26		
1939	10	52	1	33	4	98	5		
1940	1	78	3	2	2	200	3		
1941	1	15	109	12	4	106	2		
1942	1	17	8	10	28	110	32		
1943	28	35	45	1	2	177	2		
1944	21	12	140	1	1	107	4		
1945	31	17	67	40	1	107	7		
1946	34	52	29	28	67	107	4		
1947	1	15	2	28	1	175	32		
1948	1	3	189	3	2	96	3		
1949	43	99	185	20	25	109	109		
1950	122	35	3	2	2	102	3		
1951	123	3	3	2	2	97	3		
1952	33	12	207	26	32	107	5		
1953	21	174	139	12	23	97	4		
1954	21	3	3	102	35	140	4		
1955	1	12	182	11	2	219	3		
1956	1	15	189	2	2	142	3		
1957	21	48	58	42	36	107	4		
1958	58	45	139	11	1	54	68		
1959	1	3	3	2	2	335	3		
1960	1	3	56	1	1	157	26		
1961	2	21	182	32	26	198	5		
1962	1	3	189	2	2	140	3		
1963	26	154	154	20	25	275	28		
1964	33	31	120	28	1	191	143		
1965	33	12	40	69	32	253	5		
1966	1	12	13	69	94	16	2		
1967	1	34	3	2	2	178	3		
1968	1	3	3	2	2	113	3		
1969	1	17	135	12	23	98	6		
1970	1	3	3	2	2	160	4		
1971	36	34	59	28	4	279	3		
1972	10	12	4	11	4	156	5		
1973	1	17	8	10	1	10	3		
1974	1	17	82	39	1	157	7		
1975	33	46	110	49	23	336	152		
1976	33	12	40	26	32	337	4		
1977	1	200	3	2	2	96	3		
1978	56	100	137	7	51	338	74		
1979	1	10	181	1	1	110	153		
1980	1	35	12	134	4	163	4		
1981	1	34	80	28	130	178	4		
1982	1	12	83	6	4	331	154		
1983	21	108	80	28	22	164	155		
1984	91	100	137	7	56	96	156		
1985	21	12	2	28	35	339	4		
1986	56	100	137	7	51	340	74		
1987	21	201	2	28	35	341	4		
1988	1	10	208	1	1	110	153		
1989	1	15	64	12	28	163	157		
1990	62	104	196	7	124	141	74		
1991	1	3	3	102	2	96	126		
1992	51	12	42	107	16	330	5		
1993	122	12	68	41	32	103	151		
1994	56	104	137	98	51	191	74		
1995	22	15	13	60	4	169	2		
1996	11	65	14	21	37	342	15		
1997	11	65	14	21	37	343	15		
1998	11	20	14	20	37	343	15		
1999	125	65	142	30	131	114	28		
2000	1	35	80	28	1	221	45		
2001	21	34	2	28	1	157	4		
2002	33	12	59	11	32	145	5		
2003	36	35	59	28	4	109	4		
2004	33	54	80	28	1	107	5		
2005	35	38	12	1	57	67	5		
2006	106	93	181	60	1	284	130		
2007	21	12	2	28	1	157	4		
2008	62	100	138	7	52	247	75		
2009	56	104	137	67	55	280	75		
2010	77	104	87	67	55	247	75		
2011	60	17	140	1	4	279	107		
2012	11	65	14	21	37	140	15		
2013	26	65	43	20	25	270	28		
2014	1	44	209	12	1	344	158		
2015	33	12	212	28	32	145	5		
2016	56	104	137	67	55	279	75		
2017	1	34	80	28	1	345	4		
2018	2	21	12	32	26	16	5		
2019	2	21	12	32	26	97	5		
2020	1	3	3	2	2	258	3		
2021	2	1	42	10	1	140	5		
2022	1	12	56	1	1	195	26		
2023	1	38	3	2	2	97	3		
2024	36	34	62	31	22	347	4		
2025	1	12	3	2	2	148	3		
2026	1	12	3	2	2	163	3		
2027	10	17	4	11	4	98	5		
2028	1	3	3	102	59	96	3		
2029	1	43	206	102	2	202	3		
2030	123	3	206	102	59	96	3		
2031	1	3	206	102	59	96	3		
2032	1	15	3	102	59	153	3		
2033	1	3	206	102	2	96	3		
2034	1	3	3	102	38	96	3		
2035	1	3	206	102	38	96	3		
2036	72	138	206	20	27	96	29		
2037	33	192	164	64	32	96	5		
2038	1	17	82	39	101	107	159		
2039	26	36	142	20	25	103	28		
2040	128	36	135	138	133	103	99		
2041	91	172	137	98	84	96	104		
2042	1	63	213	11	1	346	6		
2043	1	12	2	28	1	158	3		
2044	1	17	135	85	1	99	16		
2045	1	38	45	1	16	66	5		
2046	21	48	58	42	36	191	4		
2047	1	48	3	2	2	3	3		
2048	1	17	58	1	4	17	4		
2049	1	48	58	2	36	66	3		
2050	1	35	2	28	1	83	4		
2051	18	1	172	50	1	79	4		
2052	1	47	42	11	35	110	4		
2053	33	12	2	28	32	83	4		
2054	1	12	189	2	2	100	3		
2055	1	38	189	2	2	144	3		
2056	21	15	189	2	35	202	4		
2057	1	3	189	2	2	99	3		
2058	1	3	189	2	2	219	3		
2059	1	12	3	2	2	100	166		
2060	1	12	189	2	2	100	166		
2061	1	17	189	2	2	16	3		
2062	1	17	189	2	2	108	3		
2063	1	17	3	2	2	108	3		
2064	1	3	21	1	4	102	4		
2065	37	12	90	47	1	232	4		
2066	133	1	139	12	1	103	4		
2067	21	48	3	42	36	109	4		
2068	1	17	6	1	4	17	4		
2069	1	17	189	2	2	97	3		
2070	1	35	2	28	1	358	4		
2071	21	35	2	28	1	357	4		
2072	1	97	219	11	4	103	4		
2073	1	17	6	1	4	67	6		
2074	1	87	3	2	2	107	3		
2075	18	87	2	28	1	276	71		
2076	91	100	137	7	56	239	156		
2077	59	209	217	87	56	353	65		
2078	25	37	55	20	25	355	55		
2079	11	27	218	140	37	356	28		
2080	1	15	80	28	1	359	45		
2081	124	52	210	135	4	278	159		
2082	91	211	122	87	141	361	168		
2083	77	104	220	67	55	247	75		
2084	129	205	169	139	134	348	10		
2085	130	206	214	7	136	350	163		
2086	132	207	215	129	138	351	88		
2087	135	80	221	142	142	362	131		
2088	1	35	3	2	2	221	3		
2089	21	15	2	28	1	157	165		
2090	1	208	216	6	1	106	2		
2091	1	38	3	2	2	40	3		
2092	1	34	80	28	1	193	45		
2093	1	40	102	26	35	222	5		
2094	1	33	139	1	1	346	41		
2095	1	35	65	45	4	96	26		
2096	56	104	137	67	55	223	75		
2097	10	12	4	11	4	153	5		
2098	31	33	211	40	16	142	7		
2099	91	212	179	144	144	363	170		
2100	91	80	222	145	145	353	171		
2101	139	214	223	146	147	327	174		
2102	143	65	224	149	25	366	178		
2103	1	3	3	77	25	96	3		
2104	1	3	206	102	59	96	159		
2105	126	66	206	123	59	96	3		
2106	91	165	145	67	100	191	88		
2107	91	165	145	67	100	293	88		
2108	22	15	13	69	4	169	2		
2109	11	40	10	30	27	157	33		
2110	21	12	2	28	1	191	4		
2111	25	37	55	20	40	153	55		
2112	56	37	55	20	25	96	55		
2113	2	36	87	30	15	96	28		
2114	1	12	12	64	4	103	3		
2115	77	104	123	67	55	96	75		
2116	26	36	137	20	25	304	28		
2117	24	1	96	64	49	16	26		
2118	31	45	8	6	30	367	6		
2119	1	46	80	153	1	137	52		
2120	1	46	129	54	156	79	59		
2121	1	3	227	2	2	102	3		
2122	1	15	2	28	1	108	32		
2123	1	15	2	28	1	145	32		
2124	1	15	2	28	1	113	32		
2125	1	17	2	10	28	99	32		
2126	1	17	8	10	28	311	32		
2127	1	21	139	11	4	170	185		
2128	1	35	8	10	28	180	32		
2129	1	59	56	1	1	157	26		
2130	1	102	13	12	4	66	2		
2131	33	12	59	28	32	140	5		
2132	24	1	96	6	49	16	26		
2133	1	12	12	6	4	103	3		
2134	21	15	135	28	1	103	4		
2135	1	33	73	117	36	61	145		
2136	1	90	38	6	26	153	5		
2137	1	12	12	6	4	96	3		
2138	36	34	62	31	22	96	4		
2139	1	102	13	12	4	193	2		
2140	33	12	212	28	32	140	5		
2141	12	33	12	1	29	144	39		
2142	56	164	137	7	51	292	74		
2143	1	17	3	2	2	191	3		
2144	2	21	12	32	26	102	5		A. baumannii
2145	1	107	166	6	23	96	26		A. baumannii
2146	1	107	166	6	23	285	26		A. baumannii
2147	1	3	189	2	2	164	3		
2148	1	3	189	2	4	106	2		
2149	1	38	189	2	2	110	3		
2150	1	31	3	2	2	164	3		
2151	1	15	13	12	4	169	2		
2152	1	15	80	85	28	163	113		
2153	1	12	56	1	1	153	26		
2154	72	138	72	20	27	251	29		
2155	1	15	4	11	4	79	4		
2156	1	15	3	2	2	164	3		
2157	1	3	189	2	2	202	3		
2158	1	3	189	2	2	61	3		
2159	1	15	189	2	2	164	3		
2160	1	165	157	52	2	96	3		
2161	56	104	168	67	52	247	75		
2162	1	12	189	2	2	219	3		
2163	10	113	182	11	4	79	5		
2164	1	3	189	2	2	102	3		
2165	1	15	189	70	2	202	3		
2166	1	17	189	2	2	219	3		
2167	28	38	45	1	16	99	2		
2168	1	12	42	6	1	103	4		
2169	1	17	3	2	2	94	3		
2170	1	114	42	54	1	165	68		
2171	21	46	107	37	1	171	159		
2172	10	12	4	11	4	227	5		
2173	10	52	4	11	4	100	5		
2174	1	34	62	31	4	144	45		
2175	1	17	3	2	2	163	3		
2176	1	17	3	2	2	144	3		
2177	10	12	4	11	28	98	5		
2178	1	17	3	2	2	200	3		
2179	10	12	3	2	4	98	5		
2180	1	17	3	2	2	67	3		
2181	1	35	3	2	2	145	3		
2182	1	17	3	2	2	98	3		
2183	1	15	2	28	1	106	32		
2184	51	31	49	11	48	109	4		
2185	1	42	49	10	1	188	4		
2186	1	35	65	45	4	331	26		
2187	1	15	2	28	1	160	32		
2188	2	1	229	10	158	261	5		
2189	10	12	230	11	4	98	5		
2190	33	15	231	11	26	371	2		
2191	12	17	232	1	29	163	39		
2192	1	81	77	12	4	110	186		
2193	1	17	3	2	2	200	187		
2194	1	19	42	123	118	100	3		
2195	76	65	86	21	73	4	90		
2196	150	3	3	2	2	160	3		
2197	1	12	32	74	1	260	14		
2198	33	34	40	26	4	157	5		
2199	10	53	4	11	4	100	5		
2200	1	3	3	102	127	97	3		
2201	1	12	59	28	1	372	45		
2202	33	12	40	26	129	372	4		
2203	21	12	140	1	1	373	4		
2204	3	3	3	2	2	106	3		
2205	15	21	8	43	1	200	122		
2206	1	63	67	60	29	153	5		
2207	1	3	3	102	2	16	3		
2208	1	34	3	2	2	97	3		
2209	21	12	2	28	1	221	4		
2210	1	231	208	1	1	171	153		
2211	122	3	3	2	2	97	3		
2212	1	12	59	28	4	175	45		
2213	33	31	2	28	1	172	5		
2214	21	31	140	1	1	157	4		
2215	21	12	2	28	1	253	4		
2216	51	12	49	11	48	145	4		
2217	1	17	12	11	4	279	3		
2218	18	17	59	37	1	200	6		
2219	91	164	137	7	56	279	10		
2220	33	12	40	26	32	104	5		
2221	1	46	135	11	1	173	30		
2222	1	122	140	2	4	98	5		
2223	1	183	12	12	1	107	26		
2224	36	31	62	31	22	54	4		
2225	21	12	207	26	32	193	5		
2226	1	33	66	12	33	142	41		
2227	51	54	49	11	48	83	4		
2228	21	17	2	28	1	253	4		
2229	1	34	80	28	32	164	4		
2230	1	54	59	28	4	374	45		
2231	1	62	80	28	35	157	45		
2232	21	12	2	28	107	104	4		
2233	2	44	58	1	1	157	41		
2234	1	90	234	39	1	178	189		
2235	35	12	2	28	22	193	4		
2236	33	34	80	28	22	178	4		
2237	61	12	2	28	1	175	5		
2238	1	48	3	11	1	173	30		
2239	51	12	40	26	32	375	4		
2240	98	12	40	26	32	158	4		
2241	22	15	13	12	4	169	32		
2242	21	35	2	28	35	104	4		
2243	1	15	12	6	1	153	45		
2244	33	12	40	26	32	203	4		
2245	60	12	140	1	1	145	107		
2246	18	87	2	28	1	140	71		
2247	21	35	2	28	1	376	4		
2248	34	232	194	41	4	103	4		
2249	33	12	40	1	32	109	5		
2250	152	48	58	42	36	109	4		
2251	1	35	139	28	1	96	190		
2252	25	65	93	156	27	310	191		
2253	125	65	142	30	160	114	28		
2254	153	233	14	21	161	342	192		
2255	11	233	14	20	162	254	193		
2256	91	240	84	7	58	383	194		
2257	56	234	137	67	55	247	75		
2258	75	235	179	67	145	377	170		
2259	156	241	239	67	167	384	88		
2260	91	164	137	7	168	247	10		
2261	91	211	240	158	100	385	199		
2262	101	236	235	159	52	378	194		
2263	129	237	169	67	163	379	195		
2264	49	238	236	160	164	248	196		
2265	49	238	119	160	164	248	196		
2266	158	224	237	67	169	380	197		
2267	155	226	238	157	166	382	198		
2268	115	242	241	161	170	387	201		
2269	43	65	93	56	25	254	29		Acinetobacter nosocomialis
2270	10	12	4	11	4	388	5		A. baumannii
2271	1	1	135	46	28	99	138		A. baumannii
2272	28	38	3	2	16	108	2		
2273	112	214	190	91	85	327	97		
2274	112	214	101	119	79	323	98		
2275	1	15	3	2	2	237	3		
2276	1	17	139	12	139	170	5		
2277	1	46	233	12	89	142	2		
2278	1	15	59	12	1	79	6		
2279	1	15	189	70	2	106	3		
2280	1	15	2	28	1	265	32		
2281	10	15	3	2	2	98	3		
2282	1	17	3	2	2	219	3		
2283	1	33	3	2	2	142	3		
2284	1	15	189	2	2	106	3		
2285	1	53	3	102	2	142	3		
2286	1	12	42	12	1	157	4		
2287	21	48	58	42	36	304	4		
2288	1	52	67	6	69	306	147		
2289	1	15	42	11	35	172	7		
2290	10	12	3	2	16	98	5		
2291	18	48	59	11	71	331	30		
2292	1	3	10	74	36	195	77		
2293	1	122	67	10	1	99	50		
2294	21	48	58	42	36	25	4		
2295	1	35	40	28	22	143	5		
2296	1	102	80	28	1	193	4		
2297	18	19	242	1	4	110	4		
2298	51	12	2	28	48	145	4		
2299	12	35	107	6	1	102	40		
2300	1	33	244	1	1	368	5		
2301	1	12	40	48	32	107	5		
2302	33	12	59	11	32	172	5		
2303	33	31	2	28	48	253	5		
2304	15	48	58	42	4	54	41		
2305	1	15	2	133	1	107	32		
2306	1	12	32	74	1	178	14		
2307	60	12	140	1	4	175	107		
2308	1	12	58	42	32	391	5		
2309	1	34	40	26	22	107	5		
2310	1	54	49	162	48	107	4		
2311	18	87	2	28	1	107	71		
2312	21	245	245	6	69	140	4		
2313	33	12	40	1	32	392	5		
2314	23	20	20	18	17	10	27		
2315	56	104	137	67	55	25	75		
2316	10	3	3	1	1	1	14		
2317	60	243	107	10	171	161	202		
2318	24	244	134	28	48	170	203		
2319	1	48	8	11	1	389	6		
2320	33	31	2	28	1	390	5		
2321	10	38	182	11	4	98	5		
2322	1	17	189	2	2	100	3		
2323	10	12	182	11	4	141	5		
2324	1	17	189	2	2	98	3		
2325	28	38	45	1	16	96	2		
2326	1	3	189	2	2	178	3		
2327	1	38	3	2	2	200	3		
2328	56	100	137	7	51	247	74		
2329	18	87	2	28	1	102	71		
2330	56	104	137	67	55	94	75		
2331	2	21	182	32	26	106	5		
2332	22	59	176	1	4	99	26		
2333	21	12	140	1	4	393	4		
2334	1	35	243	11	4	201	204		
2335	1	3	3	2	2	395	3		
2336	1	3	3	2	2	114	3		
2337	56	100	246	7	51	247	74		
2338	1	15	189	138	137	142	164		
2339	33	12	49	11	48	145	4		
2340	33	58	257	1	1	284	40		
2341	162	246	247	142	134	398	88		
2342	75	80	250	87	142	362	131		
2343	77	104	252	165	55	401	75		
2344	161	77	67	1	1	289	5		
2345	163	247	249	164	176	399	207		
2346	1	3	3	2	177	106	3		
2347	1	35	12	12	4	163	211		
2348	1	45	139	11	53	54	41		
2349	1	15	3	2	2	265	3		
2350	1	3	3	2	2	106	205		
2351	56	104	137	67	174	279	75		
2352	59	211	137	87	77	396	91		
2353	62	104	196	87	175	247	74		
2354	62	165	145	67	52	397	139		
2355	31	33	211	40	16	110	7		
2356	56	164	137	7	51	292	206		
2357	56	100	248	7	51	255	74		
2358	1	34	3	2	2	113	3		
2359	62	164	251	87	175	396	74		
2360	91	164	137	7	56	400	10		
2361	56	104	137	67	174	401	75		
2362	1	3	3	2	2	402	3		
2363	10	254	59	2	4	98	4		
2364	164	248	169	7	178	353	88		
2365	1	72	253	11	4	54	3		
2366	15	249	58	42	23	54	41		
2367	1	3	3	2	2	408	3		
2368	56	104	137	67	55	401	75		
2369	34	12	254	41	32	104	4		
2370	1	3	3	2	3	160	3		
2371	21	35	2	28	1	104	4		
2372	1	12	2	28	1	104	4		
2373	1	1	13	12	94	331	2		
2374	2	3	10	74	36	195	77		
2375	21	35	2	28	48	83	4		
2376	18	38	42	107	4	102	26		
2377	33	12	40	26	32	113	5		
2378	1	62	80	28	35	164	30		
2379	21	35	2	28	1	25	4		
2380	51	90	49	11	48	54	4		
2381	1	31	12	11	4	54	3		
2382	2	123	42	10	1	211	5		
2383	33	12	59	11	32	140	5		
2384	1	12	12	11	4	320	3		
2385	1	97	8	10	4	103	3		
2386	1	59	38	162	1	158	4		
2387	59	211	137	87	77	279	91		
2388	57	104	138	7	52	239	75		
2389	91	211	122	87	145	361	168		
2390	56	104	137	7	51	223	74		
2391	1	15	58	42	4	54	110		
2392	22	15	13	12	4	368	2		
2393	1	17	13	28	1	153	6		
2394	57	103	138	7	52	247	75		
2395	1	38	42	6	1	285	4		
2396	1	12	12	11	4	97	3		
2397	1	62	80	28	35	111	30		
2398	18	15	3	10	2	201	4		
2399	34	1	68	41	32	157	4		
2400	1	17	82	39	1	160	7		
2401	1	17	2	46	101	157	6		
2402	33	12	40	26	32	222	5		
2403	33	12	2	28	32	157	5		
2404	1	15	56	1	1	157	26		
2405	1	38	65	45	4	144	26		
2406	36	57	59	28	4	103	4		
2407	1	34	56	1	4	178	45		
2408	21	35	2	28	1	299	4		
2409	1	54	80	28	1	164	45		
2410	33	31	2	28	48	54	5		
2411	25	37	55	20	25	254	55		
2412	1	98	62	31	4	142	45		
2413	51	12	40	1	48	175	4		
2414	33	12	40	26	32	203	5		
2415	25	37	55	20	25	343	55		
2416	27	35	99	55	25	191	60		
2417	1	64	109	1	23	153	26		
2418	1	35	186	11	4	387	6		
2419	21	12	2	28	4	83	4		
2420	1	17	3	2	2	198	3		
2421	26	36	43	20	25	409	28		
2422	1	58	264	178	48	413	5		
2423	1	3	3	2	2	412	3		
2424	1	123	83	6	4	410	87		
2425	1	12	265	6	1	368	4		
2426	167	33	67	6	29	140	26		
2427	61	12	267	28	1	145	5		
2428	21	35	2	28	1	411	4		
2429	1	52	266	6	1	140	4		
2430	33	12	40	1	1	4	5		
2431	1	21	67	6	29	140	5		
2432	10	53	182	11	4	142	5		
2433	1	15	182	11	4	98	4		
2434	1	15	67	167	1	140	4		
2435	2	52	77	48	1	140	5		
2436	1	35	67	33	4	163	5		
2437	1	91	32	11	1	137	6		
2438	1	108	77	46	23	103	30		
2439	1	17	269	6	4	79	214		
2440	31	17	67	40	1	108	7		
2441	1	12	13	12	4	142	2		
2442	33	12	40	26	48	54	5		
2443	51	54	49	11	1	145	4		
2444	1	35	252	28	4	87	6		
2445	91	80	137	158	100	385	199		
2446	1	54	59	28	4	162	6		
2447	91	246	270	67	125	416	170		
2448	59	165	157	52	39	313	65		
2449	36	102	62	31	22	279	4		
2450	1	15	12	134	4	163	4		
2451	33	12	212	31	32	188	45		
2452	10	12	3	2	4	79	5		
2453	1	15	11	48	18	114	43		
2454	2	21	12	32	26	142	5		
2455	1	1	13	12	94	16	2		
2456	1	15	189	2	2	265	3		
2457	60	17	140	1	4	83	107		
2458	33	31	2	28	1	157	5		
2459	21	35	2	28	1	372	4		
2460	21	12	271	28	32	372	4		
2461	1	3	189	2	2	153	3		
2462	143	3	224	149	25	97	178		
2463	1	81	3	2	2	219	3		
2464	42	36	273	30	182	114	215		
2465	42	36	128	30	182	114	215		
2466	27	37	44	34	187	418	62		
2467	26	65	274	30	25	114	57		
2468	83	137	275	183	183	250	98		
2469	49	257	276	118	185	417	216		
2470	154	258	277	157	120	380	143		
2471	172	259	279	185	188	419	218		
2472	33	12	40	31	32	157	45		
2473	1	1	109	1	23	153	26		
2474	1	34	80	28	1	169	45		
2475	33	12	40	26	32	191	4		
2476	1	10	8	6	1	295	14		
2477	1	43	8	1	1	99	133		
2478	31	43	162	6	1	103	4		
2479	1	12	80	28	1	164	45		
2480	3	74	10	46	4	421	45		
2481	21	48	58	42	36	422	4		
2482	21	48	58	42	189	114	4		
2483	1	1	66	187	33	178	41		
2484	18	35	243	11	4	102	2		
2485	1	98	12	6	1	149	45		
2486	1	35	67	6	4	163	5		
2487	24	1	212	31	4	423	220		
2488	21	3	40	26	32	276	5		
2489	51	3	49	11	48	103	4		
2490	51	54	49	11	48	54	39		
2491	1	3	3	102	2	98	3		
2492	1	15	3	2	2	55	3		
2493	1	1	66	12	33	205	41		
2494	18	31	58	42	4	25	26		
2495	21	12	2	28	1	104	5		
2496	21	15	2	28	1	144	4		
2497	21	35	2	28	1	425	4		
2498	21	35	2	28	35	282	4		
2499	1	12	3	2	2	193	3		
2500	1	15	59	28	4	355	45		
2501	33	31	2	28	1	193	5		
2502	34	261	68	41	32	103	4		
2503	34	12	68	41	1	103	4		
2504	21	12	40	26	32	424	5		
2505	21	34	80	28	22	160	155		
2506	35	12	80	28	35	269	30		
2507	51	12	40	26	32	158	4		
2508	51	12	40	26	32	109	4		
2509	1	54	80	28	4	193	45		
2510	1	83	114	1	190	284	67		
2511	1	98	67	28	1	221	6		
2512	18	12	139	188	4	427	221		
2513	35	62	75	28	35	161	30		
2514	51	17	2	28	48	253	4		
2515	51	31	2	28	48	426	4		
2516	1	192	32	12	191	157	4		
2517	1	192	285	12	191	157	4		
2518	1	34	40	26	32	428	45		
2519	33	12	40	31	32	429	45		
2520	1	38	66	12	33	285	41		
2521	18	87	2	28	1	96	71		
2522	1	34	80	28	1	96	45		
2523	1	71	272	11	26	153	26		
2524	1	17	82	39	1	96	7		
2525	22	15	13	12	32	106	2		
2527	170	150	12	12	1	103	4		
2528	1	47	286	11	95	198	151		
2529	21	35	2	28	1	390	4		
2530	21	12	40	26	32	25	4		
2531	1	38	12	1	1	67	116		
2532	1	43	12	11	1	54	4		
2533	1	35	49	10	1	109	4		
2534	35	12	2	28	22	157	4		
2535	1	17	189	2	2	66	3		
2536	60	12	140	1	4	54	107		
2537	33	12	189	28	1	110	5		
2538	21	35	2	28	107	144	4		
2539	44	35	3	33	4	106	5		
2540	1	157	12	6	1	153	45		
2541	1	17	65	45	4	171	26		
2542	1	46	269	6	4	98	87		
2543	174	262	73	1	4	103	7		
2544	27	65	99	55	25	430	60		
2545	56	1	50	152	1	2	26		
2546	6	4	3	102	1	1	6		
2547	59	4	34	28	1	28	45		
2548	27	65	99	55	25	93	60		
2549	10	15	4	11	1	98	3		
2550	10	12	4	11	2	98	5		
2551	21	31	2	28	1	372	4		
2552	106	93	181	60	1	284	3		
2553	2	12	198	12	14	232	3		
2554	1	81	32	6	23	195	26		
2555	30	104	157	52	39	279	56		
2556	91	104	137	7	51	279	156		
2557	109	23	64	106	1	1	26		
2558	1	46	80	153	1	137	138		
2559	45	16	38	16	28	1	2		
2560	33	12	120	10	1	102	45		
2561	56	164	137	7	51	400	74		
2562	56	100	137	7	51	247	206		
2563	2	21	4	32	26	67	5		
2564	2	21	4	32	26	100	5		
2565	10	12	4	11	26	98	5		
2566	33	35	40	26	32	157	5		
2567	13	4	15	163	1	12	2		
2568	122	53	56	1	1	106	26		
2569	175	48	58	42	36	114	4		
2570	1	46	8	11	1	389	53		
2571	1	3	3	2	2	191	3		
2572	176	121	289	6	1	284	7		
2573	9	6	5	7	6	1	11		
2574	12	28	15	153	1	6	40		
2575	6	9	7	5	9	1	12		
2576	11	16	14	13	13	13	15		
2577	16	29	2	28	31	30	23		
2578	56	1	12	110	1	1	26		
2579	16	29	2	28	18	30	23		
2580	110	16	12	141	46	1	50		
2581	21	31	2	28	4	25	5		
2582	56	104	137	7	51	401	74		
2583	16	29	2	28	2	30	23		
2584	33	12	40	26	28	55	5		
2585	56	104	137	67	174	273	75		
2586	4	4	12	98	10	11	5		
2587	40	1	83	6	4	7	3		
2588	1	35	12	11	4	50	3		
2589	1	12	3	2	2	94	3		
2590	1	3	13	2	2	7	3		
2591	10	12	1	33	4	97	5		
2592	21	15	2	28	35	107	4		
2593	1	15	2	28	1	178	32		
2594	12	17	12	1	29	16	39		
2595	51	12	40	26	32	203	4		
2596	1	15	56	1	1	237	26		
2597	1	12	3	2	37	3	3		
2598	27	65	97	55	25	366	60		
2599	1	66	3	2	2	7	3		
2600	43	65	72	61	25	113	28		
2601	72	27	72	20	27	258	29		
2602	11	27	93	56	27	113	29		
2603	1	3	3	1	12	3	6		
2604	11	29	14	21	37	251	15		
2605	27	65	44	30	25	366	29		
2606	1	34	62	31	4	52	45		
2607	26	36	43	20	25	193	28		
2608	1	3	40	2	2	11	3		
2609	11	29	14	21	37	233	15		
2610	11	27	218	140	37	301	28		
2611	72	65	72	20	27	251	29		
2612	27	65	99	55	25	282	60		
2613	1	12	3	2	179	102	3		
2614	18	153	208	105	4	171	2		
2615	165	250	8	37	4	66	5		
2616	110	36	93	61	25	254	28		
2617	27	154	99	55	25	376	60		
2618	27	36	99	55	25	103	60		
2619	11	65	14	21	37	282	15		
2620	1	48	8	74	29	195	6		
2621	24	90	96	11	49	16	26		
2622	49	65	99	55	25	107	92		
2623	11	65	102	21	37	254	15		
2624	11	36	14	21	37	113	15		
2625	27	27	97	55	25	113	60		
2626	1	69	90	2	1	79	4		
2627	18	251	67	49	1	336	6		
2628	37	53	12	12	42	200	208		
2629	27	37	44	30	25	109	29		
2630	166	59	80	31	4	99	209		
2631	62	100	138	7	52	255	75		
2632	56	105	137	67	55	109	75		
2633	59	211	137	87	77	247	91		
2634	44	48	255	43	1	404	210		
2635	77	104	87	67	55	279	75		
2636	1	252	256	166	4	265	6		
2637	56	164	137	7	51	247	74		
2638	77	164	87	67	55	292	75		
2639	32	17	59	43	1	211	202		
2640	21	12	245	28	4	110	6		
2641	62	104	138	7	52	239	75		
2642	56	104	137	7	51	279	74		
2643	62	104	138	7	52	279	75		
2644	88	100	137	7	51	239	74		
2645	23	48	261	43	1	200	6		
2646	10	52	1	1	4	98	5		
2647	1	35	12	12	1	140	4		
2648	32	113	3	169	4	211	6		
2649	21	17	8	12	26	99	68		
2650	61	12	267	28	1	403	5		
2651	43	65	93	56	43	343	61		
2652	11	27	128	30	15	114	60		
2653	11	65	14	21	37	355	15		
2654	21	12	40	26	32	77	5		
2655	1	255	70	181	4	229	4		
2656	2	17	139	36	180	170	213		
2657	168	17	268	182	1	171	4		
2658	1	52	29	28	181	114	7		
2659	22	37	55	20	25	23	55		
2660	34	15	68	41	32	25	4		
2661	1	17	161	10	29	110	6		
2662	21	15	2	28	1	372	4		
2663	1	34	80	28	1	66	45		
2664	21	35	2	28	35	83	4		
2665	21	108	139	188	4	200	26		
2666	34	12	68	41	1	208	4		
2667	21	121	64	11	4	170	5		
2668	11	67	14	51	37	105	15		
2669	37	102	80	85	28	214	113		
2670	2	1	15	7	1	28	32		
2671	1	3	11	48	18	114	3		
2672	64	53	3	11	2	142	5		
2673	33	12	59	11	1	172	5		
2674	21	3	3	2	35	140	4		
2675	1	71	3	2	2	172	3		
2676	33	102	120	10	1	107	45		
2677	1	15	56	10	28	106	32		
2678	1	17	11	48	2	99	3		
2679	10	12	1	33	4	141	5		
2680	12	17	113	1	29	102	39		
2681	44	73	4	11	44	173	4		
2682	1	15	47	10	28	106	32		
2683	1	15	8	10	28	106	97		
2684	135	4	93	187	18	6	50		
2685	8	1	17	125	1	6	14		
2686	8	1	10	142	1	6	14		
2687	3	2	15	102	1	2	3		
2688	3	2	3	97	1	2	3		
2689	3	2	15	106	1	2	3		
2690	13	4	15	62	22	12	2		
2691	21	12	2	28	32	204	4		
2692	31	98	226	11	4	66	76		
2693	173	260	278	186	186	420	217		
2694	33	35	13	1	48	331	50		
2695	35	12	2	28	22	145	4		
2696	35	12	2	28	22	104	4		
2697	21	141	68	41	1	109	4		
2698	11	18	81	24	1	48	43		
2699	57	12	1	67	38	1	43		
2700	1	21	139	11	4	170	87		
2701	12	57	1	67	1	1	116		
2702	135	1	121	98	1	82	6		
2703	1	34	56	1	1	176	45		
2704	1	126	12	11	4	18	3		
2705	44	73	4	71	44	173	4		
2706	8	4	17	99	1	37	5		
2707	2	4	107	79	22	12	118		
2708	42	1	123	140	2	10	5		
2709	176	4	59	99	22	1	26		
2710	67	30	59	99	1	6	5		
2711	37	53	189	6	42	200	7		
2712	1	17	5	10	28	97	32		
2713	1	84	83	6	4	278	87		
2714	1	121	2	2	36	98	30		
2715	33	31	2	28	22	114	5		
2716	1	17	42	60	4	140	151		
2717	2	97	73	1	1	68	6		
2718	24	52	139	1	44	99	50		
2719	1	113	189	2	1	253	4		
2720	1	47	140	6	1	264	43		
2721	35	31	49	11	1	54	5		
2722	1	41	186	11	1	164	6		
2723	1	15	59	28	94	157	45		
2724	N	N	N	N	N	N	N		
2725	2	21	N	32	26	106	5		
2726	2	21	N	32	26	198	5		
2727	1	17	12	12	26	445	68		
2728	1	35	N	28	1	331	45		
2729	31	33	67	40	1	95	212		
2730	1	12	103	6	29	414	32		
2731	1	17	3	2	2	95	3		
2732	1	33	3	2	2	95	3		
2733	22	15	13	12	4	415	2		
2734	31	3	67	40	1	102	7		
2735	33	34	40	26	1	172	5		
2736	33	12	40	26	48	193	5		
2737	1	47	12	6	1	195	6		
2738	1	37	3	2	2	109	3		
2739	1	15	56	1	1	157	45		
2740	1	77	8	193	32	110	14		
2741	21	12	114	1	35	284	6		
2742	33	12	2	26	1	221	5		
2743	28	12	3	2	16	142	2		
2744	21	12	40	26	32	103	5		
2745	46	12	110	32	16	141	50		
2746	1	15	13	12	4	371	2		
2747	12	17	12	1	29	67	7		
2748	1	77	80	6	1	166	68		
2749	1	17	42	195	1	231	6		
2750	1	38	12	1	4	67	43		
2751	33	31	40	26	48	83	5		
2752	60	223	225	12	1	98	184		
2753	1	17	8	10	28	163	132		
2754	1	3	290	11	36	98	43		
2755	24	52	139	1	200	99	50		
2756	21	12	59	11	32	103	4		
2757	33	12	120	10	32	67	5		
2758	1	15	186	11	1	219	45		
2759	1	38	45	1	16	66	2		
2760	18	38	42	17	1	67	43		
2761	181	3	3	2	2	97	3		
2762	33	102	40	26	22	424	5		
2763	1	17	8	10	2	66	32		
2764	1	33	2	11	1	153	26		
2765	2	76	42	6	4	211	159		
2766	1	38	3	2	2	142	3		
2767	10	90	34	33	4	98	5		
2768	10	12	34	33	4	98	5		
2769	36	35	59	28	23	279	4		
2770	1	15	13	12	4	219	2		
2771	22	114	13	12	4	223	2		
2772	178	1	41	6	23	132	233		
2773	1	1	66	12	33	173	41		
2774	15	48	58	42	36	25	41		
2775	1	42	49	10	1	25	4		
2776	1	17	65	45	4	144	26		
