ST	gyrB	groL	gltA	metG	ppsA	recA
1	1	1	1	1	1	1
2	2	2	2	2	2	2
3	4	3	4	3	3	3
4	5	4	5	4	4	4
5	6	5	6	5	5	5
6	7	6	7	6	6	6
7	8	7	8	7	7	7
8	9	8	9	8	8	8
9	10	9	10	9	9	9
10	11	10	11	10	10	10
11	12	11	12	11	11	11
12	13	12	13	12	12	12
13	14	13	14	13	13	13
14	15	14	15	14	14	14
15	16	15	16	15	15	15
16	18	17	18	17	16	17
17	19	18	19	18	16	18
18	20	19	20	19	17	19
19	21	20	21	20	18	20
20	22	21	22	21	19	21
21	23	22	23	22	20	22
22	24	23	24	23	21	23
23	25	24	25	24	22	24
24	26	25	26	25	23	25
25	27	26	27	26	24	26
26	28	27	28	27	25	27
27	29	28	17	21	26	28
28	30	29	29	28	27	29
29	31	30	30	29	28	30
30	24	31	31	30	29	31
31	25	32	32	31	30	32
32	26	33	33	32	31	33
33	32	34	34	33	32	34
34	33	35	35	34	33	35
35	34	36	36	35	34	36
36	35	37	37	36	35	37
37	36	38	38	37	36	38
38	37	39	39	38	37	39
39	38	40	40	39	38	40
40	39	41	41	40	39	41
41	40	42	42	41	40	42
42	41	43	43	42	41	43
43	42	44	44	43	42	44
44	43	45	45	27	43	45
45	44	46	46	44	44	46
46	45	47	47	45	45	47
47	46	48	48	46	46	48
48	47	49	49	47	47	49
49	48	50	50	48	48	50
50	49	51	51	49	49	51
51	50	52	50	50	50	52
52	51	53	52	51	51	53
53	52	54	31	52	52	54
54	14	55	14	53	53	13
55	53	56	53	54	54	55
56	54	57	54	55	55	56
57	9	58	55	8	56	57
58	55	59	56	56	57	58
59	56	60	57	57	58	59
60	57	61	58	58	59	60
61	58	62	59	59	60	61
62	38	63	60	60	61	62
63	59	64	61	61	62	63
64	60	65	62	62	63	64
65	61	66	63	63	64	65
66	62	67	64	64	65	66
67	38	40	40	39	66	40
68	63	68	65	65	67	67
69	64	69	66	66	68	68
70	65	70	67	67	69	69
71	66	71	68	68	70	70
72	67	72	69	69	71	71
73	68	73	70	70	72	11
74	69	74	71	71	73	72
75	70	75	72	72	74	73
76	71	76	73	73	75	74
77	66	77	74	74	76	75
78	72	78	75	44	77	76
79	73	79	76	75	78	77
80	14	80	14	13	79	13
81	74	81	77	76	80	78
82	75	82	78	20	81	79
83	76	83	39	77	82	80
84	77	84	79	78	83	81
85	78	85	80	79	84	82
86	79	86	81	80	85	83
87	66	87	82	81	86	84
88	80	88	83	82	87	85
89	81	89	84	83	88	86
90	82	90	85	84	89	87
91	83	91	86	85	90	88
92	84	92	87	86	91	89
93	85	93	88	87	90	90
94	86	94	89	88	92	91
95	86	94	90	88	92	91
96	87	95	91	89	90	92
97	87	96	92	90	93	93
98	88	97	93	91	94	94
99	89	98	94	92	95	95
100	90	99	92	93	95	92
101	91	100	92	94	96	96
102	92	101	95	95	93	97
103	93	102	96	96	97	98
104	94	103	97	97	98	99
105	95	104	98	98	99	100
106	96	105	99	99	100	101
107	85	104	98	87	101	90
108	97	106	100	100	102	102
109	98	107	88	101	103	103
110	99	108	101	102	104	100
111	85	93	88	87	105	90
112	88	109	102	103	106	104
113	100	110	103	104	107	105
114	54	57	54	105	108	56
115	101	111	104	106	109	106
116	23	112	105	55	64	107
117	102	113	106	107	110	108
118	103	114	107	108	111	109
119	104	115	108	109	112	110
120	105	116	109	110	113	111
121	22	117	110	111	114	112
122	106	118	111	112	67	113
123	107	119	112	113	115	114
124	108	120	113	114	116	115
125	109	121	114	115	117	116
126	110	122	115	116	118	117
127	22	117	56	117	119	112
128	111	124	116	118	120	118
129	112	125	117	119	121	119
130	113	126	118	120	122	120
131	114	127	119	121	123	121
132	115	128	120	117	124	112
133	116	129	121	122	125	122
134	117	130	122	123	126	123
135	118	42	123	113	40	42
136	116	117	124	117	114	112
137	116	117	120	117	124	112
138	97	128	56	117	127	112
139	119	131	51	124	128	124
140	22	117	56	117	129	112
141	120	96	125	125	130	125
142	121	132	126	126	131	126
143	122	133	127	127	132	127
144	123	134	128	128	110	128
145	124	135	129	129	133	129
146	125	136	130	130	134	130
147	122	137	131	131	135	131
148	115	117	56	117	136	112
149	126	138	132	132	137	132
150	127	139	133	133	40	133
151	128	140	134	134	138	134
152	129	141	135	135	139	135
153	130	142	136	136	140	136
154	131	143	137	137	141	137
155	132	144	99	138	100	138
156	133	145	138	139	142	139
157	134	125	139	140	143	140
158	109	119	140	113	144	141
159	135	146	141	119	145	142
160	136	141	142	141	146	117
161	137	147	143	142	147	143
162	138	139	133	133	40	133
163	139	148	144	143	148	136
164	140	149	145	64	149	144
165	141	150	146	144	150	145
166	19	18	19	18	17	18
167	142	151	147	145	151	146
168	15	152	148	146	152	147
169	143	153	149	147	153	148
170	68	154	150	148	154	149
171	144	155	151	149	155	150
172	145	156	152	150	156	151
173	146	157	153	151	157	152
174	147	158	154	152	158	153
175	146	159	155	153	159	154
176	54	57	54	154	108	56
177	148	160	156	155	160	155
178	149	19	157	156	161	156
179	150	161	158	157	162	157
180	151	162	159	158	163	158
181	152	163	96	159	164	159
182	132	164	160	160	165	160
183	153	165	161	161	166	161
184	132	166	162	162	167	162
185	154	167	163	163	168	163
186	155	168	164	164	169	164
187	156	169	165	165	170	165
188	157	170	166	166	171	166
189	158	102	96	96	172	167
190	159	171	167	154	173	168
191	160	172	168	167	174	169
192	161	100	169	168	175	170
193	162	173	170	169	176	171
194	163	102	96	159	177	158
195	164	3	171	170	178	172
196	165	102	96	159	179	173
197	166	174	172	171	180	174
198	167	175	173	172	181	175
199	32	176	174	173	182	176
200	168	177	175	174	183	177
201	169	178	176	175	184	178
202	170	179	177	94	185	179
203	171	3	178	176	186	180
204	172	180	179	176	187	181
205	126	181	22	177	188	182
206	173	182	180	178	189	183
207	78	85	80	179	90	149
208	174	86	181	63	190	184
209	174	183	181	63	190	184
210	175	184	182	180	191	47
211	176	185	183	181	192	185
212	177	186	184	182	193	186
213	178	187	185	183	194	187
214	179	188	186	184	195	188
215	180	189	187	185	196	189
216	181	190	188	186	197	190
217	102	191	189	187	198	191
218	182	192	190	188	199	192
219	183	193	191	189	200	193
220	184	194	192	190	201	194
221	185	195	193	191	202	195
222	186	196	194	192	64	196
223	187	197	89	193	163	197
224	188	162	195	194	203	198
225	189	198	196	195	204	199
226	190	199	184	196	205	200
227	191	200	197	197	206	201
228	151	96	198	198	97	94
229	192	201	199	199	207	202
230	193	162	168	167	163	158
231	194	202	200	96	208	203
232	193	203	168	167	163	158
233	195	204	92	200	209	204
234	196	6	7	6	6	6
235	194	94	96	96	208	205
236	197	205	201	201	111	206
237	198	206	96	94	210	207
238	199	207	202	202	163	208
239	200	202	203	203	211	203
240	201	208	204	167	212	205
241	202	192	205	204	213	209
242	196	6	7	205	6	210
243	203	209	174	206	214	211
244	204	210	206	207	215	212
245	183	211	207	208	216	213
246	205	115	208	209	217	214
247	206	94	89	159	218	159
248	207	212	92	159	219	215
249	208	213	209	210	179	216
250	209	156	210	145	220	151
251	210	214	122	211	221	217
252	211	143	211	212	222	218
253	78	215	212	79	84	219
254	212	216	151	213	84	220
255	115	117	213	117	124	221
256	213	217	214	214	223	222
257	66	71	110	215	224	223
258	214	218	151	216	225	224
259	215	219	44	217	226	225
260	214	220	117	218	227	226
261	216	221	85	117	226	227
262	108	222	215	92	228	228
263	217	223	216	219	229	229
264	218	224	217	220	230	230
265	115	117	120	117	124	221
266	216	221	85	124	119	227
267	219	71	218	221	231	231
268	78	71	80	215	226	223
269	87	225	219	222	232	232
270	220	215	80	223	226	54
271	221	226	212	79	233	233
272	222	117	220	224	234	234
273	223	91	221	225	235	235
274	78	215	80	223	226	236
275	224	227	222	226	133	237
276	225	226	80	79	236	233
277	78	226	80	219	237	238
278	226	215	85	227	119	239
279	227	228	223	228	238	240
280	212	216	224	213	233	241
281	66	71	212	219	239	223
282	115	229	110	229	124	112
283	115	117	213	117	129	221
284	224	227	222	226	133	115
285	201	213	101	230	240	216
286	213	230	225	231	241	243
287	122	231	226	232	242	244
288	219	71	218	233	231	231
289	228	232	227	234	243	245
290	229	233	96	235	244	246
291	230	234	228	103	245	247
292	231	143	228	236	246	248
293	78	215	80	79	84	249
294	78	215	80	79	236	219
295	232	223	229	46	226	86
296	233	235	230	237	247	250
297	115	117	120	117	248	115
298	234	234	231	238	249	252
299	235	216	151	217	84	220
300	78	215	80	79	236	115
301	236	108	232	239	96	94
302	237	234	233	240	250	96
303	238	236	13	241	251	254
304	99	108	234	102	252	94
