ST	ack	cpn60	fdh	pta	purA	sar	tuf	clonal_complex
1	1	2	2	1	1	2	1	
2	1	2	3	1	1	1	1	
3	3	2	2	1	4	1	1	
4	1	2	4	1	4	2	1	
5	2	2	2	1	16	2	1	
6	2	2	2	2	4	1	1	
7	4	2	2	2	4	1	1	
8	1	2	2	2	4	3	1	
9	1	2	3	2	18	1	1	
10	1	2	2	7	3	1	1	
11	2	2	2	8	1	1	1	
12	4	2	2	12	19	1	1	
13	17	3	2	1	7	2	1	
14	5	7	2	1	5	1	1	
15	1	7	2	1	5	4	1	
16	6	7	4	1	5	1	1	
17	1	7	1	1	13	1	1	
18	4	7	2	4	1	2	1	
19	1	7	1	4	4	1	1	
20	5	7	4	8	1	1	1	
21	1	7	2	8	14	1	1	
22	2	8	2	1	6	1	1	
23	2	8	2	1	7	1	1	
24	5	8	1	5	3	2	1	
25	3	9	2	1	1	1	1	
26	3	9	1	1	7	4	1	
27	3	9	3	1	8	4	1	
28	3	9	3	3	3	4	1	
29	1	10	2	4	1	1	1	
30	1	10	1	4	5	1	1	
31	3	11	1	1	8	4	1	
32	1	11	2	1	8	1	1	
33	4	13	2	1	4	1	1	
34	2	13	2	1	8	6	1	
35	3	13	2	11	14	2	1	
36	6	14	5	1	3	5	1	
37	1	16	2	1	5	1	1	
38	1	20	2	1	3	1	1	
39	4	20	1	1	7	1	1	
40	5	21	3	2	7	4	1	
41	11	25	3	1	1	1	1	
42	3	27	1	2	3	1	1	
43	4	27	3	8	5	2	1	
44	5	32	1	23	1	1	1	
45	3	2	2	1	2	1	2	
46	4	9	1	1	8	2	2	
47	12	2	1	1	13	1	2	
48	1	2	2	1	17	2	2	
49	3	2	2	4	13	1	2	
50	2	3	2	1	4	1	2	
51	16	6	1	1	4	1	2	
52	1	6	1	1	7	1	2	
53	1	6	4	4	4	1	2	
54	1	7	2	1	1	1	2	
55	4	2	2	1	13	1	2	
56	1	7	3	1	4	1	2	
57	3	2	2	1	2	2	1	
58	5	7	4	1	4	2	2	
59	1	7	4	1	13	2	2	
60	6	7	3	2	4	1	2	
61	1	7	2	2	20	8	2	
62	1	7	4	4	7	2	2	
63	1	7	2	8	14	1	2	
64	2	7	2	11	5	2	2	
65	1	7	2	18	1	1	2	
66	7	8	2	1	1	2	2	
67	8	8	1	1	4	2	2	
68	1	10	1	4	1	1	1	
69	3	8	2	1	4	1	2	
70	5	8	2	4	1	1	2	
71	3	9	1	2	1	2	1	
72	4	9	4	1	1	1	2	
73	1	9	2	1	3	1	2	
74	1	9	2	1	4	1	2	
75	4	9	1	1	8	1	2	
76	2	9	3	1	1	1	2	
77	1	9	4	1	8	1	2	
78	7	9	1	1	13	5	2	
79	1	9	6	2	2	1	2	
80	14	9	4	2	4	5	2	
81	4	9	1	2	8	1	2	
82	1	9	2	4	1	1	2	
83	3	10	2	1	2	1	2	
84	2	10	2	1	5	1	2	
85	3	2	2	1	1	2	2	
86	4	10	2	1	13	5	2	
87	1	13	1	1	1	1	2	
88	5	13	4	1	4	1	2	
89	5	13	4	1	4	2	2	
90	4	13	3	1	9	3	2	
91	10	13	2	1	10	1	2	
92	1	13	1	4	3	1	2	
93	1	13	1	19	1	2	2	
94	1	15	2	4	8	1	2	
95	5	18	1	4	2	1	2	
96	1	19	4	4	13	4	2	
97	4	26	1	1	8	1	2	
98	10	27	2	1	3	4	2	
99	2	13	2	11	7	1	5	
100	1	6	4	1	8	7	9	
101	10	2	2	1	1	1	1	
102	10	2	2	1	14	1	1	
103	3	2	2	8	4	1	1	
104	7	7	2	1	1	1	1	
105	1	7	1	1	6	1	1	
106	12	7	4	1	14	1	1	
107	1	7	6	1	3	1	1	
108	1	7	1	4	13	1	1	
109	4	8	2	1	3	1	1	
110	2	11	3	1	11	2	2	
111	2	2	1	1	1	2	1	
112	2	2	2	1	1	2	1	
113	3	9	2	1	2	1	2	
114	2	7	2	1	2	5	2	
115	3	11	2	24	11	1	1	
116	3	7	2	1	2	2	2	
117	3	2	5	8	1	1	1	
118	5	13	8	1	11	1	2	
119	5	33	4	1	18	1	1	
120	1	8	2	22	4	1	1	
121	2	9	3	1	1	2	1	
122	1	3	2	1	1	2	2	
123	3	9	1	2	1	1	1	
124	1	10	1	1	1	1	1	
125	2	10	2	1	1	1	1	
126	2	10	2	1	22	1	1	
127	2	10	1	4	1	1	1	
128	1	10	1	4	1	2	1	
129	1	7	2	1	6	1	1	
130	1	10	1	4	1	5	1	
131	2	10	2	8	1	1	1	
132	1	37	2	1	25	1	1	
133	8	2	1	1	7	2	2	
134	3	2	3	1	13	2	2	
135	3	2	1	2	4	1	2	
136	3	3	2	1	1	1	2	
137	2	7	2	1	5	2	2	
138	2	7	5	1	18	1	2	
139	2	7	2	2	10	2	2	
140	2	7	2	11	5	1	2	
141	1	8	1	1	4	2	2	
142	1	8	4	1	4	2	2	
143	6	8	4	2	14	2	2	
144	3	8	2	26	8	1	2	
145	1	50	2	8	6	1	2	
146	6	9	1	1	4	1	2	
147	2	9	2	1	5	1	2	
148	1	9	5	2	4	1	2	
149	5	25	2	1	8	1	1	
150	1	10	1	1	1	1	2	
151	7	10	7	1	4	1	2	
152	1	10	2	1	5	1	2	
153	2	10	2	1	5	2	2	
154	3	10	1	4	1	1	2	
155	2	11	2	1	1	1	2	
156	2	11	2	1	5	1	2	
157	2	11	2	11	5	1	2	
158	5	2	7	1	11	1	1	
159	1	13	1	1	4	2	2	
160	1	13	1	1	4	3	2	
161	2	13	2	1	7	2	2	
162	3	13	3	1	7	1	2	
163	4	13	1	28	1	2	2	
164	2	13	2	28	1	1	2	
165	7	24	1	27	7	1	2	
166	3	26	2	1	14	1	2	
167	3	38	3	2	10	4	2	
168	6	30	1	1	8	1	2	
169	2	9	1	2	1	1	1	
170	1	10	1	4	13	1	1	
171	1	7	2	1	5	1	2	
172	3	8	1	1	4	1	2	
173	11	9	1	1	7	2	2	
174	2	10	2	1	1	1	2	
175	4	13	2	28	24	5	2	
176	3	19	2	2	21	1	2	
177	6	13	1	22	4	1	2	
178	3	9	4	1	1	1	2	
179	3	2	2	1	2	2	2	
180	3	9	1	2	1	2	2	
181	3	11	2	24	20	1	1	
182	7	10	1	1	11	1	2	
183	1	45	2	1	13	1	1	
184	2	9	1	22	1	1	2	
185	1	9	2	1	2	1	2	
186	11	21	4	1	19	1	2	
187	1	10	1	4	11	1	1	
188	7	7	2	8	1	1	1	
189	2	25	2	32	7	2	1	
190	1	9	4	8	13	1	2	
191	2	8	2	2	7	1	2	
192	4	13	1	23	1	2	2	
193	5	7	4	1	7	2	2	
194	7	47	2	22	7	2	2	
195	3	9	1	1	1	2	1	
196	7	8	1	1	11	1	1	
197	7	9	1	32	7	1	1	
198	1	2	4	1	3	9	1	
199	9	7	2	1	5	2	1	
200	13	2	1	1	13	1	2	
201	5	11	2	23	12	1	2	
202	5	6	1	4	11	1	2	
203	17	9	1	2	1	2	1	
204	2	2	2	1	11	1	1	
205	7	8	2	4	13	2	1	
206	1	11	2	35	11	1	2	
207	7	43	1	2	5	1	2	
208	5	9	3	36	7	1	1	
209	8	44	2	34	5	5	2	
210	5	9	2	4	7	1	2	
211	2	6	2	1	8	1	2	
212	8	6	1	4	7	1	1	
213	7	8	1	1	2	1	1	
214	5	10	1	32	7	1	1	
215	1	8	2	1	11	2	1	
216	1	18	1	4	11	1	2	
217	6	11	1	1	8	2	1	
218	1	13	1	1	8	2	2	
219	1	18	1	1	2	1	1	
220	1	2	1	1	19	1	2	
221	1	2	2	1	16	1	2	
222	5	24	3	1	1	2	1	
223	15	24	2	1	1	1	2	
224	5	18	5	1	1	1	1	
225	3	9	2	1	11	1	1	
226	3	7	2	1	5	1	2	
227	1	11	2	1	5	1	1	
228	2	53	4	2	14	1	2	
229	1	33	9	8	1	1	2	
230	1	8	2	33	7	1	1	
231	1	9	4	40	21	1	1	
232	1	11	2	31	16	5	1	
233	1	10	1	4	1	10	2	
234	5	2	3	1	8	2	2	
235	12	11	1	1	5	1	2	
236	1	2	2	22	6	2	1	
237	1	7	2	41	11	3	1	
238	5	7	7	1	8	1	2	
239	5	11	3	1	1	1	1	
240	1	7	2	1	5	1	1	
241	1	21	4	1	23	1	1	
242	1	13	2	1	11	1	1	
243	1	7	3	8	11	1	1	
244	1	9	2	8	3	1	2	
245	1	13	4	36	13	3	1	
246	5	18	2	1	2	1	2	
247	1	47	1	1	15	1	1	
248	1	54	2	1	11	1	1	
249	5	2	4	1	8	3	2	
250	4	29	2	8	11	1	1	
251	1	39	1	1	11	2	2	
252	2	7	4	8	5	2	1	
253	1	2	2	1	26	2	1	
254	18	8	2	1	5	2	2	
255	5	2	9	1	5	1	2	
256	1	3	3	1	5	5	2	
257	2	13	2	1	13	2	2	
258	5	13	4	1	11	2	2	
259	1	2	2	1	11	2	1	
260	2	7	4	11	6	2	2	
261	5	7	4	1	11	2	2	
262	1	18	2	22	2	1	2	
263	5	13	4	1	1	1	1	
264	1	2	4	1	27	1	1	
265	5	13	4	1	3	1	2	
266	2	10	2	1	5	1	1	
267	5	13	1	1	3	2	2	
268	1	8	2	4	11	2	2	
269	1	8	1	4	11	2	2	
270	5	9	1	2	3	2	1	
271	1	10	1	4	3	1	1	
272	3	9	1	2	3	2	1	
273	5	13	1	1	11	2	2	
274	5	13	4	1	14	1	2	
275	3	27	1	1	3	10	2	
276	1	8	2	4	5	1	2	
277	5	13	4	1	11	1	2	
278	3	2	2	1	13	2	2	
279	5	7	4	1	1	1	2	
280	5	13	8	1	28	1	2	
281	4	31	2	2	1	2	2	
282	3	2	2	1	2	1	1	
283	1	24	10	4	1	2	2	
284	3	7	4	1	3	4	1	
285	1	7	2	8	7	1	1	
286	5	7	4	1	29	2	3	
287	4	13	1	1	3	2	1	
288	3	2	1	1	2	1	2	
289	3	9	1	2	6	2	1	
290	5	13	1	1	11	2	1	
291	5	13	3	4	1	5	1	
292	2	7	2	1	11	1	2	
293	1	24	4	36	1	1	1	
294	2	3	2	4	11	1	2	
295	5	18	1	4	3	2	2	
296	1	21	4	1	30	1	1	
297	1	13	2	1	1	1	10	
298	1	10	2	1	5	5	2	
299	11	2	2	4	1	1	2	
300	1	13	3	1	1	1	2	
301	1	18	4	1	11	2	2	
302	1	24	4	22	7	2	1	
303	1	7	3	1	11	1	2	
304	1	9	3	4	11	2	1	
305	1	9	3	4	1	2	1	
306	5	13	4	2	11	2	2	
307	5	7	2	1	11	2	2	
308	2	55	3	42	14	2	1	
309	1	2	2	1	1	1	1	
310	5	2	2	1	1	2	2	
311	3	7	2	1	2	1	2	
312	1	13	4	1	11	2	2	
313	5	2	2	1	5	1	2	
314	1	24	1	1	11	2	2	
315	3	9	4	2	1	2	1	
316	2	9	1	1	13	2	2	
317	1	10	4	4	11	1	1	
318	1	8	1	4	11	1	2	
319	1	13	2	1	5	1	1	
320	4	13	2	2	5	1	1	
321	1	6	2	20	2	1	2	
322	1	24	2	1	11	2	2	
323	7	10	1	1	13	1	2	
324	4	10	2	1	1	5	2	
325	3	2	2	1	14	2	1	
326	1	7	3	1	14	5	2	
327	1	7	1	20	11	1	2	
328	1	56	2	1	1	1	2	
329	4	2	2	32	1	3	1	
330	8	24	2	1	7	1	2	
331	5	2	2	22	7	11	2	
332	12	2	1	8	31	1	1	
333	1	7	1	4	7	5	1	
334	5	7	4	1	11	2	1	
335	1	7	2	2	13	1	2	
336	5	18	2	1	11	2	2	
337	1	21	4	1	11	1	2	
338	1	10	2	4	2	1	1	
339	5	9	2	1	5	1	2	
340	5	13	11	1	11	2	1	
341	7	2	4	1	1	1	1	
342	5	7	4	1	11	1	2	
343	5	13	2	1	11	2	2	
344	2	13	4	1	3	2	2	
345	5	20	4	1	3	2	2	
346	5	18	4	1	11	1	2	
347	1	8	3	4	3	2	1	
348	1	18	2	1	13	1	2	
349	5	13	4	1	11	2	11	
350	5	13	11	1	11	2	2	
351	5	13	4	1	11	2	12	
352	1	13	3	1	1	2	1	
353	5	20	1	1	11	1	2	
354	2	9	1	2	13	1	1	
355	5	57	4	1	32	1	2	
356	9	13	2	1	33	1	1	
357	1	58	2	1	19	12	2	
358	3	9	1	2	1	13	1	
359	1	2	2	22	1	1	1	
360	1	13	1	1	5	1	2	
361	3	2	4	1	1	5	1	
362	4	10	4	1	1	5	1	
363	1	7	4	1	11	1	1	
364	8	11	2	1	1	2	1	
365	2	31	2	1	1	1	1	
366	1	7	4	1	11	2	1	
367	2	9	3	1	23	2	1	
368	7	10	2	1	19	1	2	
369	1	7	4	1	11	2	2	
370	1	7	4	1	1	1	1	
371	1	7	2	1	1	1	1	
372	1	10	1	1	7	5	1	
373	2	2	2	8	14	1	1	
374	6	6	2	4	5	1	1	
375	2	2	2	1	5	1	2	
376	1	7	2	1	13	2	1	
377	5	2	2	1	19	2	1	
378	5	7	1	2	13	2	1	
379	1	2	2	1	13	1	2	
380	1	8	3	1	23	1	2	
381	5	7	4	2	13	2	2	
382	3	59	1	2	1	2	1	
383	5	8	4	1	11	2	2	
384	1	13	4	19	34	1	2	
385	3	8	1	2	7	2	2	
386	1	13	2	1	3	1	2	
387	5	6	2	4	35	1	1	
388	5	60	2	1	5	2	2	
389	5	13	4	1	11	14	2	
390	1	7	2	21	36	1	2	
391	7	6	2	4	37	1	2	
392	5	13	1	43	1	2	1	
393	2	61	4	4	8	3	1	
394	1	2	7	12	5	15	1	
395	19	62	1	4	38	16	2	
396	19	13	2	4	11	1	2	
397	3	2	1	1	39	1	1	
398	20	8	2	2	1	1	2	
399	1	2	1	1	16	5	1	
400	5	2	4	4	1	1	2	
401	5	50	1	1	14	1	1	
402	3	2	2	1	40	1	2	
403	11	13	3	1	1	1	1	
404	1	10	4	1	1	17	2	
405	4	13	4	1	11	2	2	
406	1	2	2	2	11	2	1	
407	1	3	2	23	8	1	2	
408	3	2	1	2	1	2	1	
409	3	2	2	1	20	1	1	
410	3	6	1	2	1	2	1	
411	3	8	1	2	1	2	1	
412	3	8	2	4	1	1	1	
413	5	2	4	1	11	2	2	
414	5	7	1	1	11	2	2	
415	5	7	4	1	11	1	1	
416	5	7	4	4	11	2	2	
417	5	13	4	1	3	2	1	
418	5	18	3	1	1	1	1	
419	5	18	4	1	11	2	2	
420	7	10	2	1	11	1	2	
421	19	50	11	1	11	1	2	
422	3	2	2	1	1	1	2	
423	4	11	2	2	1	2	1	
424	21	7	11	2	11	16	2	
425	5	13	12	1	11	2	2	
426	5	7	13	4	7	1	1	
427	3	7	4	1	20	18	1	
428	5	11	2	2	41	2	2	
429	1	7	4	1	13	1	1	
430	5	13	4	1	11	1	1	
431	7	7	1	1	1	1	1	
432	2	2	2	1	1	2	2	
433	2	11	2	1	1	1	1	
434	3	7	2	1	11	1	2	
435	1	57	2	32	2	2	2	
436	7	7	2	1	5	1	1	
437	5	13	3	1	13	1	2	
438	2	20	1	1	3	1	1	
439	1	6	2	4	7	1	1	
440	2	2	4	1	13	1	1	
441	5	21	4	2	11	1	2	
442	5	25	4	1	7	1	1	
443	5	7	2	2	5	1	1	
444	1	21	1	1	23	1	1	
445	5	2	2	1	19	1	1	
446	5	6	2	1	5	1	1	
447	4	2	1	4	13	12	1	
448	2	6	2	1	8	2	1	
449	3	7	2	2	3	1	2	
450	5	24	1	1	1	1	1	
451	1	9	1	4	8	2	1	
452	3	7	2	1	3	2	2	
453	1	7	2	1	3	1	2	
454	4	24	2	1	2	2	2	
455	1	2	2	1	20	19	2	
456	1	7	1	1	14	1	1	
457	11	18	2	4	7	1	2	
458	5	2	2	1	11	1	2	
459	2	2	2	1	6	1	1	
460	4	63	2	1	1	2	2	
461	7	8	4	1	1	1	1	
462	5	9	4	4	8	1	1	
463	5	2	2	1	18	1	2	
464	1	7	4	1	42	1	1	
465	5	13	4	4	1	2	1	
466	1	8	4	4	11	2	1	
467	1	2	4	1	14	2	1	
468	1	18	1	22	2	1	2	
469	1	2	1	1	11	1	2	
470	5	7	7	1	8	1	1	
471	1	2	2	1	11	3	1	
472	2	43	3	1	11	1	2	
473	5	8	4	4	11	5	2	
474	2	13	2	1	13	1	1	
475	5	2	2	1	1	1	1	
476	1	10	4	8	7	1	2	
477	1	13	4	36	11	2	1	
478	1	2	12	25	5	2	1	
479	1	7	4	2	7	1	1	
480	1	7	7	2	3	1	1	
481	2	30	2	1	11	1	1	
482	2	7	2	1	8	2	1	
483	1	13	1	1	43	3	1	
484	21	7	2	1	44	1	1	
485	1	13	3	1	2	1	1	
486	2	13	2	1	7	1	2	
487	1	9	2	2	11	5	2	
488	4	2	2	1	8	1	5	
489	4	8	2	1	13	1	1	
490	4	2	1	1	8	2	2	
491	1	2	8	1	5	2	1	
492	4	13	2	1	11	1	2	
493	4	2	2	1	8	1	1	
494	3	24	1	1	52	2	1	
495	4	13	2	1	4	2	1	
496	2	9	4	1	1	2	1	
497	1	11	2	1	1	1	1	
498	1	13	1	1	11	2	2	
499	5	7	2	1	7	2	1	
500	8	43	1	1	7	1	2	
501	8	43	2	1	7	1	2	
502	3	10	6	1	13	1	1	
503	1	2	2	1	8	1	2	
504	3	2	6	1	11	1	2	
505	1	9	1	1	3	1	1	
506	5	26	2	1	7	5	2	
507	1	13	4	1	7	1	2	
508	3	2	2	1	8	4	1	
509	3	2	2	4	10	2	2	
510	5	7	7	2	1	1	2	
511	3	7	4	2	7	1	1	
512	5	24	2	20	25	2	2	
513	1	64	5	1	5	1	2	
514	4	65	3	1	11	1	1	
515	5	9	2	1	1	1	2	
516	4	9	1	44	11	1	1	
517	5	7	3	1	21	1	2	
518	22	66	14	2	7	1	1	
519	2	7	2	1	1	4	2	
520	13	3	1	8	7	2	1	
521	1	2	4	4	13	2	2	
522	1	57	4	32	2	1	1	
523	5	2	2	45	13	20	1	
524	7	13	1	1	45	1	2	
525	1	24	2	1	1	2	1	
526	5	14	1	1	11	1	1	
527	1	2	3	1	11	1	2	
528	5	13	1	1	5	2	1	
529	1	2	2	2	3	1	2	
530	1	58	7	1	19	2	1	
531	2	7	4	1	18	3	2	
532	1	8	2	8	8	1	2	
533	1	13	2	1	2	1	1	
534	1	2	1	1	1	2	1	
535	5	7	2	1	1	1	1	
536	5	6	2	1	11	3	1	
537	3	9	1	1	1	1	1	
538	6	2	2	2	11	1	1	
539	5	13	8	2	1	1	2	
540	5	2	2	1	1	5	1	
541	1	6	4	1	1	1	1	
542	1	9	2	4	8	1	2	
543	8	2	2	1	7	1	1	
544	8	24	2	1	1	2	2	
545	1	7	2	1	13	1	2	
546	3	13	2	1	1	1	2	
547	5	19	4	1	1	4	2	
548	1	13	4	1	11	1	2	
549	11	21	1	1	1	1	1	
550	4	13	4	23	11	2	2	
551	5	9	2	1	1	1	1	
552	5	13	4	1	46	2	2	
553	1	37	7	19	47	21	1	
554	1	36	1	1	2	4	1	
555	3	8	4	1	11	1	1	
556	4	8	1	4	8	1	1	
557	4	13	4	1	11	1	2	
558	5	2	2	1	11	1	1	
559	5	43	1	1	11	4	2	
560	5	13	1	4	3	2	1	
561	5	13	3	4	1	1	1	
562	1	7	2	1	11	2	2	
563	2	2	2	4	1	1	2	
564	10	2	4	20	25	2	1	
565	1	7	4	1	1	1	2	
566	2	9	1	1	1	1	2	
567	4	37	15	46	1	2	2	
568	2	2	1	1	1	1	2	
569	1	9	1	1	1	1	1	
570	7	7	4	1	13	1	2	
571	1	2	2	20	7	1	1	
572	5	9	4	1	11	1	2	
573	2	2	2	1	1	1	1	
574	2	11	3	1	1	1	1	
575	2	10	1	1	1	1	1	
576	7	18	2	1	13	1	1	
577	5	9	3	1	23	2	2	
578	2	9	2	1	1	1	2	
579	1	10	4	1	1	1	2	
580	16	7	2	2	1	1	1	
581	5	10	4	1	13	1	1	
582	5	55	16	1	11	2	1	
583	7	7	4	1	13	2	2	
584	2	2	1	1	13	1	2	
585	2	31	2	1	1	2	1	
586	1	9	3	1	23	3	2	
587	5	10	4	1	11	5	1	
588	2	2	1	1	1	2	2	
589	1	11	2	4	11	1	1	
590	1	13	2	1	13	1	2	
591	1	29	2	4	11	1	1	
592	5	2	2	1	11	2	1	
593	1	2	2	1	23	2	1	
594	5	2	2	1	23	2	1	
595	1	7	2	1	23	2	1	
596	5	2	2	22	23	2	1	
597	1	2	2	22	23	2	1	
598	2	21	2	1	8	1	2	
599	5	29	2	1	5	1	1	
600	5	13	2	2	41	1	2	
601	1	2	4	4	13	2	1	
602	1	20	1	23	1	2	1	
603	1	2	1	1	2	1	1	
604	7	7	1	4	3	1	1	
605	7	2	1	4	3	1	1	
606	1	6	2	4	8	2	1	
607	1	13	4	1	23	1	1	
608	5	13	4	20	37	1	2	
609	5	13	4	1	38	2	2	
610	2	13	2	2	13	2	2	
611	3	50	2	1	11	1	2	
612	10	2	2	4	23	1	1	
613	1	18	4	2	15	2	2	
614	1	2	2	1	48	1	1	
615	1	29	2	1	48	1	2	
616	5	67	2	2	41	1	2	
617	1	2	2	47	1	1	1	
618	1	2	4	48	8	1	2	
619	5	2	2	23	14	22	1	
620	23	9	1	1	11	2	1	
621	10	21	1	22	8	1	2	
622	5	13	4	1	23	1	2	
623	6	7	2	1	11	2	2	
624	1	10	2	4	1	1	2	
625	1	8	2	1	11	1	2	
626	1	3	1	1	1	2	1	
627	5	2	2	1	1	1	2	
628	1	13	4	1	1	1	1	
629	1	60	2	1	5	2	2	
630	5	7	2	1	11	1	2	
631	1	9	4	1	1	1	1	
632	1	18	3	4	11	2	1	
633	5	18	1	4	1	1	1	
634	4	8	2	1	11	1	1	
635	2	13	4	1	7	1	1	
636	11	18	3	2	1	1	1	
637	10	21	1	22	3	1	2	
638	5	13	4	4	11	2	1	
639	5	68	1	1	11	2	2	
640	1	18	4	49	11	2	2	
641	5	13	1	1	49	2	1	
642	1	9	4	1	1	1	2	
643	7	69	1	4	3	1	1	
644	17	2	2	44	46	1	2	
645	2	10	2	44	18	1	2	
646	2	9	4	2	1	2	1	
647	2	9	2	1	1	2	1	
648	1	36	2	1	1	1	1	
649	3	3	5	4	11	1	2	
650	5	2	1	1	19	1	1	
651	5	19	2	4	7	1	2	
652	5	7	4	1	1	1	1	
653	5	9	2	1	5	10	2	
654	5	10	4	1	1	1	2	
655	5	25	2	1	1	1	1	
656	1	3	8	1	7	2	2	
657	5	13	4	1	10	1	2	
658	5	13	4	1	3	2	2	
659	3	2	2	1	20	1	2	
660	5	13	8	4	8	1	2	
661	5	2	2	22	1	5	1	
662	1	2	3	1	13	2	1	
663	1	18	2	1	11	10	1	
664	5	21	2	32	11	1	2	
665	11	9	2	1	1	1	1	
666	3	3	4	1	5	2	1	
667	1	24	1	1	1	1	1	
668	5	18	4	4	3	2	2	
669	16	13	8	48	11	1	2	
670	12	13	2	1	11	2	2	
671	4	70	3	46	11	2	13	
672	1	71	2	1	1	1	1	
673	4	72	3	1	8	4	2	
674	3	9	2	2	11	1	2	
675	11	9	2	20	13	4	2	
676	5	7	2	1	1	1	2	
677	1	7	1	1	1	1	1	
678	7	9	3	1	1	2	1	
679	2	10	1	1	11	1	2	
680	3	9	1	2	50	2	1	
681	1	13	6	8	7	1	1	
682	5	2	2	2	11	4	2	
683	1	13	1	2	16	1	2	
684	3	9	1	2	22	2	1	
685	3	7	2	4	14	1	1	
686	5	7	2	23	8	1	1	
687	5	32	4	1	1	12	2	
688	4	9	1	1	1	2	1	
689	1	8	1	4	10	1	1	
690	5	13	4	1	1	1	2	
691	1	18	2	50	7	1	1	
692	2	9	1	1	13	1	2	
693	4	13	4	1	1	1	2	
694	2	2	4	1	16	3	1	
695	24	9	3	1	1	2	1	
696	25	2	2	1	2	1	1	
697	5	2	2	1	11	2	2	
698	3	57	2	1	2	1	2	
699	26	9	4	1	1	23	2	
700	4	13	2	23	3	1	1	
701	2	13	2	1	3	1	2	
702	16	9	4	4	2	1	2	
703	1	9	3	1	5	2	1	
704	12	13	1	1	1	2	2	
705	1	9	1	1	7	2	1	
706	2	13	3	1	1	23	1	
707	1	24	2	1	1	1	1	
708	2	8	1	1	23	2	2	
709	3	9	3	1	1	1	1	
710	2	1	1	1	1	23	2	
711	5	9	2	1	51	1	1	
712	2	9	2	1	1	23	2	
713	1	9	1	1	1	1	2	
714	1	9	1	1	11	2	1	
715	1	10	4	1	1	2	2	
716	5	10	2	1	13	1	1	
717	1	2	4	1	1	1	2	
718	3	13	2	2	1	1	1	
719	2	7	4	8	14	1	1	
720	5	2	4	4	7	2	1	
721	6	2	2	29	11	1	1	
722	1	10	2	1	11	5	2	
723	4	13	2	32	52	3	2	
724	3	8	2	1	14	1	1	
725	1	7	2	22	16	1	1	
726	5	47	1	4	3	1	2	
727	5	13	2	1	11	1	2	
728	1	13	1	1	1	5	2	
729	7	7	2	8	16	1	1	
730	10	21	17	22	8	1	2	
731	6	73	1	1	11	1	1	
732	5	47	1	1	3	2	1	
733	7	9	2	1	5	5	1	
734	5	8	1	4	11	2	1	
735	5	47	3	2	1	3	2	
736	1	31	2	51	13	1	2	
737	5	2	2	22	1	1	1	
738	5	29	4	4	1	1	1	
739	1	7	2	8	16	1	1	
740	5	6	1	1	16	2	1	
741	1	2	4	4	1	1	1	
742	5	18	4	4	1	1	1	
743	4	8	1	4	13	2	2	
744	5	13	4	1	1	2	2	
745	2	10	2	1	5	3	2	
746	1	9	1	1	7	2	2	
747	6	43	1	2	11	5	2	
748	3	74	1	2	1	2	1	
749	1	2	2	1	13	2	2	
750	9	75	4	1	1	2	5	
751	1	75	4	1	1	2	5	
752	1	9	2	4	8	1	1	
753	2	13	2	12	13	2	1	
754	1	43	2	1	1	2	2	
755	1	7	2	20	1	1	2	
756	1	21	2	2	11	1	2	
757	1	10	2	1	1	1	2	
758	2	2	2	1	14	1	1	
759	4	7	2	22	1	2	2	
760	1	7	2	1	7	1	1	
761	2	24	4	8	20	2	1	
762	4	13	6	1	11	2	5	
763	5	32	4	1	1	5	1	
764	5	7	7	2	3	1	1	
765	7	13	1	20	1	1	2	
766	4	7	3	1	11	2	1	
767	1	14	2	1	11	1	2	
768	5	2	1	1	11	1	2	
769	4	14	2	1	11	2	2	
770	2	9	4	1	5	2	1	
771	1	13	2	22	8	1	2	
772	1	2	2	1	53	1	1	
773	5	2	2	1	13	1	1	
774	2	9	3	1	23	2	2	
775	3	13	2	1	13	1	2	
776	3	10	1	1	11	2	1	
777	7	9	2	1	13	1	2	
778	3	2	1	23	1	2	2	
779	4	19	2	4	11	1	2	
780	1	18	2	1	1	2	1	
781	1	2	2	1	11	1	1	
782	5	11	2	29	7	1	2	
783	7	10	2	1	1	5	2	
784	2	8	3	1	23	2	2	
785	2	2	2	1	13	2	2	
786	7	10	2	1	11	5	2	
787	3	11	3	1	11	2	1	
788	2	2	2	1	1	1	2	
789	4	2	4	1	1	5	1	
790	21	10	4	1	1	5	1	
791	2	10	4	1	1	5	1	
792	2	31	3	1	1	2	1	
793	2	2	3	1	1	2	2	
794	2	9	1	1	1	23	2	
795	2	31	4	1	1	2	1	
796	1	6	2	4	1	1	2	
797	1	7	2	2	3	1	2	
798	5	2	3	1	13	11	2	
799	1	7	3	1	42	1	1	
800	1	9	2	52	6	1	1	
801	1	2	1	1	7	1	1	
802	1	7	1	20	5	1	1	
803	1	7	2	20	1	1	5	
804	1	7	2	1	8	1	1	
805	1	8	2	1	11	4	2	
806	1	9	2	1	11	1	2	
807	1	9	3	1	5	1	1	
808	1	9	4	2	11	5	2	
809	1	9	4	1	1	2	1	
810	1	11	2	1	1	1	2	
811	1	13	2	1	11	2	2	
812	1	13	2	1	11	1	2	
813	1	21	1	2	5	1	1	
814	1	24	3	1	7	2	1	
815	2	2	1	1	6	5	2	
816	2	2	2	1	25	1	1	
817	2	7	2	2	21	1	2	
818	2	7	4	1	8	1	1	
819	2	8	2	1	7	1	2	
820	2	8	2	2	6	1	2	
821	2	8	2	2	7	1	1	
822	2	9	2	4	5	1	2	
823	2	9	3	19	7	1	1	
824	2	9	3	1	10	4	1	
825	2	11	2	11	5	2	2	
826	2	13	2	1	13	2	1	
827	2	13	2	1	11	5	2	
828	2	13	2	2	11	2	2	
829	2	14	2	1	7	1	2	
830	2	24	4	8	11	1	1	
831	3	2	2	8	1	1	1	
832	3	2	2	8	11	1	1	
833	3	2	2	1	11	1	2	
834	3	8	2	1	7	1	2	
835	3	8	2	1	8	2	1	
836	3	9	2	1	38	1	2	
837	3	13	2	8	5	1	1	
838	3	13	2	1	11	1	1	
839	3	24	3	1	21	1	2	
840	3	43	2	1	11	1	2	
841	4	2	1	23	11	1	2	
842	4	2	1	1	8	1	2	
843	4	2	1	23	1	5	2	
844	4	2	2	1	14	2	2	
845	4	2	2	1	11	1	2	
846	4	7	2	1	14	1	2	
847	4	7	2	1	7	1	2	
848	4	8	1	2	3	2	2	
849	4	9	2	23	7	4	2	
850	4	9	2	4	3	2	1	
851	4	9	2	23	11	1	1	
852	4	9	3	1	8	2	1	
853	4	11	2	1	10	1	1	
854	4	13	1	23	1	5	1	
855	4	13	1	23	1	5	2	
856	4	13	1	1	8	1	2	
857	4	13	2	23	1	1	1	
858	4	13	2	23	1	5	1	
859	4	13	2	1	7	1	2	
860	4	13	2	1	11	5	1	
861	4	21	1	1	14	2	2	
862	4	21	2	1	11	1	2	
863	4	21	3	1	11	1	2	
864	4	24	2	20	19	1	2	
865	5	6	1	1	11	1	2	
866	5	6	3	1	7	2	2	
867	5	10	1	4	1	1	1	
868	5	13	4	25	11	1	5	
869	5	13	4	1	11	2	1	
870	5	24	11	8	11	5	2	
871	6	2	2	1	11	1	1	
872	6	2	3	1	2	1	2	
873	6	7	1	1	13	2	2	
874	6	7	2	4	14	1	2	
875	6	13	2	1	11	2	2	
876	6	13	2	20	5	1	2	
877	6	26	1	1	8	1	2	
878	6	43	1	4	7	1	2	
879	8	73	6	8	11	1	1	
880	10	30	3	2	11	1	2	
881	12	2	1	1	5	1	2	
882	12	2	1	1	7	5	2	
883	12	7	2	1	7	2	1	
884	12	24	2	1	7	1	2	
885	3	7	3	4	19	1	2	
886	4	7	2	1	1	2	14	
887	1	2	4	4	1	3	1	
888	27	7	2	1	11	24	2	
889	27	8	11	1	54	1	2	
890	27	2	2	2	11	1	2	
891	28	10	1	4	1	1	1	
892	21	77	5	1	11	25	2	
893	5	8	2	54	8	1	2	
894	1	76	2	1	25	1	1	
895	2	2	2	53	55	1	1	
896	3	2	19	8	11	1	1	
897	5	2	21	1	7	2	2	
898	1	3	2	4	11	1	15	
899	3	7	3	2	21	2	16	
900	35	24	2	1	11	5	2	
901	30	13	2	1	1	1	2	
902	31	8	4	1	5	1	2	
903	1	7	2	8	57	1	1	
904	2	13	5	20	58	1	1	
905	4	13	2	1	5	28	2	
906	32	7	3	1	8	1	2	
907	2	54	2	2	13	26	2	
908	34	8	1	1	11	2	1	
909	2	13	2	55	5	5	2	
910	5	9	20	1	9	1	2	
911	1	78	18	1	8	1	2	
912	11	7	2	1	11	27	2	
913	4	79	2	8	11	1	1	
914	2	80	2	1	56	1	1	
915	10	8	2	44	59	2	1	
916	29	3	2	1	11	1	1	
917	33	11	2	11	5	1	2	
918	26	11	2	11	5	1	2	
919	7	8	1	1	1	1	1	
920	7	8	1	1	1	2	1	
921	1	3	4	1	1	3	1	
922	7	8	1	1	1	1	2	
923	29	3	2	1	11	2	1	
924	1	11	4	1	20	1	1	
925	1	9	4	23	7	1	1	
926	1	11	4	2	6	2	2	
927	36	7	2	23	11	5	2	
928	3	7	2	1	11	2	1	
929	1	29	2	1	6	3	1	
930	2	81	3	1	1	2	1	
931	1	2	2	1	1	1	2	
932	1	9	2	1	8	1	1	
933	37	2	1	1	1	1	1	
934	1	13	1	56	3	1	2	
935	1	7	3	1	16	5	1	
936	1	10	2	1	1	5	2	
937	5	9	4	1	1	1	2	
938	5	7	8	1	11	2	2	
939	1	2	2	1	5	2	1	
940	5	8	2	2	41	1	2	
941	1	21	4	1	7	1	1	
942	5	2	4	4	1	2	1	
943	1	2	2	1	7	1	2	
944	5	13	2	4	1	2	1	
945	12	13	2	1	8	1	1	
946	1	6	1	1	8	4	2	
947	19	2	2	20	1	1	2	
948	3	9	2	1	7	4	1	
949	1	9	2	1	3	1	1	
950	5	18	1	4	11	2	2	
951	1	2	2	1	22	1	1	
952	9	2	2	1	1	2	2	
953	1	25	4	4	8	1	1	
954	1	2	2	20	18	1	1	
955	5	7	1	8	8	1	1	
956	1	60	2	1	11	2	1	
957	3	9	1	1	3	1	1	
958	5	8	2	1	1	1	1	
959	11	3	4	2	11	1	2	
960	5	2	2	57	11	1	1	
961	5	8	2	1	8	1	1	
962	7	2	2	1	5	2	2	
963	1	19	4	8	13	4	1	
964	5	13	2	2	41	2	2	
965	5	6	2	33	8	1	2	
966	1	3	2	8	3	2	1	
967	5	7	2	36	36	1	1	
968	2	8	1	1	3	1	1	
969	2	25	2	8	8	1	2	
970	3	2	2	1	11	4	1	
971	5	18	2	1	1	1	1	
972	5	2	4	1	11	29	1	
973	1	9	4	1	3	1	1	
974	5	2	2	1	6	1	2	
975	1	20	2	22	3	2	1	
976	5	18	2	36	2	1	2	
977	7	2	3	1	11	1	1	
978	6	2	2	2	11	1	2	
979	1	26	4	58	1	2	17	
980	5	2	4	1	2	1	1	
981	1	21	2	2	18	1	2	
982	5	24	2	1	3	2	2	
983	5	18	4	1	5	1	2	
984	1	2	2	1	3	2	1	
985	1	29	1	32	1	1	2	
986	2	2	2	23	7	1	1	
987	1	26	2	1	60	1	2	
988	5	2	2	22	1	2	1	
989	1	13	4	1	6	1	2	
990	1	3	2	20	11	1	1	
991	3	7	2	4	5	1	2	
992	1	9	2	1	3	5	2	
993	1	8	4	1	13	1	2	
994	1	29	4	1	11	1	2	
995	1	2	4	1	16	3	2	
996	1	57	4	32	7	1	2	
997	5	24	4	32	7	1	1	
998	1	24	2	1	5	1	2	
999	7	8	4	1	11	1	1	
1000	1	7	11	1	5	1	2	
1001	1	13	2	32	13	1	2	
1002	5	24	2	1	7	1	1	
1003	1	24	1	1	5	1	2	
1004	5	8	4	1	5	1	2	
1005	5	24	1	1	7	1	2	
1006	1	7	4	32	7	1	2	
1007	16	9	4	32	7	1	1	
1008	4	11	2	1	32	1	1	
1009	7	11	2	1	3	1	1	
1010	3	8	4	4	2	1	1	
1011	5	8	4	32	7	1	2	
1012	8	24	1	32	7	6	2	
1013	16	24	1	1	5	1	2	
1014	1	24	1	1	32	1	2	
1015	21	25	4	1	7	1	2	
1016	5	9	2	1	7	1	2	
1017	5	8	4	1	32	1	2	
1018	4	8	2	1	33	1	1	
1019	1	9	2	32	11	1	2	
1020	5	24	1	1	7	1	1	
1021	1	57	2	32	7	1	1	
1022	2	6	3	59	11	1	1	
1023	20	8	2	4	16	1	1	
1024	5	13	4	4	13	2	2	
1025	5	2	2	1	6	2	1	
1026	1	2	2	4	11	2	1	
1027	1	18	2	22	11	1	1	
1028	3	8	2	4	1	10	2	
1029	5	13	2	1	3	1	2	
1030	5	24	4	49	7	30	2	
1031	8	13	4	60	5	1	1	
1032	8	13	2	61	61	1	2	
1033	8	82	4	1	16	1	2	
1034	21	9	2	62	62	3	2	
1035	1	8	1	60	15	1	2	
1036	8	83	22	1	63	1	1	
1037	1	6	2	63	7	1	1	
1038	3	9	1	2	1	31	1	
1039	22	8	4	64	7	3	1	
1040	8	85	24	66	65	32	19	
1041	5	25	2	1	5	1	2	
1042	8	13	2	61	66	1	2	
1043	5	8	1	1	11	3	2	
1044	38	8	4	64	7	3	1	
1045	4	13	2	1	11	5	20	
1046	3	7	2	1	13	2	1	
1047	1	13	4	4	13	1	2	
1048	3	7	1	1	8	2	2	
1049	2	10	2	4	1	1	1	
1050	3	10	2	1	5	1	1	
1051	1	13	1	1	16	1	2	
1052	1	2	2	4	1	2	1	
1053	16	2	4	4	1	1	1	
1054	1	9	4	2	1	23	2	
1055	2	2	1	1	1	1	5	
1056	5	2	2	4	11	1	1	
1057	1	13	2	1	3	2	1	
1058	1	25	4	4	7	1	1	
1059	1	8	2	1	3	1	1	
1060	1	10	2	1	67	1	2	
1061	1	7	2	1	8	1	2	
1062	5	13	2	1	13	2	1	
1063	1	2	2	1	14	1	2	
1064	7	2	2	36	11	1	2	
1065	1	86	1	1	5	1	1	
1066	2	6	2	1	19	1	1	
1067	2	13	25	1	11	1	2	
1068	1	2	4	1	5	2	1	
1069	2	6	2	1	8	1	1	
1070	3	47	4	4	1	1	2	
1071	4	2	4	4	7	1	2	
1072	1	6	4	4	8	1	1	
1073	1	9	25	1	38	1	2	
1074	9	6	2	1	10	1	1	
1075	3	26	2	1	11	2	21	
1076	1	2	2	4	7	3	1	
1077	4	2	4	4	7	1	1	
1078	2	2	2	23	16	1	2	
1079	5	8	1	1	1	1	1	
1080	2	6	2	1	11	2	2	
1081	5	6	2	1	11	1	1	
1082	5	3	1	4	1	2	2	
1083	1	6	2	1	38	1	2	
1084	5	13	1	1	11	1	2	
1085	4	3	2	1	7	1	1	
1086	1	24	7	8	13	1	1	
1087	1	7	4	4	8	1	1	
1088	1	9	2	1	8	1	2	
1089	3	10	1	2	1	2	1	
1090	10	21	1	22	19	1	2	
1091	5	87	1	4	11	1	1	
1092	1	36	1	1	16	1	22	
1093	1	9	2	1	1	2	1	
1094	5	21	2	22	3	1	1	
1095	5	9	2	1	1	2	1	
1096	39	13	25	1	1	3	2	
1097	5	2	4	1	7	1	1	
1098	5	88	4	2	68	1	2	
1099	5	7	7	2	2	1	1	
1100	11	7	2	8	69	1	1	
1101	5	24	4	36	25	1	2	
1102	4	8	4	1	1	1	1	
1103	5	7	7	1	3	1	2	
1104	10	2	4	1	11	1	2	
1105	5	13	4	4	1	2	2	
1106	1	24	1	7	3	2	1	
1107	4	2	2	1	8	4	1	
1108	3	7	6	1	1	1	2	
1109	1	11	4	1	13	1	1	
1110	1	8	1	1	1	2	1	
1111	5	13	4	4	1	1	1	
1112	1	13	2	23	11	5	1	
1113	1	7	2	2	38	1	2	
1114	1	2	4	23	1	1	1	
1115	1	2	1	4	7	1	1	
1116	1	26	2	1	70	1	1	
1117	5	8	4	1	14	1	2	
1118	10	8	2	1	8	2	1	
1119	1	7	2	8	11	1	1	
1120	5	2	4	22	8	1	2	
1121	2	2	2	1	3	1	2	
1122	1	2	2	1	14	1	1	
1123	5	24	4	4	71	1	2	
1124	5	8	1	1	13	33	5	
1125	32	6	3	2	11	5	2	
1126	10	89	1	28	11	1	1	
1127	5	18	1	8	11	5	2	
1128	1	2	1	22	72	2	1	
1129	5	7	2	2	36	1	1	
1130	40	13	3	1	13	1	2	
1131	2	7	2	4	8	1	2	
1132	5	8	1	1	5	1	2	
1133	1	7	2	1	33	1	1	
1134	2	7	2	67	16	1	1	
1135	5	11	2	23	8	1	1	
1136	1	24	1	1	3	2	1	
1137	5	90	2	1	3	1	1	
1138	41	18	1	4	11	2	2	
1139	1	3	1	2	13	1	1	
1140	1	7	2	8	14	2	1	
1141	1	13	2	2	13	2	2	
1142	7	18	2	4	5	1	1	
1143	3	8	2	2	13	3	23	
1144	5	6	1	1	7	2	1	
1145	1	2	2	23	5	2	1	
1146	1	6	2	1	11	1	1	
1147	1	7	26	2	5	1	2	
1148	1	2	4	2	1	1	1	
1149	5	13	2	1	1	1	1	
1150	5	9	2	22	14	3	2	
1151	9	7	4	68	33	1	2	
1152	1	2	3	4	5	1	1	
1153	3	21	2	1	11	1	1	
1154	4	7	2	4	7	1	2	
1155	5	29	2	1	11	1	1	
1156	5	2	4	1	8	1	2	
1157	5	6	2	4	7	2	2	
1158	42	13	3	1	73	1	2	
1159	10	3	2	1	13	1	2	
1160	7	2	1	1	11	2	2	
1161	1	20	1	1	8	1	1	
1162	1	2	2	4	13	1	2	
1163	4	2	4	36	7	34	1	
1164	1	91	2	2	11	1	2	
1165	1	92	3	69	8	1	1	
1166	2	18	4	25	8	2	1	
1167	1	13	4	1	74	1	1	
1168	3	8	1	1	11	1	2	
1169	5	25	2	1	22	1	1	
1170	1	8	6	8	1	2	1	
1171	1	2	2	1	13	2	1	
1172	2	10	1	4	5	2	2	
1173	6	10	2	1	11	2	1	
1174	2	8	4	4	75	1	2	
1175	43	7	2	1	1	1	1	
1176	4	73	2	1	13	35	1	
1177	1	30	7	19	76	36	1	
1178	6	9	1	1	77	1	1	
1179	6	2	6	70	11	1	2	
1180	6	93	6	1	5	1	2	
1181	4	94	1	44	1	5	1	
1182	5	2	2	22	11	1	2	
1183	5	7	7	1	3	1	1	
1184	3	7	7	2	11	1	1	
1185	5	10	4	1	7	1	1	
1186	2	8	6	1	6	2	2	
1187	5	18	2	1	2	2	1	
1188	5	2	2	1	7	1	2	
1189	1	7	2	1	11	1	2	
1190	4	7	3	44	13	1	2	
1191	5	19	2	8	11	3	1	
1192	1	2	2	2	8	1	1	
1193	1	7	4	1	7	1	1	
1194	1	2	2	1	3	1	2	
1195	5	2	3	1	13	1	2	
1196	1	2	2	1	13	1	1	
1197	1	6	1	1	13	2	1	
1198	3	13	2	4	11	1	2	
1199	2	2	1	23	7	1	1	
1200	7	3	2	62	11	2	1	
1201	5	7	2	22	5	1	2	
1202	5	3	2	1	5	2	1	
1203	1	13	2	8	1	1	1	
1204	5	7	2	1	11	2	1	
1205	2	13	2	22	11	1	2	
1206	1	20	1	2	11	1	1	
1207	3	2	1	1	11	1	2	
1208	1	7	2	8	7	2	1	
1209	4	6	1	1	11	2	2	
1210	1	57	3	1	11	2	2	
1211	3	13	2	4	7	1	1	
1212	4	13	2	23	7	1	2	
1213	6	8	2	1	11	4	2	
1214	6	13	2	1	11	1	1	
1215	2	8	2	1	11	1	2	
1216	1	9	4	1	1	23	2	
1217	1	19	2	1	1	1	5	
1218	3	8	1	4	7	1	2	
1219	4	2	2	1	11	5	2	
1220	2	9	2	1	7	2	5	
1221	1	9	1	1	5	3	1	
1222	3	13	2	1	5	1	2	
1223	4	2	1	1	11	1	1	
1224	5	11	2	1	7	3	1	
1225	8	6	2	1	11	3	1	
1226	2	13	3	1	13	2	1	
1227	4	13	2	4	14	1	2	
1228	4	14	3	4	11	2	1	
1229	3	10	2	24	1	1	1	
1230	9	13	25	1	8	3	1	
1231	1	7	2	1	15	3	2	
1232	7	9	2	4	37	1	2	
1233	1	6	2	4	7	1	2	
1234	1	60	2	36	3	1	2	
1235	2	2	4	1	3	1	1	
1236	4	8	2	25	8	1	5	
1237	1	47	2	22	3	2	1	
1238	5	13	4	2	7	1	1	
1239	5	7	3	8	5	1	1	
1240	5	6	2	1	8	1	1	
1241	1	7	2	1	3	2	1	
1242	5	3	3	4	1	1	1	
1243	5	13	4	4	1	1	2	
1244	1	6	2	4	33	3	1	
1245	2	3	11	1	3	1	1	
1246	1	6	2	1	7	1	1	
1247	2	7	2	4	11	1	2	
1248	1	26	2	1	7	1	2	
1249	38	9	1	1	7	6	2	
1250	1	21	4	1	3	2	1	
1251	5	7	4	23	8	1	2	
1252	2	7	2	4	8	2	1	
1253	5	3	2	23	36	1	1	
1254	4	7	1	20	47	1	2	
1255	1	2	2	2	3	1	1	
1256	7	25	2	1	7	1	2	
1257	1	2	1	8	16	1	1	
1258	1	21	4	1	18	1	1	
1259	1	60	3	1	18	1	1	
1260	1	2	4	1	23	1	1	
1261	1	2	2	2	1	1	1	
1262	1	2	4	4	7	1	2	
1263	1	2	4	1	3	1	1	
1264	5	2	4	23	11	1	2	
1265	2	2	1	2	11	1	2	
1266	1	2	3	1	3	2	1	
1267	1	2	2	1	8	2	2	
1268	5	2	1	4	3	1	1	
1269	1	2	4	1	20	1	2	
1270	1	2	4	2	3	1	2	
1271	5	2	1	4	1	2	1	
1272	5	2	4	23	13	2	2	
1273	1	2	1	1	5	1	2	
1274	1	2	2	4	11	1	1	
1275	1	2	4	2	2	2	2	
1276	1	2	1	1	8	1	1	
1277	19	2	11	1	3	1	2	
1278	4	2	4	23	19	1	2	
1279	7	2	2	4	1	1	2	
1280	2	2	2	36	3	1	2	
1281	4	2	1	23	1	3	2	
1282	1	2	2	8	14	1	1	
1283	2	2	2	2	13	2	2	
1284	1	2	4	1	1	2	1	
1285	7	2	4	1	13	3	2	
1286	1	2	2	20	1	1	2	
1287	1	2	2	22	14	1	2	
1288	5	2	1	1	69	1	1	
1289	1	2	5	4	1	2	2	
1290	1	14	1	1	10	1	1	
1291	1	43	2	1	1	1	2	
1292	3	9	2	1	7	1	2	
1293	3	20	2	1	5	1	1	
1294	1	57	3	32	11	5	2	
1295	4	24	4	20	14	2	2	
1296	4	31	1	2	1	2	2	
1297	1	8	1	1	11	1	2	
1298	1	3	2	1	11	1	2	
1299	4	2	3	2	5	1	2	
1300	3	2	11	4	7	1	1	
1301	5	7	2	1	7	1	1	
1302	4	95	2	1	1	1	2	
1303	2	2	2	1	1	1	5	
1304	11	13	1	23	1	2	2	
1305	5	9	1	2	7	4	1	
1306	6	19	2	1	11	5	2	
1307	5	8	2	2	13	1	2	
1308	7	10	2	1	26	1	2	
1309	1	8	1	2	11	1	2	
1310	1	9	1	23	11	1	2	
1311	44	2	3	2	7	2	1	
1312	1	24	1	1	5	4	1	
1313	2	7	3	19	7	37	1	
1314	1	11	5	1	5	4	2	
1315	45	2	3	2	7	2	1	
1316	7	24	2	1	1	38	1	
1317	5	18	2	4	1	1	2	
1318	4	2	1	1	7	5	2	
1319	4	10	2	1	11	5	2	
1320	4	13	1	2	1	2	2	
1321	6	13	1	20	1	2	2	
1322	46	2	2	2	7	1	1	
1323	2	13	4	2	11	1	1	
1324	3	9	1	2	1	2	24	
1325	3	96	1	2	1	2	1	
1326	4	11	4	2	1	1	1	
1327	5	9	4	1	5	1	1	
1328	2	9	3	1	1	2	2	
1329	4	31	4	2	1	1	2	
1330	2	2	2	2	11	2	2	
1331	1	8	2	4	13	1	2	
1332	11	25	1	1	1	1	1	
1333	11	25	1	1	1	1	2	
1334	3	10	2	4	11	2	2	
1335	1	13	1	1	11	5	2	
1336	7	71	2	1	1	1	1	
1337	7	9	4	1	1	2	1	
1338	5	9	4	1	1	2	1	
1339	5	9	4	1	1	1	1	
1340	2	10	1	1	1	1	2	
1341	3	9	2	1	14	1	2	
1342	1	8	1	1	8	2	1	
1343	1	7	7	2	11	2	1	
1344	2	2	2	1	20	2	2	
1345	1	6	1	1	15	2	1	
1346	3	97	2	1	1	1	1	
1347	1	10	2	1	1	1	1	
1348	5	2	2	1	8	1	2	
1349	4	13	1	23	3	2	2	
1350	1	6	4	1	3	1	1	
1351	1	7	1	1	6	5	1	
1352	1	13	2	2	1	1	2	
1353	5	18	2	2	2	1	1	
1354	2	2	4	1	8	1	1	
1355	1	2	1	1	36	1	2	
1356	5	6	1	1	8	4	2	
1357	1	29	2	1	11	1	1	
1358	2	6	1	4	11	1	2	
1359	4	13	1	1	1	1	2	
1360	1	21	2	1	23	1	1	
1361	1	2	1	1	3	2	1	
1362	2	37	1	1	13	1	2	
1363	1	24	2	1	11	1	2	
1364	1	71	2	1	14	1	1	
1365	1	26	4	2	7	12	1	
1366	4	7	2	1	6	3	5	
1367	10	2	2	1	7	2	1	
1368	1	2	1	1	1	1	1	
1369	1	8	2	22	2	1	2	
1370	5	8	4	1	1	1	1	
1371	9	2	1	1	8	2	2	
1372	5	25	4	1	1	1	1	
1373	1	25	1	1	3	1	1	
1374	3	7	2	1	3	1	2	
1375	1	7	1	2	13	4	2	
1376	3	2	2	1	2	5	2	
1377	5	2	2	2	36	1	1	
1378	5	7	2	4	11	1	2	
1379	1	21	1	1	23	1	2	
1380	1	9	2	1	16	5	1	
1381	1	13	2	1	13	4	2	
1382	1	24	1	1	11	1	1	
1383	3	9	1	1	11	1	5	
1384	1	57	3	32	3	2	2	
1385	1	13	1	1	1	5	1	
1386	2	9	3	1	20	2	2	
1387	5	2	4	22	1	1	2	
1388	11	2	2	1	1	1	1	
1389	3	8	4	1	11	2	2	
1390	2	8	2	2	11	1	2	
1391	1	7	2	22	8	1	2	
1392	4	21	4	1	11	1	1	
1393	1	7	1	1	16	2	2	
1394	2	10	3	1	1	2	2	
1395	5	7	4	1	2	1	1	
1396	2	2	2	1	11	2	1	
1397	1	9	4	1	7	1	1	
1398	7	7	2	1	11	1	2	
1399	5	8	1	4	11	1	1	
1400	1	9	4	2	33	2	2	
1401	3	13	4	1	11	1	2	
1402	5	2	1	1	1	1	2	
1403	3	9	4	1	1	2	2	
1404	7	8	3	1	1	1	2	
1405	1	9	1	1	11	1	1	
1406	1	9	2	1	7	2	2	
1407	5	2	2	57	11	2	1	
1408	1	13	2	2	8	1	2	
1409	1	2	2	4	1	2	2	
1410	1	2	1	2	11	1	2	
1411	1	7	2	1	8	2	1	
1412	3	2	2	8	1	1	2	
1413	47	26	2	1	7	1	2	
1414	1	13	2	71	1	1	1	
1415	4	9	2	8	1	1	1	
1416	3	7	2	1	9	1	2	
1417	1	57	1	32	11	2	2	
1418	4	32	1	1	11	1	1	
1419	4	14	1	1	5	1	2	
1420	4	2	2	1	11	1	1	
1421	23	76	2	1	11	39	2	
1422	2	7	1	1	14	2	2	
1423	11	7	1	1	9	1	5	
1424	11	7	2	1	11	40	2	
1425	48	7	1	72	11	1	1	
1426	6	7	27	20	6	1	2	
1427	6	2	2	23	11	5	2	
1428	4	7	2	20	8	1	1	
1429	1	13	1	1	7	2	1	
1430	4	13	1	1	1	2	2	
1431	1	57	3	32	11	2	2	
1432	5	8	1	2	21	2	2	
1433	3	8	2	1	5	5	2	
1434	2	6	1	1	1	1	2	
1435	6	2	2	1	7	1	2	
1436	3	8	1	4	7	10	2	
1437	3	7	6	1	74	2	2	
1438	3	21	2	1	11	1	2	
1439	1	2	2	1	74	4	2	
1440	2	2	2	1	9	1	1	
1441	4	3	2	8	5	1	2	
1442	3	2	6	23	14	5	2	
1443	1	98	2	1	10	1	1	
1444	2	9	1	22	1	4	2	
1445	2	9	2	4	59	2	2	
1446	4	31	1	1	1	2	2	
1447	5	7	28	2	19	5	2	
1448	12	7	3	1	7	4	2	
1449	4	7	1	23	1	2	1	
1450	17	32	2	1	13	4	1	
1451	6	13	2	4	11	2	2	
1452	6	2	4	1	7	2	2	
1453	3	13	2	1	14	1	1	
1454	5	7	3	1	11	2	2	
1455	31	9	1	1	13	5	2	
1456	6	19	2	4	11	1	2	
1457	1	2	3	1	5	2	1	
1458	1	9	3	1	6	1	2	
1459	4	13	2	8	1	1	1	
1460	5	7	7	2	78	41	1	
1461	4	2	2	20	7	2	2	
1462	8	9	2	1	11	4	1	
1463	3	26	1	22	14	1	2	
1464	1	13	2	1	19	1	2	
1465	2	7	2	1	11	3	2	
1466	2	7	2	1	11	1	1	
1467	4	8	1	2	6	1	2	
1468	1	24	2	1	7	3	1	
1469	5	3	3	1	5	1	1	
1470	3	2	2	1	7	1	1	
1471	4	8	2	1	25	1	1	
1472	5	19	2	22	11	2	2	
1473	5	7	1	4	8	1	2	
1474	6	6	2	1	5	1	2	
1475	4	6	2	1	11	1	2	
1476	6	6	1	1	11	1	2	
1477	4	13	2	1	7	1	1	
1478	3	2	3	4	7	1	2	
1479	12	2	2	1	11	1	2	
1480	4	2	2	1	7	1	2	
1481	4	6	2	23	3	1	1	
1482	11	14	2	1	7	2	2	
1483	2	21	4	2	23	1	1	
1484	5	8	2	4	52	2	2	
1485	2	9	4	1	1	4	2	
1486	4	21	2	1	1	1	2	
1487	5	2	1	1	11	4	2	
1488	5	99	2	1	5	1	2	
1489	1	57	1	32	7	2	2	
1490	7	9	3	1	1	1	1	
1491	4	2	2	1	1	1	1	
1492	4	24	3	1	11	4	2	
1493	49	13	4	1	11	1	2	
1494	5	9	2	1	5	1	1	
1495	2	24	2	1	5	1	2	
1496	1	43	1	73	7	1	2	
1497	7	8	2	4	2	1	1	
1498	50	13	1	1	1	2	1	
1499	2	21	1	1	7	1	2	
1500	2	24	1	1	11	2	5	
1501	2	9	2	1	13	2	2	
1502	6	2	2	2	1	1	2	
1503	4	7	1	23	1	1	2	
1504	10	3	2	44	7	2	1	
1505	2	6	1	1	14	4	1	
1506	4	32	4	1	1	5	1	
1507	35	21	1	53	7	1	2	
1508	2	2	2	20	11	1	1	
1509	4	24	2	1	14	5	1	
1510	51	7	4	4	10	1	2	
1511	35	2	5	1	5	1	1	
1512	2	2	2	8	7	1	1	
1513	4	100	2	1	11	1	1	
1514	4	3	1	23	24	5	2	
1515	1	2	2	33	3	1	1	
1516	5	8	4	4	1	1	1	
1517	5	3	4	1	5	1	2	
1518	5	2	2	1	79	2	2	
1519	1	24	1	4	1	2	1	
1520	5	47	1	4	3	2	1	
1521	4	7	2	20	19	1	1	
1522	4	7	5	20	19	1	1	
1523	5	2	4	4	6	1	2	
1524	1	18	2	4	3	1	2	
1525	43	20	1	33	13	1	1	
1526	1	7	2	8	16	2	1	
1527	2	2	3	1	11	1	1	
1528	1	47	1	1	8	3	2	
1529	3	2	1	1	8	1	2	
1530	12	2	2	2	1	1	1	
1531	1	10	4	1	1	1	1	
1532	2	9	2	1	1	2	2	
1533	3	9	4	1	8	2	2	
1534	2	9	4	1	20	2	2	
1535	2	9	2	1	20	2	2	
1536	2	31	3	1	1	1	1	
1537	2	31	2	20	1	2	1	
1538	2	2	1	1	13	2	2	
1539	12	9	2	2	11	3	2	
1540	2	31	2	1	2	2	1	
1541	2	11	2	1	1	2	1	
1542	1	7	1	1	11	1	1	
1543	1	10	2	1	13	1	2	
1544	3	9	3	1	1	2	1	
1545	2	31	2	1	1	31	1	
1546	2	2	1	1	23	1	2	
1547	1	10	4	1	11	1	1	
1548	2	21	1	1	11	24	2	
1549	1	2	1	1	23	2	1	
1550	43	2	2	1	1	1	1	
1551	1	7	4	1	11	5	1	
1552	1	7	1	1	13	1	2	
1553	5	8	2	1	1	1	2	
1554	2	9	3	1	23	31	1	
1555	2	11	3	1	11	31	1	
1556	3	9	4	1	13	1	2	
1557	2	10	3	1	1	31	2	
1558	2	13	1	1	1	1	2	
1559	3	2	2	1	1	2	1	
1560	5	13	1	1	8	1	2	
1561	2	6	3	1	1	4	2	
1562	2	47	2	1	1	1	2	
1563	1	9	4	1	20	5	1	
1564	2	9	2	1	11	2	1	
1565	2	7	3	1	1	2	1	
1566	1	70	4	1	16	1	1	
1567	2	11	2	1	1	2	15	
1568	3	9	29	1	11	2	2	
1569	1	101	2	1	13	2	2	
1570	1	9	1	74	13	1	1	
1571	52	70	7	1	80	42	1	
1572	1	11	4	75	5	1	1	
1573	5	2	4	4	1	1	1	
1574	7	2	1	4	19	1	1	
1575	2	31	2	2	1	2	1	
1576	1	7	2	4	13	2	2	
1577	4	70	15	46	24	1	13	
1578	7	11	2	1	13	2	2	
1579	7	13	2	1	13	5	2	
1580	2	7	2	1	13	2	1	
1581	4	70	15	46	11	2	13	
1582	4	70	15	46	11	23	2	
1583	4	70	15	46	13	2	13	
1584	1	6	3	36	3	1	1	
1585	3	7	4	4	23	2	1	
1586	2	9	2	1	13	23	1	
1587	5	11	2	1	2	1	1	
1588	3	9	4	2	11	2	1	
1589	1	7	1	1	13	5	2	
1590	4	13	2	2	41	1	2	
1591	7	7	4	23	13	2	2	
1592	3	7	2	1	7	5	1	
1593	1	9	1	1	13	5	1	
1594	1	11	2	60	5	3	2	
1595	1	9	1	25	1	1	5	
1596	2	13	1	1	20	1	2	
1597	2	2	1	1	8	1	2	
1598	2	7	2	1	1	1	1	
1599	3	70	1	1	8	4	1	
1600	1	9	2	1	20	1	2	
