ST	adk	fumC	gyrB	icd	mdh	recA
1	2	2	1	1	1	1
2	3	1	1	1	2	1
3	131	174	136	178	154	187
4	4	1	2	2	2	1
5	1	3	3	3	2	2
6	1	4	4	3	2	3
7	1	5	1	2	3	4
8	3	6	5	3	4	1
9	1	7	6	4	2	5
10	3	8	3	5	3	4
11	5	10	8	6	6	7
12	5	11	8	6	7	8
13	6	12	9	7	8	9
14	6	13	9	8	9	10
15	8	14	11	10	11	12
16	7	15	10	9	10	11
17	9	16	12	11	12	13
18	8	14	13	12	13	14
19	10	17	14	13	14	13
20	11	18	15	14	15	15
21	12	19	16	15	16	13
22	131	183	194	216	131	188
23	13	20	17	16	17	16
24	158	253	191	3	5	5
25	129	257	187	211	131	134
26	14	21	18	17	18	17
27	15	21	19	18	19	18
28	16	22	20	19	14	19
29	17	23	21	14	20	20
30	7	24	22	20	10	21
31	1	258	4	3	2	4
32	18	25	16	19	21	22
33	16	26	16	21	22	23
34	4	204	181	217	163	121
35	16	27	23	19	14	24
36	19	28	24	22	23	25
37	159	259	135	180	133	189
38	9	29	25	11	12	26
39	15	21	26	14	24	18
40	11	30	27	23	25	17
41	135	171	136	198	131	153
42	20	31	28	24	26	27
43	21	32	29	25	27	28
44	22	33	30	24	27	29
45	23	22	16	26	28	30
46	131	174	136	178	154	164
47	132	260	166	218	188	137
48	24	34	20	27	28	19
49	25	35	16	28	14	13
50	25	36	31	29	14	13
51	26	37	19	23	29	17
52	27	32	32	25	27	31
53	28	38	13	30	30	32
54	11	14	33	31	31	14
55	29	40	35	33	33	34
56	129	240	132	219	128	144
57	93	120	202	111	101	96
58	30	41	36	34	32	35
59	31	42	36	35	34	33
60	32	43	37	36	35	36
61	32	44	38	37	36	37
62	33	45	39	38	37	38
63	34	46	40	39	38	39
64	35	47	41	40	39	40
65	35	48	42	41	40	41
66	129	182	136	178	131	195
67	36	49	41	42	41	42
68	35	50	39	43	42	43
69	35	51	43	44	43	44
70	35	52	44	44	44	41
71	37	53	45	45	45	45
72	135	189	132	240	134	124
73	33	54	39	46	46	41
74	37	49	42	47	45	46
75	33	55	46	48	47	47
76	38	56	39	46	48	48
77	39	57	47	49	49	46
78	35	58	41	47	50	41
79	35	51	39	50	51	44
80	37	53	45	45	45	46
81	40	59	41	43	45	46
82	41	60	41	42	52	49
83	35	61	39	51	40	41
84	42	62	41	52	53	50
85	43	63	48	53	54	51
86	44	64	40	54	55	52
87	35	45	49	38	37	38
88	45	65	41	55	45	53
89	1	170	4	3	202	3
90	115	276	132	159	131	144
91	131	171	136	164	192	144
92	4	280	153	136	125	121
93	135	171	133	243	131	144
94	3	305	1	2	2	1
95	93	120	107	111	197	96
96	131	289	136	146	131	129
97	167	171	132	198	131	124
98	3	301	184	3	3	3
99	120	290	136	186	141	164
100	93	281	108	194	103	98
101	114	1	3	3	204	1
102	165	190	136	146	130	144
103	135	171	136	243	131	144
104	173	147	118	123	102	96
105	3	4	5	247	2	6
106	3	306	2	2	2	1
107	3	1	190	225	2	1
108	4	172	163	228	148	127
109	46	66	50	47	56	54
110	47	67	51	56	57	54
111	48	51	52	47	42	55
112	49	68	39	57	42	56
113	38	69	46	51	58	38
114	33	70	39	58	40	57
115	129	274	132	140	130	124
116	51	71	54	60	60	59
117	51	72	55	61	60	60
118	52	73	56	62	61	61
119	51	74	57	61	60	60
120	53	75	58	63	62	62
121	1	252	7	4	2	210
122	54	75	59	64	62	63
123	55	75	60	63	63	64
124	56	76	61	65	64	65
125	57	77	62	66	65	65
126	58	78	63	67	66	66
127	59	79	64	68	67	67
128	60	80	65	69	68	66
129	60	78	66	69	68	66
130	60	81	65	69	68	68
131	58	82	63	70	69	66
132	4	172	148	207	211	121
133	61	83	67	71	70	66
134	62	84	68	72	71	66
135	60	85	65	69	68	66
136	60	78	65	69	68	69
137	63	86	69	73	72	66
138	1	266	184	3	2	2
139	58	87	65	74	68	66
140	58	88	70	75	73	70
141	64	89	71	76	74	66
142	65	90	65	74	68	66
143	3	303	2	2	2	1
144	3	194	205	2	2	148
145	58	82	63	70	75	71
146	66	91	72	77	76	72
147	60	81	65	69	68	73
148	67	92	73	71	77	74
149	68	93	74	78	78	75
150	69	94	74	78	78	75
151	70	95	75	79	79	76
152	71	96	76	80	80	77
153	69	94	77	78	78	78
154	72	97	78	81	81	79
155	73	98	79	82	82	80
156	95	117	107	194	198	102
157	74	99	80	83	83	81
158	1	265	7	3	3	148
159	75	100	81	84	84	82
160	160	307	4	4	3	6
161	75	101	82	85	84	82
162	76	102	83	86	85	83
163	77	103	81	87	86	82
164	70	95	84	79	87	76
165	70	104	85	88	79	84
166	1	170	3	1	216	212
167	78	105	86	89	88	85
168	79	106	87	90	89	86
169	80	107	88	91	90	87
170	132	291	55	237	138	160
171	81	108	89	92	91	88
172	82	109	90	93	92	89
173	1	252	184	3	201	208
174	79	110	91	94	91	88
175	79	111	92	95	91	88
176	51	294	204	151	123	138
177	83	112	93	94	93	88
178	84	113	94	92	91	90
179	85	110	93	90	94	88
180	86	114	95	91	95	89
181	87	115	96	92	96	91
182	86	116	90	91	92	92
183	93	117	101	100	101	96
184	93	118	102	101	102	97
185	94	119	103	102	103	97
186	93	120	101	103	101	98
187	95	121	104	104	102	99
188	4	122	105	105	104	96
189	96	123	106	106	105	97
190	93	124	101	107	106	100
191	127	297	215	142	123	103
192	4	117	107	108	101	96
193	95	125	105	109	107	101
194	95	126	105	110	107	102
195	93	120	101	111	101	96
196	95	126	108	110	107	102
197	3	304	184	3	127	207
198	3	306	2	2	203	1
199	95	127	107	112	108	96
200	97	128	101	113	106	96
201	98	129	105	107	109	96
202	93	122	109	100	103	103
203	99	130	110	112	103	96
204	100	131	111	114	108	104
205	4	172	198	232	133	121
206	101	132	101	103	102	100
207	96	133	112	106	108	97
208	95	134	113	115	110	97
209	93	122	114	104	103	105
210	1	293	4	3	139	211
211	129	222	149	216	184	193
212	100	135	108	114	111	106
213	93	117	101	116	102	96
214	118	298	134	203	214	126
215	93	136	111	114	108	104
216	102	137	107	103	106	96
217	93	124	105	117	112	98
218	93	135	108	114	101	107
219	4	138	101	108	108	96
220	4	172	198	207	133	215
221	101	128	101	109	102	96
222	101	139	115	118	103	97
223	3	305	4	3	200	1
224	93	124	105	117	101	98
225	93	140	102	107	106	100
226	1	302	3	3	2	206
227	93	141	107	111	106	96
228	95	142	108	119	103	108
229	96	143	108	120	103	97
230	96	139	112	106	108	109
231	95	117	108	107	102	96
232	95	144	101	111	101	96
233	103	133	116	106	103	97
234	93	144	108	111	104	100
235	129	275	163	166	146	197
236	95	145	105	109	113	110
237	95	122	104	104	108	97
238	101	140	108	108	106	97
239	95	129	107	111	106	96
240	4	117	117	111	106	96
241	95	140	102	107	106	100
242	93	125	107	111	102	111
243	93	126	102	121	103	103
244	95	129	107	108	106	96
245	95	146	105	122	102	96
246	95	147	118	123	102	96
247	4	148	105	111	106	97
248	93	128	101	111	114	96
249	93	149	108	103	103	98
250	104	150	108	124	108	112
251	95	117	108	111	106	96
252	103	151	119	106	115	97
253	118	295	134	224	183	126
254	95	117	101	100	106	111
255	147	217	219	186	131	196
256	129	171	132	219	194	124
257	105	117	105	109	102	96
258	95	145	101	111	106	96
259	106	152	108	125	103	97
260	95	153	108	106	103	102
261	93	152	120	126	103	101
262	4	283	148	221	152	127
263	104	134	108	104	110	102
264	170	243	166	151	123	202
265	107	154	121	127	116	113
266	95	122	104	104	108	99
267	95	134	102	104	110	102
268	104	150	102	104	108	99
269	93	155	101	108	101	96
270	108	156	122	128	117	114
271	140	299	134	142	213	103
272	106	157	102	104	118	99
273	95	117	102	129	101	96
274	95	120	108	109	106	97
275	93	150	108	246	196	97
276	4	285	148	231	148	127
277	160	292	4	4	3	6
278	100	136	108	130	108	106
279	1	178	1	2	201	214
280	100	136	123	130	108	115
281	4	287	135	220	133	127
282	158	8	7	3	2	206
283	93	126	108	121	108	103
284	35	262	39	47	191	41
285	4	120	105	111	106	98
286	109	156	124	131	119	114
287	110	158	106	110	105	116
288	93	159	107	103	120	96
289	1	265	184	245	2	6
290	118	296	206	223	157	126
291	115	278	222	153	186	194
292	111	130	105	116	102	102
293	4	120	107	111	106	96
294	112	160	125	132	121	117
295	113	161	126	133	122	118
296	51	162	127	134	123	119
297	52	163	128	135	124	120
298	4	164	129	136	125	121
299	3	300	7	3	206	209
300	171	288	135	251	152	179
301	123	271	208	233	171	171
302	112	299	215	223	165	103
303	162	265	200	3	127	3
304	1	303	201	3	2	213
305	51	165	130	137	126	122
306	114	8	7	1	127	1
307	93	117	101	103	106	96
308	115	166	131	138	128	123
309	4	172	197	144	212	215
310	168	309	56	236	123	173
311	105	117	105	139	129	97
312	116	167	132	140	130	124
313	4	284	163	230	148	215
314	117	168	133	141	131	125
315	118	169	134	142	132	126
316	3	170	4	143	2	3
317	119	171	132	140	131	124
318	4	172	135	144	133	127
319	120	173	133	145	131	128
320	132	218	223	142	188	203
321	121	174	136	146	134	129
322	122	175	137	147	135	130
323	109	156	122	131	119	114
324	4	164	138	148	125	131
325	4	164	139	136	125	132
326	1	1	140	3	3	3
327	123	176	141	149	136	133
328	124	177	131	141	137	134
329	3	178	4	1	2	135
330	3	265	217	1	3	212
331	125	179	142	150	138	136
332	95	128	203	238	205	101
333	4	191	198	169	215	217
334	4	286	163	250	148	191
335	129	277	221	242	193	144
336	126	180	56	135	61	137
337	169	268	210	169	220	133
338	113	267	213	227	122	204
339	1	170	7	3	139	6
340	166	310	136	241	195	144
341	51	308	211	202	199	200
342	4	264	216	229	148	192
343	161	303	199	248	2	1
344	4	273	212	207	207	199
345	156	246	207	239	218	216
346	35	261	195	249	190	41
347	4	272	212	232	209	198
348	133	279	220	234	210	190
349	127	160	134	142	121	103
350	128	181	143	151	123	138
351	164	269	214	235	221	133
352	123	270	209	226	219	201
353	115	182	136	152	140	139
354	172	263	196	244	189	34
355	4	272	212	232	208	199
356	129	183	144	153	141	140
357	130	184	145	154	142	141
358	163	282	218	222	217	205
359	95	117	108	109	102	97
360	131	185	132	155	130	124
361	4	164	146	136	125	121
362	129	168	136	189	134	134
363	132	186	55	60	123	142
364	129	187	136	156	131	124
365	129	171	132	157	134	124
366	129	188	147	158	143	143
367	115	171	132	159	131	144
368	131	197	150	172	131	144
369	116	171	136	160	144	124
370	129	171	136	146	131	124
371	131	171	136	159	131	144
372	95	126	102	104	103	102
373	129	247	136	161	131	124
374	116	171	136	161	144	124
375	131	171	132	146	131	124
376	115	189	132	157	134	144
377	133	190	132	161	145	144
378	4	191	148	162	133	145
379	131	227	136	161	131	144
380	135	171	136	156	131	124
381	129	192	133	163	146	146
382	135	189	132	161	131	147
383	135	190	136	161	130	124
384	131	171	136	157	131	147
385	1	252	3	3	139	1
386	129	168	172	189	134	134
387	131	171	136	164	131	144
388	3	253	191	3	187	5
389	129	190	149	146	131	144
390	93	124	101	103	106	96
391	135	190	136	157	130	144
392	129	193	132	157	134	124
393	135	190	132	140	130	124
394	119	171	136	146	130	147
395	93	117	101	111	106	96
396	3	194	7	2	2	148
397	119	171	132	146	130	124
398	4	124	107	108	101	100
399	131	195	136	164	144	149
400	129	196	147	158	143	143
401	116	240	136	189	144	124
402	123	311	224	252	171	218
403	112	160	125	179	151	103
404	129	198	149	253	131	197
405	95	128	203	254	205	101
406	119	190	149	161	131	144
407	114	301	200	1	3	1
408	174	312	225	255	146	219
409	95	313	108	107	106	96
410	131	197	150	165	131	144
411	4	191	198	169	148	217
412	174	315	226	256	146	220
413	95	122	104	104	102	99
414	175	316	227	257	171	221
415	176	317	210	258	222	221
416	3	305	201	3	2	222
417	115	318	221	168	186	134
418	129	198	151	166	147	146
419	95	118	102	104	107	223
420	1	319	190	259	223	213
421	93	126	108	246	103	97
422	1	251	7	3	1	233
423	129	171	132	140	130	124
424	123	320	224	252	171	218
425	177	321	210	258	224	224
426	4	199	139	136	125	131
427	178	177	133	189	131	134
428	116	171	136	161	131	153
429	129	240	234	189	144	232
430	4	273	212	232	209	145
431	155	243	229	260	225	226
432	1	301	184	3	2	206
433	93	149	108	100	103	98
434	179	172	198	169	226	227
435	131	171	152	146	131	124
436	93	130	101	194	102	96
437	3	335	4	3	3	1
438	180	322	230	258	227	228
439	115	177	136	167	144	150
440	165	310	136	136	231	147
441	131	197	150	168	131	144
442	129	240	136	189	144	232
443	33	49	41	272	232	46
444	131	323	164	141	228	125
445	3	265	4	3	2	5
446	3	293	1	3	2	6
447	93	137	101	111	120	96
448	1	324	4	247	1	1
449	129	325	136	146	131	124
450	4	284	148	231	148	215
451	4	326	135	263	133	121
452	165	310	136	156	231	147
453	93	122	108	112	103	101
454	4	327	135	264	208	199
455	106	126	231	265	103	103
456	95	328	108	266	107	102
457	4	329	163	267	152	229
458	95	150	108	238	106	230
459	118	330	134	142	159	126
460	134	195	136	164	144	149
461	4	200	153	136	125	151
462	146	219	232	152	229	231
463	129	336	187	270	141	125
464	4	148	107	107	106	97
465	95	125	108	103	106	96
466	3	4	4	3	3	1
467	129	220	235	186	131	165
468	131	244	136	271	131	144
469	3	1	1	3	2	234
470	4	204	153	136	230	121
471	4	117	101	107	108	101
472	114	194	7	3	3	148
473	4	204	181	136	125	121
474	4	164	153	136	125	131
475	4	201	154	169	148	152
476	135	189	132	189	134	124
477	4	204	153	136	125	121
478	116	168	132	189	131	144
479	129	277	221	168	144	134
480	129	198	133	256	131	128
481	135	168	136	161	131	124
482	2	251	4	3	2	6
483	3	1	3	3	238	1
484	1	345	190	277	2	4
485	95	333	233	269	205	230
486	118	344	237	200	159	225
487	3	8	4	245	236	1
488	182	337	236	273	237	237
489	4	204	153	136	233	121
490	131	171	132	161	131	153
491	143	340	136	182	234	134
492	4	338	241	136	125	132
493	114	4	3	1	139	4
494	4	339	129	276	125	121
495	135	343	136	141	131	124
496	95	334	107	108	101	100
497	4	204	242	136	125	121
498	4	204	238	136	125	131
499	123	346	243	275	171	236
500	1	238	4	3	200	206
501	100	314	111	114	108	104
502	3	251	200	3	5	212
503	118	234	228	142	183	225
504	129	203	239	168	239	182
505	4	164	181	136	125	235
506	142	198	133	178	235	128
507	3	4	3	1	2	4
508	115	182	136	261	140	139
509	131	342	136	178	144	150
510	1	301	184	262	2	1
511	118	331	134	268	214	126
512	129	332	136	146	130	124
513	1	251	184	278	200	3
514	181	190	136	189	130	144
515	4	164	241	136	125	131
516	23	347	240	28	14	30
517	129	341	171	274	141	166
518	3	265	184	3	238	1
519	135	171	132	161	131	153
520	118	202	155	170	149	154
521	131	182	156	171	131	150
522	147	219	149	186	131	134
523	129	203	160	256	184	134
524	114	170	3	3	139	238
525	115	203	132	157	134	144
526	135	348	132	189	134	124
527	118	344	244	200	159	225
528	95	126	105	279	107	102
529	183	349	107	100	240	239
530	136	350	245	206	150	155
531	113	247	247	227	122	204
532	1	265	246	3	241	206
533	131	187	136	156	131	124
534	4	351	153	136	125	131
535	129	167	136	168	131	134
536	129	354	235	270	154	240
537	1	2	1	3	139	3
538	123	321	249	282	242	241
539	129	171	136	161	130	144
540	125	353	142	184	138	136
541	148	355	169	281	144	195
542	120	352	248	280	123	134
543	155	243	143	151	123	138
544	1	178	4	278	127	207
545	93	120	101	111	106	96
546	1	265	7	3	139	1
547	95	120	108	107	106	100
548	3	305	7	3	2	1
549	129	171	157	157	134	124
550	131	187	136	168	141	144
551	4	272	212	207	208	199
552	2	265	184	3	2	211
553	116	171	132	140	130	124
554	129	171	132	146	134	144
555	95	117	107	112	108	96
556	135	190	136	172	130	144
557	93	126	108	104	103	103
558	95	117	105	109	106	96
559	93	148	102	111	106	96
560	112	160	173	223	156	176
561	101	117	108	100	240	239
562	3	9	5	3	5	6
563	1	238	184	3	200	3
564	131	182	156	171	193	150
565	125	179	142	184	138	137
566	51	226	166	134	123	122
567	129	332	136	161	131	144
568	3	306	184	2	2	1
569	3	251	3	4	2	5
570	4	204	139	136	125	121
571	112	206	155	174	151	103
572	4	207	148	175	152	156
573	127	160	134	202	156	103
574	137	208	108	176	103	157
575	138	209	159	177	153	158
576	119	171	136	146	131	147
577	139	210	161	169	155	159
578	174	171	163	208	147	128
579	51	211	130	134	123	138
580	135	171	136	140	130	124
581	129	168	222	187	131	134
582	132	212	55	134	123	160
583	126	180	56	231	61	137
584	129	213	136	141	158	161
585	51	165	130	134	138	122
586	95	214	162	109	108	96
587	118	215	134	142	159	126
588	129	171	132	146	131	124
589	135	171	136	243	130	144
590	141	216	163	180	160	162
591	135	189	132	146	134	124
592	93	126	104	104	110	163
593	93	148	101	111	106	96
594	4	164	153	181	161	121
595	142	173	133	145	131	128
596	136	350	158	173	150	155
597	127	160	134	142	156	103
598	1	3	4	1	2	1
599	115	247	132	270	141	124
600	117	168	164	141	131	125
601	143	217	165	182	162	134
602	95	125	108	112	106	96
603	132	218	166	183	138	59
604	3	170	7	3	127	148
605	4	172	135	221	133	121
606	4	164	167	136	163	121
607	135	189	132	157	146	124
608	95	129	101	107	104	96
609	132	179	166	184	138	160
610	144	179	168	185	138	137
611	93	117	101	103	120	96
612	147	220	169	152	131	165
613	148	221	170	187	131	125
614	112	160	155	179	157	103
615	129	171	136	161	141	144
616	115	189	132	157	131	124
617	4	191	163	162	133	127
618	155	243	166	151	123	138
619	3	4	1	1	5	148
620	129	222	171	188	141	166
621	129	190	136	146	134	144
622	129	198	163	256	147	146
623	135	189	136	156	130	144
624	118	160	173	190	165	103
625	4	204	167	192	167	168
626	129	203	136	210	131	124
627	3	1	190	3	2	1
628	129	224	147	158	168	143
629	4	172	135	221	133	145
630	129	188	147	158	168	143
631	160	307	4	3	3	6
632	4	172	163	162	133	145
633	112	160	134	142	165	103
634	127	160	215	202	156	103
635	4	172	135	169	133	174
636	1	170	4	3	2	3
637	4	164	174	136	125	169
638	165	171	136	146	130	144
639	129	190	132	161	130	144
640	115	247	136	161	131	124
641	129	171	136	219	128	153
642	1	3	3	1	2	1
643	1	335	4	3	2	3
644	115	275	176	161	131	124
645	122	167	137	147	135	130
646	95	134	104	115	110	102
647	4	172	135	169	133	227
648	112	160	175	193	169	170
649	3	253	191	3	5	5
650	93	130	108	194	103	96
651	135	171	132	164	130	124
652	112	160	134	174	151	103
653	103	225	119	195	170	97
654	51	226	166	134	123	138
655	93	120	101	113	106	96
656	146	219	136	186	164	164
657	95	117	101	106	106	96
658	95	117	102	111	106	96
659	101	120	108	116	109	96
660	4	172	198	169	133	145
661	101	120	108	107	109	96
662	118	296	244	200	157	126
663	4	326	163	221	133	174
664	95	153	105	112	103	97
665	95	117	108	100	106	111
666	95	117	105	111	106	96
667	4	172	135	232	211	121
668	4	172	135	232	152	121
669	105	126	102	123	101	96
670	93	122	108	194	103	101
671	149	223	141	191	166	167
672	95	146	108	103	101	96
673	93	137	101	107	106	100
674	150	177	136	167	144	150
675	95	328	108	110	107	102
676	2	2	1	1	2	1
677	4	334	101	194	106	111
678	1	258	4	278	200	3
679	131	227	176	146	131	144
680	123	228	177	196	171	171
681	4	164	138	136	125	121
682	1	252	184	3	3	4
683	129	229	135	197	172	172
684	132	308	55	202	182	60
685	122	167	133	147	135	130
686	122	167	133	167	154	130
687	3	335	7	247	5	1
688	51	226	178	134	123	138
689	51	226	179	134	123	138
690	140	299	134	142	165	103
691	51	255	192	134	123	122
692	128	243	143	151	225	202
693	2	301	191	3	3	1
694	95	117	101	123	106	96
695	93	122	108	100	108	97
696	95	117	102	107	106	111
697	51	243	166	151	123	138
698	51	211	130	134	123	122
699	127	160	215	142	121	103
700	116	168	136	189	131	124
701	112	160	215	190	165	103
702	132	308	166	60	199	60
703	4	239	185	175	133	179
704	1	170	3	3	2	148
705	100	136	108	130	108	115
706	115	310	132	157	131	144
707	155	243	166	151	123	202
708	129	171	136	168	134	124
709	115	247	133	161	131	124
710	2	9	7	3	5	3
711	3	4	5	3	2	6
712	151	160	134	190	121	103
713	135	197	132	198	131	153
714	4	207	135	225	133	227
715	131	227	136	155	131	124
716	136	230	158	173	173	155
717	131	171	136	146	130	144
718	93	122	105	105	174	96
719	52	163	128	199	61	173
720	4	204	138	136	161	121
721	118	231	155	200	175	126
722	121	171	136	146	134	129
723	1	1	4	3	5	206
724	4	232	180	144	133	174
725	3	265	4	278	200	3
726	152	233	163	201	176	175
727	93	120	107	111	106	96
728	1	1	3	3	127	1
729	118	215	134	142	157	126
730	127	160	134	202	156	176
731	4	204	139	136	125	131
732	4	204	181	192	161	177
733	118	215	155	203	157	126
734	153	234	182	204	177	126
735	51	256	193	184	123	160
736	3	1	4	3	3	186
737	154	235	183	205	178	178
738	3	1	3	1	127	1
739	4	236	108	100	179	98
740	136	237	158	206	180	155
741	1	238	184	1	181	3
742	98	129	107	107	106	96
743	93	349	102	109	106	96
744	132	179	55	202	182	60
745	1	1	4	3	139	1
746	93	117	101	100	120	96
747	95	120	107	111	106	96
748	95	117	117	111	101	111
749	95	126	203	269	110	101
750	3	305	190	2	2	148
751	95	328	105	110	107	102
752	121	227	176	172	131	124
753	93	137	107	103	106	96
754	114	4	7	245	139	1
755	131	168	136	188	144	150
756	2	4	184	1	2	3
757	129	336	132	161	131	182
758	115	171	132	146	130	144
759	116	189	132	240	134	124
760	116	171	136	168	131	124
761	135	171	132	189	134	124
762	115	171	132	157	134	124
763	131	197	150	141	131	144
764	129	168	136	241	134	144
765	129	227	179	156	131	144
766	129	190	136	241	134	144
767	129	168	172	189	134	129
768	146	219	136	188	229	231
769	129	290	132	146	130	144
770	3	8	184	1	2	212
771	95	117	102	111	103	102
772	93	149	101	100	103	98
773	3	2	3	3	238	148
774	93	120	101	123	101	96
775	5	11	8	6	7	7
776	129	275	133	270	146	128
777	131	171	132	146	130	124
778	135	171	132	161	131	144
779	93	120	108	111	108	96
780	129	171	132	210	131	124
781	4	239	185	207	133	179
782	116	240	136	160	144	124
783	115	277	171	168	186	125
784	136	350	158	206	150	155
785	146	336	132	161	131	182
786	93	126	108	112	103	101
787	1	301	6	4	2	5
788	112	215	134	203	183	126
789	129	171	163	208	147	128
790	93	136	108	114	111	115
791	115	241	186	209	184	140
792	1	293	4	3	2	211
793	132	212	55	184	182	160
794	4	172	163	169	133	121
795	129	171	136	146	130	147
796	116	171	132	161	131	144
797	112	160	134	190	165	103
798	93	120	108	111	106	96
799	93	349	105	106	107	96
800	95	117	101	123	101	96
801	129	171	136	210	131	124
802	115	171	132	146	134	144
803	1	252	184	3	2	1
804	165	310	136	241	231	147
805	1	252	4	3	2	1
806	160	4	7	4	3	6
807	129	242	187	211	131	134
808	37	68	41	58	46	57
809	155	243	166	151	123	180
810	93	144	107	111	101	96
811	115	244	188	212	128	181
812	129	187	136	210	131	124
813	120	245	133	213	131	182
814	3	265	7	3	2	1
815	115	244	188	212	185	181
816	2	265	7	4	3	148
817	93	126	108	121	103	103
818	116	168	136	189	131	144
819	156	246	145	214	142	183
820	119	190	136	189	130	144
821	157	247	132	161	131	124
822	127	248	155	142	156	103
823	131	222	235	164	141	231
824	115	249	189	168	186	184
825	129	198	163	166	147	146
826	55	75	58	63	63	62
827	1	265	4	278	2	3
828	46	67	41	47	57	54
829	95	117	105	108	106	96
830	25	34	23	29	28	30
831	42	62	41	52	53	41
832	1	8	184	1	3	206
833	112	160	134	190	156	176
834	3	1	4	225	2	206
835	93	120	101	111	114	96
836	3	194	4	3	3	4
837	4	356	198	250	133	227
838	115	402	133	410	131	125
839	142	539	133	145	131	128
840	223	265	344	1	2	1
841	147	244	235	186	141	265
842	168	180	179	62	256	120
843	4	117	108	108	106	111
844	51	582	262	61	182	60
845	93	122	101	111	106	96
846	3	545	190	259	2	1
847	132	291	262	60	138	142
848	127	160	215	380	156	103
849	132	423	314	202	384	262
850	95	144	101	111	295	100
851	168	404	56	439	61	173
852	116	240	179	160	144	124
853	112	160	134	142	121	269
854	4	488	424	169	152	391
855	200	299	155	223	151	103
856	86	451	394	332	296	290
857	70	459	279	368	355	264
858	247	592	366	390	31	293
859	271	448	384	418	302	393
860	7	589	10	9	10	11
861	51	562	430	202	123	119
862	118	531	134	351	285	126
863	128	607	166	151	123	138
864	184	473	402	312	343	13
865	4	164	153	181	161	382
866	113	267	379	307	122	346
867	51	71	428	60	60	59
868	269	561	328	417	284	261
869	127	160	134	399	156	103
870	294	481	163	264	368	358
871	132	72	179	202	188	59
872	4	485	163	144	374	255
873	267	521	254	151	123	138
874	75	382	179	87	84	312
875	96	548	106	336	108	97
876	93	117	101	108	106	96
877	113	267	247	227	122	204
878	131	197	136	168	131	144
879	93	122	108	119	108	105
880	146	219	235	141	407	134
881	1	250	190	3	2	148
882	1	251	3	4	2	5
883	3	252	190	3	2	135
884	131	182	136	471	131	150
885	51	254	166	151	123	185
886	294	496	135	489	215	358
887	51	255	192	215	123	160
888	132	256	193	184	123	160
889	1	251	4	4	127	186
890	136	205	158	173	150	155
891	131	174	160	178	154	134
892	140	160	134	142	156	103
893	4	164	153	136	125	121
894	145	179	142	184	138	136
895	35	66	41	51	40	331
896	131	227	136	155	131	144
897	93	608	102	486	404	421
898	93	608	108	486	405	422
899	282	160	336	380	121	103
900	96	548	106	106	108	97
901	4	232	163	230	133	279
902	255	593	307	465	397	354
903	136	555	158	173	150	412
904	123	447	411	427	365	224
905	4	551	167	192	167	168
906	131	171	136	157	398	147
907	118	445	134	142	280	387
908	41	49	355	426	291	404
909	30	438	332	354	34	401
910	77	382	81	84	84	312
911	5	494	8	6	7	303
912	21	486	431	25	273	291
913	45	357	41	42	320	331
914	58	426	438	67	69	286
915	191	528	218	408	402	396
916	51	226	435	134	123	138
917	30	570	34	34	34	33
918	207	303	420	3	216	208
919	114	4	3	1	139	214
920	4	367	135	385	148	192
921	95	155	101	431	106	96
922	4	551	181	192	161	177
923	4	172	198	342	215	302
924	113	267	179	169	122	204
925	51	575	166	458	256	294
926	205	599	344	297	5	1
927	51	442	166	215	123	336
928	286	595	274	343	321	322
929	114	403	4	3	2	4
930	95	576	105	109	107	101
931	188	492	102	353	371	330
932	190	397	312	202	353	262
933	2	4	184	1	2	258
934	116	240	136	488	144	124
935	129	189	150	161	131	124
936	129	566	136	457	131	140
937	118	215	155	200	157	344
938	127	160	155	380	156	103
939	208	442	166	134	123	138
940	1	301	4	278	127	207
941	112	609	134	142	408	103
942	4	172	372	374	152	402
943	224	384	375	361	378	268
944	255	593	326	465	397	354
945	4	172	163	169	306	121
946	272	14	437	440	31	18
947	115	568	222	153	289	194
948	287	259	251	169	133	179
949	129	446	136	468	131	240
950	3	574	4	3	3	4
951	123	360	208	233	171	221
952	132	611	223	202	188	137
953	93	365	122	340	119	114
954	4	273	261	232	209	198
955	244	471	166	487	123	122
956	95	612	107	474	106	96
957	113	267	317	315	351	380
958	11	508	367	373	281	284
959	193	212	55	134	123	160
960	127	160	134	380	156	103
961	95	134	113	104	110	102
962	116	240	136	160	144	403
963	260	285	429	263	133	373
964	4	431	198	411	347	246
965	131	446	235	306	131	150
966	131	168	222	187	131	335
967	129	275	132	168	130	124
968	4	204	329	136	163	121
969	131	419	136	146	131	129
970	190	483	389	202	182	262
971	146	222	171	274	376	368
972	127	248	155	380	156	103
973	100	613	108	114	111	104
974	4	201	135	136	332	245
975	306	619	317	227	409	321
976	118	469	264	268	410	103
977	96	158	265	106	103	424
978	51	490	166	215	356	406
979	232	620	391	485	308	175
980	4	435	139	136	125	132
981	225	398	166	184	138	160
982	96	133	266	118	103	97
983	167	171	132	198	131	263
984	4	479	135	370	325	317
985	135	332	132	168	130	244
986	238	267	317	133	122	360
987	112	556	179	223	390	387
988	146	416	133	164	145	128
989	292	305	184	3	2	3
990	4	496	148	169	373	257
991	127	160	134	142	156	313
992	129	342	179	168	376	147
993	260	449	198	232	133	174
994	4	191	269	403	215	121
995	132	610	271	490	123	137
996	129	171	179	477	131	124
997	155	370	166	151	123	138
998	299	191	300	169	262	145
999	4	394	280	231	133	127
1000	116	240	281	140	144	124
1001	4	279	356	288	210	372
1002	288	415	163	162	148	363
1003	4	497	148	169	215	302
1004	307	621	255	491	406	423
1005	3	545	198	407	2	1
1006	52	163	56	202	341	282
1007	3	194	434	3	2	340
1008	129	622	160	494	184	134
1009	115	568	222	153	186	194
1010	93	128	108	111	106	96
1011	129	168	172	189	392	134
1012	3	265	7	3	127	297
1013	4	601	148	144	379	279
1014	171	430	163	464	399	229
1015	131	187	136	165	130	147
1016	4	172	135	403	323	121
1017	112	556	179	436	390	387
1018	131	458	176	146	131	144
1019	127	474	134	142	156	103
1020	202	265	184	3	5	383
1021	133	571	356	234	210	281
1022	112	160	175	193	151	388
1023	294	172	368	250	368	358
1024	118	169	134	392	177	126
1025	3	303	1	442	2	1
1026	129	167	136	420	331	161
1027	1	4	1	297	3	206
1028	3	545	2	3	2	1
1029	118	469	155	200	177	126
1030	112	560	175	436	314	387
1031	4	477	154	169	133	215
1032	129	203	239	168	298	182
1033	232	605	321	432	270	175
1034	3	414	3	3	3	212
1035	112	299	134	142	165	103
1036	4	172	154	136	414	349
1037	129	171	132	344	131	410
1038	196	169	134	203	278	126
1039	2	251	4	324	2	6
1040	278	572	136	188	144	150
1041	4	407	163	175	133	374
1042	131	383	256	155	131	399
1043	155	370	179	151	123	138
1044	135	567	132	140	130	124
1045	4	412	129	276	125	121
1046	316	625	166	151	225	429
1047	95	624	107	111	106	96
1048	4	117	108	108	385	96
1049	118	469	155	496	177	126
1050	4	207	135	497	374	179
1051	152	605	285	394	236	305
1052	93	149	108	100	415	98
1053	218	439	354	295	245	339
1054	4	172	154	169	381	174
1055	290	422	13	369	30	32
1056	155	180	179	135	123	120
1057	4	172	163	231	215	382
1058	212	463	313	425	263	295
1059	314	126	102	119	416	97
1060	4	598	163	338	148	189
1061	152	506	403	201	391	267
1062	4	172	163	318	133	279
1063	127	505	155	142	121	103
1064	249	534	285	483	176	175
1065	228	360	334	376	171	228
1066	206	446	222	152	131	240
1067	95	128	108	265	103	103
1068	118	298	134	142	157	343
1069	315	172	287	498	133	145
1070	4	424	135	144	133	127
1071	4	391	135	221	133	302
1072	206	446	222	358	131	240
1073	2	335	344	1	3	1
1074	121	171	136	341	130	124
1075	294	172	163	169	368	358
1076	294	496	135	180	215	358
1077	3	393	191	3	139	283
1078	129	629	166	298	154	164
1079	133	279	185	308	210	252
1080	266	632	290	506	423	34
1081	266	633	297	507	425	34
1082	209	172	135	470	268	189
1083	318	218	223	508	188	137
1084	121	171	132	341	134	124
1085	93	392	361	340	117	249
1086	266	515	252	371	253	34
1087	118	298	316	200	159	225
1088	132	291	262	202	182	60
1089	115	203	132	157	134	400
1090	3	301	184	1	2	1
1091	3	305	7	3	426	1
1092	93	491	108	112	108	432
1093	155	634	166	151	123	138
1094	246	593	257	465	338	314
1095	219	381	431	456	27	405
1096	95	117	108	269	205	101
1097	4	191	148	317	262	145
1098	293	513	335	232	324	301
1099	4	164	153	320	161	121
1100	235	215	134	142	159	126
1101	25	17	331	13	14	278
1102	25	17	371	13	16	23
1103	23	376	23	450	400	13
1104	16	386	23	13	14	419
1105	246	390	326	377	338	384
1106	294	172	282	250	368	358
1107	3	335	7	3	216	148
1108	155	370	166	151	123	180
1109	45	357	42	47	258	408
1110	4	172	198	169	133	349
1111	142	635	133	509	131	128
1112	152	534	321	479	308	175
1113	115	244	133	208	146	197
1114	155	636	330	151	123	122
1115	278	637	136	306	145	240
1116	285	179	373	433	138	292
1117	118	298	134	203	165	126
1118	152	569	285	466	308	175
1119	213	400	299	169	293	361
1120	95	144	102	103	106	96
1121	4	172	135	329	148	121
1122	95	328	105	110	107	259
1123	131	197	150	172	249	144
1124	93	559	101	116	102	96
1125	1	359	184	3	3	206
1126	93	120	101	437	106	96
1127	152	638	305	485	236	175
1128	152	605	321	262	236	305
1129	152	605	285	262	391	175
1130	232	464	285	424	176	175
1131	93	142	266	510	107	433
1132	93	590	105	309	246	306
1133	4	204	253	136	163	121
1134	95	122	104	104	103	243
1135	152	534	321	387	248	175
1136	213	400	301	231	389	361
1137	152	639	163	479	176	305
1138	112	520	134	223	156	103
1139	265	491	102	104	108	103
1140	95	117	107	474	106	96
1141	1	425	4	278	200	4
1142	113	267	317	315	351	321
1143	232	605	285	480	357	175
1144	95	371	108	100	110	97
1145	127	160	336	380	156	103
1146	95	117	101	431	106	96
1147	132	471	55	134	123	59
1148	95	328	105	110	107	97
1149	140	520	134	190	151	103
1150	152	366	369	337	176	175
1151	93	358	396	285	283	320
1152	229	120	101	109	106	97
1153	95	117	105	431	106	100
1154	93	518	108	103	103	98
1155	180	360	210	359	171	228
1156	239	259	163	228	148	156
1157	3	335	7	3	216	212
1160	51	600	330	330	123	138
1161	123	444	296	322	171	224
1164	4	128	101	445	114	97
1165	127	505	134	380	156	103
1168	3	2	3	3	238	398
1169	282	547	336	380	156	103
1170	152	594	391	113	308	175
1171	118	298	134	200	285	126
1172	156	519	145	320	300	183
1173	1	4	3	412	297	4
1174	123	536	347	196	171	133
1175	4	172	135	225	133	302
1176	51	226	166	330	123	300
1178	152	605	403	113	248	175
1179	93	590	105	285	246	306
1180	127	160	215	142	328	103
1181	220	267	358	447	122	380
1183	4	172	163	464	399	229
1185	93	420	105	401	246	306
1189	127	564	134	142	363	103
1190	3	574	3	1	2	206
1191	282	160	134	287	156	103
1194	93	590	363	293	299	306
1195	4	509	102	316	337	96
1196	152	534	163	262	308	175
1197	113	267	379	444	122	380
1198	127	248	352	391	156	103
1199	95	117	105	109	102	96
1201	4	117	105	434	106	96
1202	95	117	108	108	385	97
1203	127	160	173	380	156	103
1206	152	506	321	334	308	175
1211	4	598	135	169	133	127
1212	35	462	39	38	37	38
1213	270	49	44	321	46	413
1214	112	372	399	142	156	103
1215	132	455	376	60	60	369
1216	131	290	136	471	131	150
1217	127	248	134	380	157	103
1218	222	360	209	438	242	221
1219	112	443	155	469	121	387
1221	127	248	179	380	156	103
1222	35	517	41	52	359	41
1231	267	575	55	202	182	138
1232	3	8	353	360	127	329
1233	261	298	134	203	157	343
1243	115	177	136	167	144	334
1244	267	468	56	62	61	138
1245	112	443	134	328	121	103
1246	193	498	55	134	188	160
1247	112	469	134	362	157	126
1248	118	298	134	142	214	387
1249	142	493	133	145	131	128
1250	118	215	134	296	366	344
1251	243	329	338	421	309	350
1252	51	226	166	134	266	138
1253	35	462	39	51	40	41
1255	291	478	416	326	317	76
1256	132	377	54	60	138	326
1257	132	436	223	296	188	203
1259	227	291	55	237	138	160
1262	214	401	42	46	191	289
1263	295	49	41	42	354	46
1264	118	295	134	296	288	126
1265	200	160	414	142	121	103
1266	231	382	427	310	275	82
1267	152	506	163	479	391	348
1268	118	543	155	142	157	126
1269	140	299	125	380	121	387
1270	84	453	309	92	361	91
1275	152	233	285	394	176	175
1276	118	543	134	142	280	387
1280	155	370	166	311	123	202
1281	155	370	166	151	123	202
1282	4	164	253	384	125	121
1288	112	243	179	404	123	138
1289	112	160	215	223	165	414
1290	112	243	273	151	371	282
1291	305	160	134	174	165	387
1292	244	163	390	330	316	138
1293	51	526	166	151	188	138
1294	136	507	158	173	150	155
1296	129	171	133	331	130	144
1297	250	160	173	328	165	117
1298	3	1	420	407	2	4
1299	236	1	294	352	2	4
1302	303	160	155	179	157	103
1303	95	122	108	112	108	105
1304	198	204	181	136	272	333
1305	52	163	343	62	123	61
1306	261	160	215	223	339	117
1309	112	537	155	415	151	376
1311	131	374	136	155	131	367
1312	273	520	155	223	151	387
1315	4	164	138	148	125	347
1316	4	476	153	136	125	131
1318	4	164	412	136	125	131
1320	93	134	113	104	103	277
1324	132	455	262	60	261	369
1325	33	577	42	47	42	41
1327	146	544	179	161	131	195
1328	51	179	55	60	182	292
1329	118	344	182	435	157	126
1330	46	67	51	429	57	54
1331	142	501	136	161	131	266
1332	302	173	132	367	141	400
1333	302	433	133	145	131	128
1334	142	544	133	145	131	128
1335	115	465	136	356	131	395
1336	142	173	133	145	131	318
1337	115	493	133	290	131	394
1338	11	467	19	14	330	17
1339	264	160	341	391	165	103
1340	113	409	310	133	394	321
1341	51	72	55	60	138	369
1342	1	4	184	245	2	251
1343	129	171	136	146	395	147
1344	95	122	108	238	107	337
1345	40	49	41	42	244	46
1347	41	53	41	414	56	386
1349	123	321	230	376	365	224
1350	120	177	136	167	144	240
1352	115	171	132	372	131	144
1355	112	452	283	301	151	103
1361	4	596	198	169	148	217
1363	112	160	215	223	165	387
1365	35	512	41	350	56	304
1366	263	171	136	146	134	129
1367	112	160	392	193	390	103
1369	276	49	42	365	254	49
1371	112	432	173	223	121	415
1372	4	378	135	250	148	227
1374	132	408	262	202	182	60
1379	115	193	132	372	131	144
1386	132	291	419	202	138	60
1388	4	511	148	381	211	365
1389	93	130	108	194	103	308
1390	147	487	133	155	367	165
1398	135	361	132	477	131	144
1399	3	301	191	3	3	283
1402	1	7	3	302	236	233
1406	174	315	225	256	398	220
1409	4	496	135	231	133	121
1410	148	544	136	325	377	134
1412	240	159	108	474	102	111
1413	193	398	54	202	138	59
1414	93	417	108	443	103	98
1415	3	6	5	3	329	6
1416	95	603	236	112	108	97
1417	241	370	385	151	123	202
1419	165	310	136	241	231	315
1422	174	315	179	255	131	220
1424	152	594	179	201	176	175
1425	118	565	155	142	175	343
1426	129	168	187	463	141	134
1428	3	305	1	3	344	206
1430	95	117	101	402	108	111
1432	3	4	4	1	287	328
1434	93	126	108	121	312	103
1435	4	284	179	230	148	215
1436	250	502	134	174	121	103
1437	95	461	108	112	326	96
1438	230	394	148	452	133	121
1439	93	523	105	431	106	96
1440	51	546	127	134	123	119
1441	147	244	235	409	141	265
1443	3	301	184	3	139	327
1444	146	188	179	140	144	193
1445	51	582	54	419	60	60
1446	129	355	169	178	131	140
1447	131	487	133	155	367	165
1448	298	344	244	296	393	343
1449	259	167	136	420	251	161
1450	129	499	136	187	286	351
1451	123	444	210	446	265	221
1452	205	4	7	3	3	1
1456	196	169	134	203	334	126
1457	129	182	136	471	141	134
1458	262	219	194	428	239	265
1459	118	295	134	449	183	126
1461	131	413	235	306	131	240
1462	47	49	42	365	349	49
1463	129	190	136	146	382	144
1467	112	160	273	436	390	323
1468	131	354	219	216	141	240
1469	196	215	155	142	149	343
1475	112	387	303	436	390	341
1479	116	553	136	172	141	124
1480	129	198	179	166	147	146
1483	304	49	195	43	45	46
1484	35	364	41	57	264	362
1486	115	586	339	294	257	150
1487	115	579	136	157	131	144
1488	129	171	132	355	131	240
1490	127	556	259	436	169	103
1491	221	556	392	436	390	357
1493	129	171	179	256	130	134
1494	41	49	398	43	45	46
1497	100	277	136	388	358	345
1498	221	556	359	142	169	388
1499	216	160	215	142	165	103
1500	33	516	42	448	313	46
1502	11	418	270	314	18	18
1505	115	187	179	155	392	134
1506	55	75	59	64	342	342
1507	303	160	215	179	335	103
1509	112	524	308	203	157	126
1512	4	430	135	364	399	229
1513	95	126	108	194	108	414
1514	248	117	101	100	102	101
1516	129	587	136	146	131	124
1517	112	243	272	151	123	138
1519	267	254	166	134	123	336
1523	100	173	136	388	247	345
1524	156	223	145	467	136	183
1525	4	273	327	207	207	199
1527	4	201	292	136	336	145
1529	128	454	166	151	123	202
1530	289	389	277	291	304	377
1531	168	163	179	62	360	138
1532	274	105	86	89	276	85
1533	86	114	90	406	92	89
1535	93	134	113	115	108	277
1537	204	410	425	393	79	359
1538	203	606	275	363	346	417
1542	93	549	101	103	106	96
1543	4	164	153	181	272	121
1545	4	424	135	144	133	260
1548	207	440	420	248	216	6
1549	131	369	150	141	131	144
1551	93	368	107	111	106	96
1552	116	240	136	160	340	124
1553	3	574	198	407	2	1
1554	37	411	41	429	244	41
1555	132	538	223	202	188	137
1556	3	1	2	3	2	1
1557	129	177	166	298	154	164
1558	37	51	44	56	43	413
1559	51	442	166	134	123	336
1560	4	172	163	230	327	227
1561	4	191	148	232	148	382
1562	11	434	21	422	25	298
1563	214	475	50	286	294	256
1568	112	556	175	436	352	341
1573	220	267	317	383	122	346
1574	226	162	166	404	360	122
1575	3	4	344	1	269	6
1576	254	597	342	430	362	280
1579	123	270	400	322	171	353
1581	51	291	55	202	319	59
1582	215	99	320	357	83	356
1583	4	394	214	231	148	217
1584	118	591	134	296	149	225
1586	93	514	122	340	117	253
1587	105	117	105	474	106	111
1588	93	120	101	111	401	96
1589	129	402	136	396	144	134
1590	95	126	179	110	107	102
1591	95	550	108	106	108	288
1592	1	265	184	3	2	258
1594	95	406	108	254	205	101
1596	129	552	136	153	141	172
1597	93	495	108	254	403	389
1598	51	73	56	346	388	392
1599	123	482	210	233	242	228
1600	93	602	382	128	117	253
1601	4	430	135	464	399	229
1605	93	417	113	334	106	96
1607	112	387	179	142	165	387
1608	275	533	233	292	129	97
1611	283	530	381	335	123	385
1612	201	527	378	363	350	418
1613	4	284	135	169	152	397
1614	95	540	108	442	106	242
1621	35	49	39	429	191	46
1624	282	160	134	380	156	103
1625	93	132	101	445	267	97
1628	95	120	101	109	106	97
1629	190	423	389	202	384	262
1630	252	392	382	131	119	253
1631	51	575	166	366	138	122
1633	132	408	55	60	123	142
1636	258	471	166	215	123	122
1643	95	588	102	129	101	96
1649	131	428	136	146	131	124
1650	234	457	349	451	27	21
1651	195	604	258	323	27	11
1653	234	15	29	456	277	21
1655	7	396	349	451	27	21
1656	210	585	302	405	383	296
1657	70	388	279	405	355	84
1658	95	122	104	104	103	416
1659	229	120	101	111	375	96
1660	93	144	101	103	114	96
1661	193	377	54	202	138	60
1662	52	163	128	199	360	173
1664	4	551	153	136	230	121
1665	186	126	102	112	396	287
1666	129	363	235	347	259	172
1669	192	544	136	348	131	130
1670	35	500	39	51	292	45
1671	95	117	108	108	385	96
1672	241	308	262	60	138	271
1673	242	542	268	416	307	359
1675	93	504	435	291	243	377
1676	299	191	148	395	152	270
1677	305	160	173	142	157	103
1678	279	295	134	142	159	344
1679	74	535	436	476	83	78
1680	237	503	416	284	372	359
1681	118	169	134	142	132	388
1682	95	146	304	475	101	96
1683	95	146	304	454	101	96
1686	253	578	315	462	322	366
1687	284	112	260	389	91	88
1688	211	480	370	300	322	371
1690	21	584	364	456	277	375
1691	233	11	8	6	7	8
1692	38	395	39	57	364	41
1695	93	450	291	265	103	287
1698	93	156	122	340	117	407
1700	257	589	386	305	380	420
1701	30	380	293	34	369	254
1702	187	437	325	34	315	307
1704	5	11	8	6	303	7
1705	43	541	413	460	318	332
1706	199	489	9	375	333	309
1707	185	580	418	398	10	325
1708	27	472	431	461	301	272
1709	25	17	16	459	14	13
1710	251	470	406	339	279	274
1711	5	456	8	289	7	316
1712	234	457	349	323	27	11
1713	5	558	284	6	7	7
1714	6	13	409	8	8	10
1715	197	563	80	379	348	356
1716	5	573	8	6	7	8
1718	35	529	46	397	42	413
1719	199	362	401	400	250	309
1720	301	421	166	202	123	137
1721	60	399	65	69	68	66
1722	132	291	337	478	182	59
1723	256	15	439	327	10	325
1724	300	581	406	303	279	274
1728	6	13	9	319	8	10
1730	234	396	349	451	27	21
1731	277	143	108	106	108	97
1732	74	99	80	83	252	356
1733	33	49	39	42	260	46
1734	112	160	283	301	151	103
1735	42	466	39	57	359	41
1736	69	93	74	78	78	355
1737	5	373	8	6	303	7
1738	189	379	406	333	305	285
1740	42	484	395	56	45	41
1741	268	375	9	349	250	309
1743	35	66	39	423	191	311
1744	131	342	136	473	144	150
1745	70	388	360	405	307	379
1746	199	362	9	400	333	309
1748	234	15	349	451	27	21
1751	194	489	387	453	386	247
1752	217	532	41	56	40	338
1753	30	41	34	304	310	33
1755	296	14	311	30	11	14
1757	11	429	270	14	29	20
1761	189	581	179	303	279	274
1762	77	382	298	386	387	312
1765	6	13	409	319	8	273
1767	234	15	374	283	27	28
1768	1	301	179	278	2	4
1771	189	581	179	339	279	274
1772	199	362	9	400	250	309
1773	6	13	9	472	274	411
1776	234	405	250	313	27	275
1777	36	53	397	55	290	46
1782	31	583	426	34	310	276
1784	35	401	41	321	45	248
1785	297	494	8	6	7	7
1786	118	202	155	455	159	154
1788	70	542	377	413	79	324
1790	291	522	333	441	370	409
1791	185	557	364	484	27	378
1800	41	53	41	55	244	46
1801	204	460	279	378	355	319
1806	245	457	276	481	10	364
1817	281	510	362	327	255	370
1820	123	385	278	226	171	201
1821	267	218	166	215	123	138
1823	4	172	163	169	133	390
1825	51	308	428	60	138	59
1829	21	15	295	456	27	299
1831	3	545	4	3	123	1
1832	280	525	105	299	282	352
