ST	abcZ	bglA	cat	dapE	dat	ldh	lhkA	CC	Lineage
1	3	1	1	1	3	1	3	CC1	I
2	1	1	11	11	2	1	5	CC2	I
3	4	4	4	3	2	1	5	CC3	I
4	1	2	12	3	2	5	3	CC4	I
5	2	1	11	3	3	1	7	CC5	I
6	3	9	9	3	3	1	5	CC6	I
7	5	8	5	7	6	2	1	CC7	II
8	5	6	2	9	5	3	1	CC8	II
9	6	5	6	4	1	4	1	CC9	II
10	3	1	20	1	3	1	3	CC1	I
11	7	6	10	6	1	2	1	CC11	II
12	5	8	5	7	6	22	1	CC7	II
13	7	6	17	6	10	8	1	ST13	II
14	8	6	13	6	5	2	1	CC14	II
15	8	13	13	6	5	2	1	CC14	II
16	5	6	2	7	5	2	1	CC8	II
17	14	6	2	7	5	2	1	CC8	II
18	7	6	15	18	12	6	1	CC18	II
19	7	6	19	6	1	24	1	CC19	II
20	17	13	3	6	5	7	1	CC20	II
21	7	7	3	10	5	6	1	CC21	II
22	7	7	3	10	5	13	1	CC21	II
23	5	8	5	7	6	25	1	CC7	II
24	5	8	5	22	6	2	1	CC7	II
25	7	6	8	8	6	278	1	CC121	II
26	5	10	8	21	6	2	1	CC26	II
27	5	10	8	21	6	16	1	CC26	II
28	104	6	8	8	6	37	1	CC121	II
29	15	10	18	18	1	3	1	CC29	II
30	5	6	2	9	81	3	1	CC8	II
31	7	14	10	19	9	8	1	CC31	II
32	1	18	27	2	4	1	5	ST32	I
33	7	88	106	102	1	249	1	CC33	II
34	6	5	6	4	1	15	1	CC9	II
35	6	5	6	20	1	4	1	CC9	II
36	16	5	8	7	13	4	1	ST36	II
37	5	7	3	5	1	8	6	CC37	II
38	7	15	15	8	11	14	9	CC101	II
39	4	4	4	3	2	10	5	CC3	I
40	5	8	5	165	6	2	1	CC7	II
41	4	4	4	3	2	12	5	CC3	I
42	4	4	4	3	2	17	5	CC3	I
43	143	21	40	167	55	307	16	CC43	L. innocua
44	4	4	4	3	2	11	5	CC3	I
45	13	4	4	3	2	1	5	CC3	I
46	4	4	4	3	2	1	10	CC3	I
47	4	4	12	15	2	1	5	ST47	I
48	1	1	11	11	2	28	5	CC2	I
49	1	2	12	3	2	320	3	CC4	I
50	1	1	11	11	2	1	8	CC2	I
51	1	1	11	3	2	1	5	CC2	I
52	2	1	11	169	3	1	7	CC5	I
53	1	16	12	23	2	1	11	CC53	I
54	1	1	12	17	2	1	3	CC54	I
55	1	2	12	3	2	18	3	CC4	I
56	7	6	15	18	12	6	117	CC18	II
57	1	2	12	3	3	5	5	CC4	I
58	1	3	7	176	4	1	2	CC220	I
59	11	1	12	16	3	1	7	CC59	I
60	11	1	12	16	5	1	7	CC59	I
61	3	1	1	1	3	321	3	CC1	I
62	3	1	1	1	14	1	3	CC1	I
63	3	1	1	1	3	9	3	CC1	I
64	3	1	1	1	3	23	3	CC1	I
65	3	1	1	1	3	29	3	CC1	I
66	4	4	4	3	2	28	5	CC3	I
67	1	1	11	11	2	9	5	CC2	I
68	4	4	4	3	2	9	5	CC3	I
69	19	17	22	25	15	33	12	CC69	III
70	20	11	23	27	16	34	13	CC70	III
71	18	11	21	24	17	35	13	CC131	III
72	19	17	22	25	15	36	12	CC69	III
73	3	1	1	1	3	11	3	CC1	I
74	18	11	23	27	16	34	13	CC70	III
75	4	12	4	15	3	1	2	CC195	I
76	5	6	8	8	6	37	1	CC121	II
77	11	9	11	15	3	1	2	CC77	I
78	147	5	6	4	1	4	1	CC9	II
79	3	1	1	1	3	12	3	CC1	I
80	3	9	9	3	3	30	5	CC6	I
81	3	9	9	3	3	21	5	CC6	I
82	3	6	9	3	5	1	5	ST82	I
83	3	9	9	3	3	1	119	CC6	I
84	148	10	16	7	5	2	1	CC155	II
85	5	8	5	7	6	38	1	CC7	II
86	7	6	24	6	1	2	1	CC11	II
87	12	1	4	14	3	39	4	CC87	I
88	12	12	12	1	3	1	4	CC88	I
89	7	6	25	28	5	2	1	CC89	II
90	21	6	26	8	6	2	14	CC90	II
91	7	6	15	6	5	2	1	CC14	II
92	5	8	5	7	6	40	1	CC7	II
93	5	10	8	21	6	41	1	CC26	II
94	149	0	152	0	114	322	118	ST94	L. aquatica
95	3	18	27	3	4	9	5	CC315	I
96	3	18	27	3	4	43	5	CC315	I
97	7	6	15	18	12	44	1	CC18	II
98	5	8	5	7	6	45	1	CC7	II
99	5	8	5	182	6	2	1	CC7	II
100	1	1	11	11	2	46	5	CC2	I
101	7	15	15	8	6	14	9	CC101	II
102	3	18	27	3	4	11	5	CC315	I
103	7	15	15	8	6	47	9	CC101	II
104	3	1	1	1	18	48	3	CC1	I
105	5	8	5	7	6	49	1	CC7	II
106	5	8	5	7	6	50	1	CC7	II
107	5	8	5	7	6	41	1	CC7	II
108	7	6	8	8	6	51	1	CC121	II
109	7	15	15	8	6	52	9	CC101	II
110	6	5	28	4	1	4	1	CC9	II
111	5	8	5	7	6	53	1	CC7	II
112	7	15	15	8	6	54	9	CC101	II
113	7	15	15	8	6	55	9	CC101	II
114	7	15	15	8	6	56	9	CC101	II
115	6	5	6	4	1	57	1	CC9	II
116	5	8	5	7	6	58	1	CC7	II
117	4	4	4	3	2	59	5	CC3	I
118	1	2	12	3	2	60	3	CC4	I
119	3	1	1	1	18	61	3	CC1	I
120	5	6	2	29	5	3	1	CC8	II
121	7	6	8	8	6	37	1	CC121	II
122	6	5	6	4	1	62	1	CC9	II
123	6	5	6	4	1	63	1	CC9	II
124	23	5	10	30	6	6	1	CC124	II
125	1	2	12	3	2	64	3	CC4	I
126	5	8	5	7	6	65	15	CC7	II
127	133	120	137	164	95	323	101	CC127	L. ivanovii
128	1	2	12	3	2	67	3	CC4	I
129	90	24	155	189	117	244	66	ST129	L. welshimeri
130	19	17	22	25	15	68	12	CC69	III
131	18	11	21	24	17	31	13	CC131	III
132	25	20	30	32	20	20	16	CC132	L. innocua
133	26	21	30	33	21	69	17	CC133	L. innocua
134	3	1	1	34	3	11	3	CC1	I
135	27	22	31	24	22	70	13	ST135	III
136	19	17	22	25	15	71	12	CC69	III
137	1	9	11	11	3	1	5	ST137	I
138	6	5	6	4	1	72	1	CC9	II
139	152	21	33	190	45	19	16	ST139	L. innocua
140	28	23	33	35	23	74	16	CC140	L. innocua
141	7	10	16	7	5	75	1	CC155	II
142	7	6	19	6	1	76	1	CC19	II
143	7	15	15	8	6	77	9	CC101	II
144	22	11	21	24	17	31	13	CC131	III
145	1	1	11	11	2	12	5	CC2	I
146	1	2	12	3	2	78	3	CC4	I
147	1	24	12	23	2	1	11	CC53	I
148	19	17	34	25	15	79	12	CC69	III
149	7	15	15	8	6	80	9	CC101	II
150	3	1	1	1	18	81	3	CC1	I
151	3	1	1	1	18	9	3	CC1	I
152	25	20	30	32	20	82	16	CC132	L. innocua
153	5	8	5	36	6	22	1	CC7	II
154	17	1	3	6	5	7	1	CC20	II
155	7	10	16	7	5	2	1	CC155	II
156	12	12	12	1	3	10	4	CC88	I
157	29	25	35	37	24	83	1	ST157	III
158	5	8	5	7	6	84	1	CC7	II
159	7	6	32	18	12	6	1	CC18	II
160	7	6	15	6	5	85	1	CC14	II
161	24	19	29	31	6	66	1	ST161	II
162	154	136	157	191	118	327	120	ST162	L. marthii
163	162	137	86	196	56	219	124	ST163	L. seeligeri
164	163	138	165	197	64	335	125	ST164	L. seeligeri
165	1	2	166	3	2	5	3	CC4	I
166	1	1	12	17	2	11	3	CC54	I
167	7	14	10	19	9	91	1	CC31	II
168	164	82	155	199	128	244	126	ST168	L. welshimeri
169	7	52	8	6	1	41	1	CC412	II
170	1	2	12	3	2	5	127	CC4	I
171	1	1	11	201	2	1	5	CC2	I
172	1	1	11	11	2	336	5	CC2	I
173	7	49	19	6	1	24	129	CC19	II
174	166	4	4	3	2	1	5	CC3	I
175	3	9	9	3	130	1	5	CC6	I
176	7	6	8	8	131	37	1	CC121	II
177	5	10	17	20	1	26	1	CC177	II
178	3	9	9	3	3	1	131	CC6	I
179	3	9	9	3	3	1	132	CC6	I
180	168	10	17	20	1	26	1	CC177	II
181	3	1	1	1	3	1	133	CC1	I
182	11	1	4	3	3	1	4	CC379	I
183	1	51	11	202	2	5	5	CC183	I
184	167	10	8	4	5	4	1	ST184	II
185	7	139	10	19	9	8	1	CC31	II
186	7	14	10	19	9	337	1	CC31	II
187	7	14	10	19	9	153	1	CC31	II
188	169	140	169	203	132	338	134	ST188	L. innocua
189	15	10	66	18	1	3	135	CC29	II
190	3	9	9	3	3	1	136	CC6	I
191	11	1	36	2	3	1	7	CC191	I
192	11	9	11	15	85	1	2	CC77	I
193	7	14	37	6	1	27	1	CC193	II
194	3	18	27	3	4	1	5	CC315	I
195	11	12	4	15	3	1	2	CC195	I
196	7	14	10	6	1	27	1	CC193	II
197	5	7	3	40	1	8	6	CC37	II
198	17	26	3	6	5	7	1	CC20	II
199	9	10	15	6	8	26	1	CC199	II
200	5	10	8	20	1	7	1	CC200	II
201	19	17	22	25	15	79	12	CC69	III
202	19	17	22	25	15	73	12	CC69	III
203	32	11	38	27	25	34	20	CC203	III
204	5	7	6	4	5	4	1	CC204	II
205	1	2	12	3	2	86	3	CC4	I
206	8	6	15	6	5	2	1	CC14	II
207	7	27	10	41	5	2	1	CC207	II
208	1	1	11	11	2	4	5	CC2	I
209	6	28	6	4	1	4	1	CC9	II
210	6	5	39	4	1	32	1	ST210	II
211	7	6	3	6	5	2	1	CC14	II
212	3	1	14	12	2	1	3	ST212	I
213	1	1	9	13	2	5	5	ST213	I
214	10	1	4	14	3	39	4	CC87	I
215	3	9	9	3	3	11	5	CC6	I
216	3	1	11	1	3	1	3	CC1	I
217	1	9	1	3	7	5	3	CC217	I
218	3	1	1	16	7	1	4	CC218	I
219	1	2	9	1	2	5	3	CC4	I
220	1	3	7	2	4	1	2	CC220	I
221	11	3	4	15	3	1	2	CC195	I
222	21	6	15	8	6	2	14	CC90	II
223	33	5	6	4	1	4	1	CC9	II
224	11	3	12	38	3	94	2	CC224	I
225	4	4	4	3	2	95	5	CC3	I
226	7	10	17	6	1	96	1	ST226	II
227	5	8	5	7	26	2	1	CC7	II
228	4	4	4	3	2	97	5	CC3	I
229	5	29	8	21	1	87	1	CC229	II
230	5	10	15	6	8	26	1	CC199	II
231	5	8	5	7	6	88	1	CC7	II
232	5	6	2	29	5	89	1	CC8	II
233	34	12	11	43	3	1	2	CC288	I
234	5	7	3	5	1	91	6	CC37	II
235	4	4	4	3	2	1	22	CC3	I
236	7	6	8	8	19	37	1	CC121	II
237	7	10	16	7	5	92	1	CC155	II
238	7	7	3	10	5	93	1	CC21	II
239	7	10	16	7	5	16	1	CC155	II
240	2	1	1	17	2	1	3	CC240	I
241	11	1	12	16	3	1	21	CC59	I
242	1	2	12	3	2	98	3	CC4	I
243	3	1	1	42	3	1	3	CC1	I
244	1	1	11	11	2	99	5	CC2	I
245	1	1	11	11	2	29	5	CC2	I
246	1	1	11	11	2	100	5	CC2	I
247	35	1	11	11	2	11	5	CC2	I
248	3	1	1	1	3	90	3	CC1	I
249	3	18	27	3	4	1	23	CC315	I
250	3	18	27	3	4	48	23	CC315	I
251	1	2	12	3	2	5	5	CC4	I
252	3	1	1	1	3	101	3	CC1	I
253	3	18	27	3	4	30	23	CC315	I
254	3	9	9	3	3	102	5	CC6	I
255	3	1	1	44	3	103	3	ST255	I
256	3	1	1	1	3	104	3	CC1	I
257	1	1	11	11	2	30	5	CC2	I
258	3	1	1	1	3	105	3	CC1	I
259	1	1	11	11	2	59	5	CC2	I
260	5	15	10	8	11	14	9	ST260	II
261	37	30	41	46	27	107	24	ST261	III
262	38	31	42	47	28	108	25	CC262	III
263	39	32	35	48	29	109	26	ST263	III
264	40	30	42	49	30	110	27	ST264	III
265	41	33	43	50	31	111	28	ST265	III
266	42	34	44	51	16	112	29	ST266	III
267	40	30	42	52	32	113	25	CC267	III
268	43	35	45	53	33	114	30	CC268	III
269	41	36	46	54	34	115	28	CC269	III
270	5	6	19	6	1	24	1	CC19	II
271	7	10	17	20	1	26	1	CC177	II
272	1	1	11	11	2	116	5	CC2	I
273	4	4	49	3	2	1	5	CC3	I
274	11	12	4	15	3	9	2	CC195	I
275	7	6	8	8	6	117	1	CC121	II
276	1	1	11	11	2	118	5	CC2	I
277	1	38	11	11	2	1	5	CC2	I
278	3	1	1	1	3	30	3	CC1	I
279	1	9	12	56	2	1	3	ST279	I
280	4	4	4	57	2	9	5	CC3	I
281	4	4	4	57	2	1	5	CC3	I
282	11	1	12	16	3	9	7	CC59	I
283	9	10	15	6	8	119	1	CC199	II
284	1	9	12	17	2	28	5	CC284	I
285	11	1	12	16	3	120	32	CC59	I
286	11	1	12	16	3	1	32	CC59	I
287	4	4	4	3	2	90	5	CC3	I
288	34	39	11	15	3	1	2	CC288	I
289	5	6	2	9	5	121	1	CC8	II
290	1	1	11	11	2	11	5	CC2	I
291	1	1	11	11	2	10	5	CC2	I
292	57	6	2	29	5	3	1	CC8	II
295	4	39	11	60	3	1	2	CC288	I
296	12	12	12	61	3	1	4	CC88	I
297	5	42	5	7	6	2	1	CC7	II
298	45	1	1	1	3	1	3	CC1	I
299	22	33	21	24	17	31	13	CC131	III
300	7	5	8	4	6	37	1	CC475	II
301	6	10	6	7	1	4	1	ST301	II
302	6	10	16	7	5	2	1	CC155	II
303	6	8	5	7	6	41	1	CC7	II
304	7	5	6	4	1	62	1	CC9	II
305	6	1	4	14	3	39	4	CC87	I
306	5	5	6	4	1	62	1	CC9	II
307	7	29	8	4	1	2	1	CC307	II
308	3	1	1	1	18	1	3	CC1	I
309	22	33	21	24	17	31	3	CC131	III
310	12	1	4	14	3	124	4	CC87	I
311	7	10	16	8	5	2	1	CC155	II
312	12	5	6	4	1	62	1	CC9	II
313	17	13	3	6	5	125	1	CC20	II
314	7	6	19	6	1	126	1	CC19	II
315	3	18	27	3	4	127	5	CC315	I
316	7	6	19	6	1	127	1	CC19	II
317	1	2	12	3	2	5	33	CC4	I
318	46	1	11	3	3	1	7	CC5	I
319	4	4	4	3	2	128	5	CC3	I
320	7	10	16	7	35	2	1	CC155	II
321	5	6	8	62	6	7	34	CC321	II
322	7	6	8	8	6	37	35	CC121	II
323	34	12	11	15	3	1	2	CC288	I
324	34	12	11	16	3	1	2	CC288	I
325	7	14	10	19	1	8	1	CC31	II
326	3	1	1	1	3	129	3	CC1	I
327	3	1	1	1	3	130	3	CC1	I
328	3	1	1	1	3	131	3	CC1	I
329	1	2	51	3	2	5	3	CC4	I
330	34	39	11	60	3	1	2	CC288	I
331	49	11	52	24	17	145	37	CC331	III
332	5	43	5	7	6	2	1	CC7	II
333	1	2	12	3	2	144	3	CC4	I
334	7	10	16	7	5	25	1	CC155	II
335	51	33	53	24	22	147	13	CC335	III
336	7	7	3	10	5	140	1	CC21	II
337	7	15	15	8	6	138	9	CC101	II
338	7	15	15	8	6	137	9	CC101	II
339	7	7	6	4	5	4	1	CC204	II
340	7	15	15	8	6	136	9	CC101	II
341	5	8	5	7	6	132	1	CC7	II
342	51	33	53	24	22	146	13	CC335	III
343	6	5	6	4	1	135	1	CC9	II
344	2	9	12	14	3	143	36	CC344	I
345	3	31	14	3	3	60	5	CC345	I
346	4	4	4	3	2	127	5	CC3	I
347	3	1	1	1	3	142	3	CC1	I
348	1	1	11	11	2	141	5	CC2	I
349	7	15	15	8	6	139	9	CC101	II
350	3	1	1	1	3	10	3	CC1	I
351	50	30	54	64	24	148	26	ST351	III
352	3	1	1	1	18	90	3	CC1	I
353	6	5	6	4	1	134	1	CC9	II
354	3	1	1	1	3	28	3	CC1	I
355	11	1	12	58	3	1	7	CC59	I
356	6	5	6	4	1	133	1	CC9	II
357	48	45	29	65	37	150	38	ST357	III
358	47	44	55	63	36	149	39	ST358	III
359	3	1	1	16	7	28	4	CC218	I
360	7	6	17	6	5	2	1	CC14	II
361	5	5	18	21	39	2	6	CC415	II
362	7	6	3	66	5	7	1	CC14	II
363	34	1	57	14	2	1	2	CC363	I
364	7	10	8	7	1	26	1	ST364	II
365	7	6	3	6	5	7	1	CC14	II
366	53	13	3	67	1	3	41	CC366	II
367	3	1	1	1	3	152	3	CC1	I
368	7	48	59	68	38	2	1	ST368	II
369	53	47	8	67	13	3	41	CC369	II
370	53	13	3	67	13	3	41	CC366	II
371	7	6	56	6	1	2	1	CC11	II
372	7	10	58	7	5	2	1	CC155	II
373	52	1	4	14	2	1	3	CC373	I
374	53	46	8	67	13	3	41	CC369	II
375	7	6	13	8	1	96	6	CC375	II
376	5	5	3	6	1	2	1	ST376	II
377	5	7	6	4	5	4	40	CC204	II
378	7	49	19	6	1	24	1	CC19	II
379	2	1	4	3	3	1	5	CC379	I
380	5	5	2	21	6	151	1	CC380	II
381	7	50	16	7	5	2	1	CC155	II
382	1	51	11	13	2	5	5	CC183	I
383	5	7	3	5	1	153	6	CC37	II
384	7	6	15	6	5	53	1	CC14	II
385	3	1	60	1	3	1	3	CC1	I
386	11	3	12	38	3	94	42	CC224	I
387	5	6	2	29	5	154	1	CC8	II
388	3	1	12	70	2	1	5	CC388	I
389	52	1	12	71	2	1	5	CC389	I
390	5	5	3	18	12	3	1	ST390	II
391	7	6	62	28	5	2	1	CC89	II
392	2	4	12	3	3	94	2	CC392	I
393	30	6	3	6	5	7	1	CC14	II
394	5	5	17	21	39	2	6	CC415	II
395	7	14	63	6	1	26	1	CC395	II
397	1	2	12	1	2	5	3	CC4	I
398	7	13	19	6	1	7	1	CC398	II
399	8	6	15	6	6	2	1	CC14	II
400	7	6	10	6	6	2	1	CC11	II
401	8	6	15	6	6	25	1	CC14	II
402	17	13	3	6	5	158	1	CC20	II
403	7	7	10	4	5	24	1	CC403	II
404	3	1	1	1	3	1	4	CC1	I
405	5	7	5	5	1	8	6	CC37	II
406	56	53	61	72	41	155	43	CC406	III
407	59	32	21	75	17	159	44	ST407	III
408	60	2	12	3	2	5	3	CC4	I
409	2	55	11	3	3	1	7	CC5	I
410	1	1	11	11	2	160	5	CC2	I
411	1	1	11	11	2	161	5	CC2	I
412	7	52	8	6	1	2	1	CC412	II
413	3	56	1	1	3	1	3	CC1	I
414	3	1	1	1	42	1	3	CC1	I
415	5	5	65	21	39	2	6	CC415	II
416	3	1	1	1	3	162	3	CC1	I
417	3	9	9	76	3	1	5	CC6	I
418	1	1	11	11	1	1	5	CC2	I
419	3	9	9	3	3	1	1	CC6	I
420	7	6	8	8	6	37	3	CC121	II
421	6	5	6	4	1	4	5	CC9	II
422	3	9	9	3	3	1	3	CC6	I
423	4	4	4	3	2	1	3	CC3	I
424	17	13	3	6	5	7	45	CC20	II
425	7	6	15	8	6	2	14	CC90	II
426	11	1	48	3	2	1	31	CC426	I
427	15	10	66	18	1	3	1	CC29	II
428	30	10	17	20	1	26	1	CC177	II
429	11	1	11	38	2	39	5	CC429	I
430	15	10	18	18	1	165	1	CC29	II
431	7	15	15	78	6	14	9	CC101	II
432	7	15	15	8	6	166	9	CC101	II
433	51	58	52	24	22	123	46	CC433	III
434	59	11	21	24	17	164	47	CC434	III
435	5	6	2	7	5	6	48	ST435	II
436	23	10	17	30	6	2	1	ST436	II
437	63	59	67	79	44	167	49	ST437	L. innocua
438	63	63	70	82	46	171	54	ST438	L. innocua
439	7	6	15	18	12	172	1	CC18	II
440	22	33	21	83	25	123	55	ST440	III
441	6	64	6	4	1	4	1	CC9	II
442	3	7	3	10	5	6	1	CC21	II
443	3	9	9	7	3	1	5	CC6	I
444	44	40	50	59	24	122	26	ST444	III
445	7	10	17	20	6	26	1	CC177	II
446	44	60	68	80	41	168	51	ST446	III
447	64	61	69	81	16	169	52	ST447	
448	65	62	40	33	45	170	53	CC448	L. innocua
449	3	1	1	1	18	28	3	CC1	I
450	58	41	53	73	16	156	50	CC450	III
451	7	5	10	21	1	4	1	CC451	II
452	61	5	17	30	6	6	1	CC452	II
453	62	57	2	77	43	163	1	ST453	III
454	1	1	11	11	2	90	5	CC2	I
455	3	1	12	3	2	94	5	ST455	I
456	3	1	1	1	3	127	3	CC1	I
457	3	1	1	1	3	120	3	CC1	I
458	1	1	11	11	2	120	5	CC2	I
459	69	10	16	7	5	2	1	CC155	II
460	1	1	12	17	2	12	3	CC54	I
461	5	8	5	7	6	85	1	CC7	II
462	1	1	71	11	2	173	5	ST462	I
463	66	33	72	84	32	159	56	ST463	III
464	3	1	1	1	3	1	57	CC1	I
465	3	18	27	3	4	174	5	CC315	I
466	5	10	15	85	5	7	1	ST466	II
467	67	65	29	63	36	178	39	ST467	III
468	3	1	1	1	3	175	3	CC1	I
469	19	17	22	25	15	176	12	CC69	III
470	68	1	1	1	3	1	3	CC1	I
471	17	13	3	6	5	177	1	CC20	II
473	32	11	38	27	47	34	20	CC203	III
474	36	21	33	86	20	180	58	ST474	L. innocua
475	7	66	8	87	6	181	1	CC475	II
476	4	4	4	3	2	182	5	CC3	I
477	6	5	6	4	1	183	1	CC9	II
478	6	5	6	4	1	184	1	CC9	II
479	5	8	5	7	6	185	1	CC7	II
480	7	15	15	6	1	2	1	ST480	II
481	7	6	15	18	12	186	1	CC18	II
482	3	31	14	3	3	5	5	CC345	I
483	30	8	5	7	6	2	1	CC7	II
484	3	1	1	1	3	187	3	CC1	I
485	70	67	73	88	23	188	60	ST485	L. innocua
486	15	10	66	18	1	189	1	CC29	II
487	17	13	3	6	5	190	1	CC20	II
488	71	68	74	48	27	191	50	ST488	III
489	11	9	12	3	3	1	4	CC489	I
490	3	18	27	3	4	28	5	CC315	I
491	1	9	12	17	2	1	5	CC284	I
492	36	21	40	45	48	179	61	CC492	L. innocua
493	72	21	75	35	49	192	16	CC493	L. innocua
494	1	1	11	11	2	193	5	CC2	I
495	3	1	1	1	3	194	3	CC1	I
496	4	4	4	3	2	131	5	CC3	I
497	73	5	6	4	1	4	1	CC9	II
498	7	6	15	18	12	195	1	CC18	II
499	4	4	4	3	50	1	5	CC3	I
500	4	4	4	3	2	30	5	CC3	I
501	5	10	8	21	6	196	1	CC26	II
502	3	1	1	1	3	141	3	CC1	I
503	1	1	11	11	2	197	5	CC2	I
504	7	66	8	87	6	37	1	CC475	II
505	18	11	21	89	17	35	13	CC131	III
506	1	3	48	90	3	1	4	CC506	I
507	7	6	15	6	5	41	1	CC14	II
508	7	13	19	6	1	198	1	CC398	II
509	74	69	76	91	51	199	24	ST509	III
510	6	5	6	4	1	200	1	CC9	II
511	5	8	5	7	6	2	62	CC7	II
512	75	70	77	92	27	201	63	ST512	III
513	7	13	19	6	1	202	1	CC398	II
514	7	5	3	18	1	7	1	ST514	II
515	3	1	1	39	3	1	3	CC1	I
516	7	15	15	8	6	203	9	CC101	II
517	11	3	4	26	3	1	4	CC517	I
518	7	6	17	18	6	6	1	ST518	II
519	5	8	5	7	6	16	1	CC7	II
520	3	18	27	3	4	106	23	CC315	I
521	8	6	15	6	6	16	1	CC14	II
522	17	13	3	6	5	204	1	CC20	II
523	58	32	78	73	16	205	64	ST523	III
524	76	71	79	93	52	206	50	ST524	III
525	77	4	4	3	2	1	5	CC3	I
527	78	23	80	94	45	69	65	ST527	L. innocua
529	25	73	82	96	45	211	67	CC529	L. innocua
530	28	62	40	97	45	214	53	ST530	L. innocua
531	1	2	12	98	2	5	3	CC4	I
532	79	21	83	33	45	213	17	CC532	L. innocua
533	80	74	85	99	53	208	69	CC542	L. innocua
534	9	6	15	6	8	26	1	CC199	II
536	26	21	30	33	55	69	17	CC133	L. innocua
537	28	21	84	97	20	218	68	CC537	L. innocua
538	80	74	85	99	53	209	69	CC542	L. innocua
539	80	74	85	99	53	212	69	CC542	L. innocua
540	79	21	83	33	45	215	17	CC532	L. innocua
541	80	74	85	99	53	216	69	CC542	L. innocua
542	80	74	85	99	53	207	69	CC542	L. innocua
544	1	2	12	3	2	220	3	CC4	I
545	7	6	15	6	5	84	1	CC14	II
546	82	4	87	3	2	1	5	ST546	I
547	3	18	27	3	4	221	5	CC315	I
548	5	8	5	7	6	222	1	CC7	II
549	7	13	19	6	1	223	1	CC398	II
550	11	3	12	38	3	224	2	CC224	I
551	5	6	88	29	5	3	1	CC8	II
552	2	1	89	3	3	1	7	CC5	I
553	1	1	11	11	2	225	5	CC2	I
554	2	1	9	1	3	5	5	CC554	I
555	3	9	9	3	2	1	5	CC6	I
556	7	27	2	6	1	24	1	ST556	II
557	27	54	64	74	22	157	55	CC396	III
558	11	1	12	38	2	1	5	CC388	I
560	4	9	4	3	3	1	5	ST560	I
561	5	8	5	7	6	2	71	CC7	II
562	83	19	91	100	58	178	72	CC562	IV
563	84	75	92	101	59	227	73	ST563	IV
564	67	76	91	102	60	228	38	ST564	IV
565	84	75	93	103	61	229	74	ST565	IV
566	83	77	91	102	62	150	39	ST566	IV
567	84	78	92	104	61	230	75	ST567	IV
568	85	75	94	102	61	231	76	ST568	IV
569	86	75	93	101	61	232	77	ST569	IV
570	5	5	8	18	1	7	1	CC570	II
571	7	6	15	18	12	6	59	CC18	II
572	52	1	4	14	4	1	3	CC373	I
573	7	6	8	105	6	7	1	CC573	II
574	8	6	15	6	6	2	78	CC14	II
575	6	5	6	55	1	4	1	CC9	II
576	31	4	4	3	2	1	5	CC3	I
577	31	4	4	3	2	1	18	CC3	I
578	2	1	11	3	3	1	19	CC5	I
579	5	6	47	7	5	2	1	CC8	II
580	6	37	6	4	1	4	1	CC9	II
581	11	3	12	3	3	1	2	ST581	I
582	54	5	6	4	1	4	1	CC9	II
583	55	5	6	4	1	4	1	CC9	II
584	7	6	8	69	6	37	1	CC121	II
585	30	6	10	20	40	26	1	ST585	II
586	15	10	18	18	1	233	1	CC29	II
587	15	10	18	18	1	89	1	CC29	II
588	5	6	2	9	5	165	1	CC8	II
589	87	1	11	11	2	1	5	CC2	I
590	6	5	6	4	1	234	1	CC9	II
591	7	6	15	6	63	2	1	CC14	II
592	7	15	15	8	11	237	9	CC101	II
593	7	6	8	8	6	235	1	CC121	II
594	12	12	12	61	3	236	4	CC88	I
595	3	1	1	106	3	1	3	CC1	I
596	1	2	12	3	2	5	79	CC4	I
599	70	80	30	33	45	240	68	ST599	L. innocua
600	36	21	40	108	65	241	81	CC600	L. innocua
602	26	21	40	110	45	242	16	ST602	L. innocua
603	36	21	40	108	65	243	81	CC600	L. innocua
605	36	21	30	35	45	69	17	CC605	L. innocua
609	5	6	2	29	5	3	5	CC8	II
610	7	6	62	1	5	2	1	CC89	II
611	1	2	12	3	2	5	1	CC4	I
612	12	1	4	14	3	39	3	CC87	I
613	3	1	1	1	3	1	82	CC1	I
614	91	1	1	1	3	1	5	CC1	I
615	3	9	9	3	3	12	5	CC6	I
616	3	9	9	3	72	1	5	CC6	I
617	2	9	12	14	3	247	36	CC344	I
618	98	4	4	3	2	1	5	CC3	I
619	12	86	11	3	73	1	2	ST619	I
620	7	87	8	6	1	2	1	CC412	II
621	99	6	10	6	1	2	1	CC11	II
622	100	5	6	4	1	4	1	CC9	II
623	18	11	21	24	17	248	13	CC131	III
624	5	8	105	7	6	2	1	CC7	II
625	6	5	6	119	1	4	1	CC9	II
626	7	88	106	120	1	249	1	CC33	II
627	4	4	4	3	2	250	5	CC3	I
628	4	4	4	121	2	1	5	CC3	I
629	101	1	11	3	3	1	7	CC5	I
630	1	1	11	11	2	1	3	CC2	I
631	1	2	9	3	2	1	3	CC4	I
632	1	89	1	3	7	5	3	CC217	I
633	1	9	1	3	3	5	3	CC217	I
634	1	2	9	123	2	5	3	CC4	I
635	23	29	3	30	6	6	1	ST635	II
636	27	54	104	74	22	157	55	CC396	III
637	28	23	33	35	23	192	16	CC140	L. innocua
638	3	1	1	117	3	1	3	CC1	I
639	3	1	12	3	69	1	5	ST639	I
640	41	33	100	54	70	246	28	CC640	III
641	41	33	43	122	70	111	28	CC641	III
642	5	6	2	7	5	3	1	CC8	II
643	5	7	3	5	1	26	6	CC37	II
644	5	13	63	21	5	2	6	ST644	II
645	5	10	8	116	1	3	1	CC645	II
646	5	13	3	6	5	7	1	CC20	II
647	5	13	3	6	5	96	1	CC20	II
648	5	29	102	62	6	7	34	ST648	II
649	5	6	10	21	1	252	85	ST649	II
650	5	10	3	116	1	3	1	CC645	II
651	52	1	9	1	3	1	4	CC651	I
652	57	6	2	29	5	7	1	CC8	II
653	57	6	10	29	5	3	1	CC8	II
654	59	11	21	24	71	164	47	CC434	III
655	6	10	15	7	12	7	1	ST655	II
656	7	14	8	6	2	27	1	CC193	II
657	7	6	3	66	5	7	7	CC14	II
658	7	6	17	115	5	26	1	ST658	II
659	7	10	17	5	5	2	1	ST659	II
660	7	10	17	115	1	26	1	CC177	II
661	7	85	10	118	13	3	1	ST661	II
662	7	14	8	6	1	27	1	CC193	II
663	88	79	12	3	18	1	5	CC663	I
664	92	83	98	113	68	245	83	ST664	III
665	93	84	101	6	1	251	1	CC665	II
666	94	2	11	3	18	1	5	ST666	I
667	95	6	3	7	5	2	84	ST667	II
668	96	45	29	114	61	150	39	ST668	III
669	97	11	103	24	17	123	13	ST669	III
670	62	57	99	77	43	163	83	ST670	III
671	5	10	8	6	1	253	1	CC671	II
672	5	7	6	4	5	254	1	CC204	II
673	5	6	2	9	5	255	1	CC8	II
674	34	4	4	3	2	1	5	CC3	I
675	11	12	4	15	3	12	2	CC195	I
676	34	39	11	60	3	9	2	CC288	I
677	7	10	16	7	5	50	1	CC155	II
678	7	10	16	7	5	38	1	CC155	II
679	1	1	1	11	2	1	5	CC2	I
680	5	6	8	62	39	7	34	CC321	II
681	7	15	15	8	6	256	9	CC101	II
682	1	2	12	3	2	257	3	CC4	I
683	5	5	17	124	39	2	6	CC415	II
684	7	10	16	7	5	85	1	CC155	II
685	2	1	11	3	3	1	3	CC5	I
686	102	9	11	15	3	1	2	CC77	I
687	11	9	11	15	3	1	7	CC77	I
688	3	9	1	3	7	1	5	CC688	I
689	8	6	8	6	1	37	1	CC689	II
690	11	5	48	3	2	1	31	CC426	I
691	5	8	5	125	6	2	1	CC7	II
692	3	1	1	1	74	1	3	CC1	I
693	2	90	1	17	2	1	3	CC240	I
694	5	7	6	4	5	258	1	CC204	II
695	7	27	107	41	5	2	1	CC207	II
696	1	3	7	2	4	7	2	CC220	I
697	7	7	108	10	5	6	1	CC21	II
698	3	92	1	1	3	1	3	CC1	I
699	8	91	15	6	6	2	1	CC14	II
700	3	9	1	3	3	1	3	CC6	I
701	3	9	9	1	3	1	5	CC6	I
702	3	9	9	3	3	1	22	CC6	I
703	3	1	3	1	3	1	3	CC1	I
704	3	93	9	3	3	1	86	ST704	I
705	7	10	16	7	5	259	1	CC155	II
706	5	29	8	21	1	7	1	CC229	II
707	74	30	35	126	75	148	26	ST707	III
708	7	6	8	8	76	37	1	CC121	II
709	21	6	15	8	6	2	1	CC90	II
710	3	1	1	1	3	1	87	CC1	I
711	7	15	15	8	6	2	9	CC101	II
712	7	10	16	7	5	3	1	CC155	II
713	6	5	109	4	1	4	1	CC9	II
714	7	6	8	127	6	37	1	CC121	II
715	7	13	19	6	1	260	1	CC398	II
716	7	6	8	8	6	261	1	CC121	II
717	7	6	8	107	6	37	1	CC121	II
718	6	5	6	4	1	4	80	CC9	II
719	89	6	2	9	5	3	1	CC8	II
720	5	8	5	128	6	2	1	CC7	II
721	1	2	110	3	2	5	3	CC4	I
722	5	29	8	129	1	7	1	CC229	II
723	103	1	1	1	3	1	3	CC1	I
724	1	1	11	11	2	48	5	CC2	I
725	7	7	3	10	5	186	1	CC21	II
726	7	6	15	6	5	25	1	CC14	II
727	3	1	1	1	3	17	3	CC1	I
728	5	7	3	5	1	262	6	CC37	II
729	28	21	84	97	45	218	68	CC537	L. innocua
730	12	94	4	14	3	39	4	CC87	I
731	65	95	33	130	45	263	88	CC731	L. innocua
732	5	8	5	7	77	2	1	CC7	II
733	7	5	10	21	1	63	1	CC451	II
734	3	1	1	1	78	1	3	CC1	I
735	8	6	8	131	6	37	1	CC121	II
736	11	96	4	16	2	1	5	ST736	I
737	34	1	57	3	2	1	2	CC363	I
738	7	7	10	4	5	267	1	CC403	II
739	5	5	10	6	5	266	48	CC739	II
740	5	10	17	20	1	265	1	CC177	II
741	7	6	8	8	6	264	1	CC121	II
742	5	6	2	9	5	233	1	CC8	II
743	5	6	2	9	5	268	1	CC8	II
744	5	5	65	21	39	84	6	CC415	II
745	2	1	11	3	3	30	7	CC5	I
746	3	1	1	1	3	59	3	CC1	I
747	5	7	3	5	1	270	6	CC37	II
748	7	14	10	19	1	269	1	CC31	II
749	104	8	8	8	6	37	1	CC121	II
750	5	10	8	21	6	271	1	CC26	II
751	6	5	6	4	1	274	1	CC9	II
752	5	8	5	7	6	92	1	CC7	II
753	6	5	6	4	1	254	1	CC9	II
754	5	10	8	21	6	272	1	CC26	II
755	7	6	8	8	6	273	1	CC121	II
756	7	6	15	18	12	275	1	CC18	II
757	105	6	15	18	12	6	1	CC18	II
758	5	6	2	9	5	276	1	CC8	II
759	17	13	3	132	5	7	1	CC20	II
760	9	10	15	6	8	37	1	CC199	II
761	3	1	1	1	3	1	89	CC1	I
762	3	1	1	1	3	43	3	CC1	I
763	6	37	6	133	1	4	1	CC9	II
764	6	5	111	4	1	4	1	CC9	II
765	4	4	4	3	6	1	9	ST765	I
766	2	6	2	9	5	3	1	CC8	II
767	12	5	6	4	1	4	1	CC9	II
768	7	97	16	116	6	96	1	ST768	II
769	19	17	22	25	15	166	12	CC69	III
770	7	10	8	8	6	37	1	CC121	II
771	5	13	3	5	1	8	6	CC37	II
772	5	7	3	6	5	96	1	CC20	II
773	11	9	12	14	3	94	5	ST773	I
774	5	3	3	5	1	8	6	CC37	II
775	7	15	15	78	6	166	9	CC101	II
776	7	98	8	8	6	37	1	CC121	II
777	7	99	10	4	5	24	1	CC403	II
778	4	4	4	3	79	1	5	CC3	I
779	5	6	2	6	1	2	1	ST779	II
780	1	2	12	3	2	5	7	CC4	I
781	1	1	1	3	2	1	5	CC2	I
782	1	2	1	3	2	1	5	CC2	I
783	1	2	12	3	3	5	3	CC4	I
784	2	1	11	38	3	1	3	CC5	I
785	5	5	8	7	5	7	1	ST785	II
786	5	5	17	7	12	26	1	ST786	II
787	5	7	8	7	1	26	6	CC787	II
788	5	8	5	21	6	2	1	CC7	II
789	5	15	6	21	40	4	1	ST789	II
790	7	6	8	4	5	26	1	ST790	II
791	7	6	10	21	1	2	1	CC11	II
792	7	6	10	21	1	4	1	CC451	II
793	7	6	17	6	12	2	6	ST793	II
794	7	10	17	20	1	7	1	CC177	II
795	7	10	18	6	5	7	1	ST795	II
796	7	14	17	6	1	27	1	CC193	II
797	7	49	8	131	6	2	1	ST797	II
798	7	49	17	21	1	96	6	ST798	II
799	11	9	48	71	3	1	4	CC799	I
800	41	30	43	54	70	111	28	CC800	III
801	52	1	4	1	3	1	4	CC651	I
802	7	13	19	134	1	7	1	CC398	II
803	7	10	112	7	5	2	1	CC155	II
804	4	4	4	3	5	1	5	CC3	I
805	4	4	4	3	1	1	1	ST805	I
806	7	10	16	7	5	1	1	CC155	II
807	106	1	1	1	3	1	3	CC1	I
808	11	1	4	3	3	1	5	CC379	I
809	1	1	113	11	2	1	5	CC2	I
810	107	4	4	3	2	1	5	CC3	I
811	108	1	11	11	2	1	5	CC2	I
812	3	9	9	3	3	277	5	CC6	I
813	3	9	9	3	3	1	90	CC6	I
814	1	1	11	11	80	1	5	CC2	I
815	1	2	9	1	2	284	3	CC4	I
816	1	2	12	3	83	5	3	CC4	I
817	1	2	116	1	2	5	3	CC4	I
818	2	1	9	140	3	5	5	CC554	I
819	2	1	11	3	3	294	7	CC5	I
820	2	1	120	3	3	1	7	CC5	I
821	3	1	1	1	3	282	3	CC1	I
822	3	1	1	1	3	281	3	CC1	I
823	3	9	9	3	85	1	5	CC6	I
824	3	102	12	70	2	1	5	CC388	I
825	3	114	1	1	3	1	3	CC1	I
826	5	6	8	151	6	7	34	CC321	II
827	5	6	114	9	5	3	1	CC8	II
828	5	10	8	143	1	26	1	ST828	II
829	5	47	2	161	1	6	1	ST829	II
830	5	111	5	7	6	2	1	CC7	II
831	6	5	2	4	13	302	6	CC831	II
832	6	5	6	4	1	279	1	CC9	II
833	7	6	8	8	84	37	1	CC121	II
834	7	6	10	137	6	6	1	ST834	II
835	7	6	10	153	1	2	1	CC11	II
836	7	10	16	7	82	2	1	CC155	II
837	7	14	10	135	1	8	1	CC31	II
838	7	47	10	139	1	26	1	CC838	II
839	7	100	10	72	1	14	6	ST839	II
840	7	103	8	8	1	3	92	ST840	II
841	7	104	10	21	1	2	1	CC11	II
842	7	106	8	147	1	288	6	CC842	II
843	7	106	122	149	1	290	6	ST843	II
844	8	6	8	6	1	37	91	CC689	II
845	11	3	12	141	3	94	2	CC224	I
846	12	1	4	14	94	39	4	CC87	I
847	12	1	133	14	3	39	4	CC87	I
848	12	12	12	154	3	1	4	CC88	I
849	15	10	18	18	1	280	1	CC29	II
850	17	13	3	136	5	7	1	CC20	II
851	41	33	125	54	70	246	28	CC640	III
852	52	1	126	71	2	1	5	CC389	I
853	58	107	121	148	27	289	44	ST853	III
854	71	118	132	158	89	300	100	ST854	III
855	76	30	128	156	92	297	63	ST855	III
856	76	68	119	146	88	287	56	ST856	III
857	92	115	127	155	91	296	97	ST857	III
858	92	117	130	157	93	299	99	ST858	III
859	92	117	134	159	96	301	83	ST859	III
860	109	4	4	3	2	1	5	CC3	I
861	110	2	12	3	83	5	3	CC4	I
862	111	15	15	8	6	14	9	CC101	II
863	112	101	115	138	36	283	72	ST863	IV
864	113	10	131	68	13	2	1	ST864	II
865	113	47	16	68	13	3	1	ST865	II
866	114	32	117	142	41	285	93	ST866	III
867	115	1	9	14	2	286	5	ST867	I
868	116	105	118	144	86	111	28	ST868	III
869	117	32	35	145	87	285	94	ST869	III
870	118	71	74	48	89	285	50	ST870	III
871	119	11	21	27	25	34	13	ST871	III
872	121	108	59	68	13	7	1	ST872	II
873	122	109	99	150	28	291	95	ST873	III
874	123	44	29	102	61	292	38	ST874	IV
875	124	110	123	99	53	293	69	ST875	L. innocua
876	125	1	1	1	3	1	3	CC1	I
877	126	8	5	7	6	2	1	CC7	II
878	127	112	124	152	90	295	96	ST878	III
879	128	1	11	3	3	1	7	CC5	I
880	129	116	129	48	41	298	98	CC880	III
881	130	119	135	17	18	1	3	ST881	I
882	131	33	77	160	97	303	50	ST882	III
883	132	0	90	163	57	226	70	CC883	L. ivanovii
884	132	0	136	163	57	304	70	CC883	L. ivanovii
885	132	0	90	163	57	304	70	CC883	L. ivanovii
886	133	113	137	162	95	305	101	ST886	L. ivanovii
887	133	120	137	164	95	306	101	CC127	L. ivanovii
888	5	125	6	4	5	4	1	CC204	II
889	5	6	16	9	5	3	1	CC8	II
890	11	3	12	38	109	94	2	CC224	I
891	7	10	16	11	5	2	1	CC155	II
892	4	4	4	3	2	1	115	CC3	I
893	145	1	11	3	3	1	7	CC5	I
894	146	1	12	16	3	1	7	CC59	I
895	5	7	147	4	5	4	1	CC204	II
896	4	4	4	3	2	1	116	CC3	I
897	76	71	149	48	110	295	1	ST897	III
898	2	9	135	14	98	1	5	ST898	
899	5	5	17	166	12	96	6	ST899	II
900	5	8	5	4	6	2	1	CC7	II
901	5	10	3	7	1	26	6	CC901	II
902	5	10	3	7	5	6	6	CC901	II
903	5	10	3	7	5	26	6	CC901	II
904	5	10	3	21	5	2	6	CC901	II
905	5	10	3	21	5	26	6	CC901	II
906	5	10	3	30	6	3	1	CC906	II
907	5	10	3	177	5	6	6	CC901	II
908	5	10	10	7	5	26	6	CC901	II
909	5	13	10	6	1	312	1	ST909	II
910	5	29	2	7	6	2	1	CC910	II
911	5	29	2	7	13	2	1	CC910	II
912	5	47	10	173	13	2	1	CC912	II
913	5	47	10	185	1	314	1	ST913	II
914	5	124	10	173	13	2	104	ST914	II
915	5	127	10	173	13	2	1	CC912	II
916	5	128	6	7	40	4	1	ST916	II
917	6	5	2	6	13	302	6	CC831	II
918	6	6	8	137	12	2	1	CC918	II
919	6	6	8	180	12	2	1	CC918	II
920	7	5	10	4	1	302	6	CC920	II
921	7	5	10	21	6	4	1	CC451	II
922	7	5	140	174	13	3	1	ST922	II
923	7	6	2	7	1	7	6	ST923	II
924	7	6	10	30	5	2	1	CC14	II
925	7	6	16	6	5	7	1	CC14	II
926	7	6	19	8	1	2	1	CC926	II
927	7	6	19	8	13	2	1	CC926	II
928	7	6	138	6	5	7	1	CC14	II
929	7	10	8	21	1	7	1	ST929	II
930	7	10	17	20	12	26	1	CC177	II
931	7	15	17	6	5	25	1	CC931	II
932	7	15	17	6	5	26	1	CC931	II
933	7	15	17	181	5	26	1	CC931	II
934	7	27	16	4	5	4	1	ST934	II
935	7	47	10	68	1	2	1	CC935	II
936	7	47	10	172	13	302	1	ST936	II
937	7	121	10	175	5	26	1	ST937	II
938	7	122	8	6	1	4	1	CC938	II
939	7	123	10	67	13	314	1	ST939	II
940	7	128	10	174	13	3	1	CC940	II
941	7	128	140	174	108	3	1	ST941	II
942	15	10	18	18	107	3	1	CC29	II
943	41	33	142	144	101	246	28	ST943	III
944	53	47	10	6	13	24	1	ST944	II
945	53	47	10	67	13	2	1	CC945	II
946	53	47	10	67	13	3	1	CC945	II
947	113	10	10	4	1	3	103	ST947	II
948	113	46	10	183	5	308	104	ST948	
949	113	47	3	173	13	2	1	ST949	II
950	113	47	10	173	1	314	1	CC950	II
951	113	47	10	184	5	308	104	ST951	
952	113	126	10	173	1	314	1	CC950	II
953	134	130	118	171	32	317	105	CC953	III
954	136	122	139	20	1	26	1	ST954	II
955	137	47	10	187	1	2	1	ST955	II
956	138	10	10	149	13	3	104	ST956	
957	139	130	146	168	102	315	109	CC957	
958	140	30	144	171	33	309	108	CC959	III
959	140	30	144	171	33	309	106	CC959	III
960	140	30	144	171	33	309	111	CC959	III
961	141	131	35	187	75	164	107	ST961	III
962	142	130	21	187	16	317	105	ST962	III
963	142	130	118	171	32	317	105	CC953	III
964	142	131	21	171	33	311	105	ST964	III
965	142	131	21	171	75	311	114	CC965	III
966	142	131	21	171	75	311	113	CC965	III
967	142	131	21	187	16	319	105	ST967	III
968	142	131	118	171	32	317	105	CC953	III
969	142	131	148	148	16	317	105	CC969	III
970	142	131	148	188	16	317	105	CC969	III
971	142	132	21	171	75	311	114	CC965	III
972	144	30	21	171	104	319	112	CC972	III
973	144	30	21	171	105	319	112	CC972	III
974	144	30	141	187	32	318	110	ST974	III
975	144	30	144	171	106	310	106	ST975	III
976	144	130	143	171	16	319	106	ST976	III
977	144	131	21	186	99	317	106	ST977	III
978	144	131	35	170	32	316	1	ST978	III
979	144	131	140	187	103	313	105	ST979	III
980	144	131	145	187	33	313	112	ST980	III
981	144	131	145	187	106	313	105	ST981	III
982	144	133	21	187	99	317	106	ST982	III
983	7	134	10	6	13	2	41	ST983	II
984	142	133	35	178	16	319	107	ST984	III
985	5	135	10	179	1	3	1	ST985	II
986	144	133	35	187	75	164	107	ST986	III
987	135	129	150	187	100	316	30	ST987	
988	144	129	151	178	112	311	106	ST988	III
989	139	130	146	168	113	315	109	CC957	
990	5	47	3	6	111	3	1	ST990	II
991	81	5	10	6	1	8	1	ST991	II
992	1	9	12	3	7	5	3	CC217	I
993	7	14	37	127	6	27	1	ST993	II
994	7	10	16	198	5	2	1	CC155	II
995	5	8	5	7	6	2	41	CC7	II
996	7	14	37	6	127	27	1	CC193	II
997	5	8	170	7	6	2	1	CC7	II
998	41	22	43	205	70	111	28	ST998	III
999	170	1	9	1	3	5	5	CC554	I
1000	172	9	135	3	3	1	4	CC1000	I
1001	3	1	1	1	133	1	3	CC1	I
1002	131	141	171	204	134	339	27	ST1002	III
1003	20	58	21	206	17	123	56	ST1003	III
1004	7	106	8	147	1	340	6	CC842	II
1005	171	142	172	207	135	244	137	ST1005	L. welshimeri
1006	6	15	3	116	1	2	85	ST1006	II
1007	5	10	10	116	1	3	1	CC645	II
1008	173	140	173	208	136	341	138	ST1008	L. innocua
1009	2	1	11	3	3	1	139	CC5	I
1010	65	21	40	33	45	170	53	CC448	L. innocua
1011	6	5	85	4	1	207	1	ST1011	II
1012	175	6	8	209	6	37	140	ST1012	II
1013	61	6	3	4	1	26	1	ST1013	II
1014	23	5	19	210	13	24	6	ST1014	II
1015	53	13	6	4	1	2	1	ST1015	II
1016	5	97	8	20	5	8	1	CC1016	II
1017	3	1	1	1	3	1	141	CC1	I
1018	177	144	2	29	5	3	1	ST1018	II
1019	176	10	66	18	1	3	1	CC29	II
1020	7	10	16	7	5	344	1	CC155	II
1021	17	13	102	6	1	7	34	ST1021	II
1022	5	6	2	29	5	345	1	CC8	II
1023	27	54	64	74	22	123	55	CC396	III
1024	5	143	8	7	5	3	1	ST1024	II
1025	5	6	175	29	5	3	1	CC8	II
1026	52	1	1	17	2	1	5	ST1026	I
1027	178	1	1	1	3	1	3	CC1	I
1028	1	145	11	11	2	1	5	CC2	I
1029	6	5	6	4	1	218	1	CC9	II
1030	6	146	6	4	1	4	1	CC9	II
1031	6	147	6	4	1	4	1	CC9	II
1032	2	1	11	211	3	1	7	CC5	I
1033	3	1	1	1	3	346	3	CC1	I
1034	3	148	1	1	3	1	3	CC1	I
1035	6	149	6	4	1	4	1	CC9	II
1036	179	6	19	6	1	24	1	CC19	II
1037	180	150	137	164	95	323	101	ST1037	L. innocua
1038	7	15	15	8	6	14	142	CC101	II
1039	1	18	12	3	2	1	5	ST1039	I
1040	2	1	11	3	3	9	7	CC5	I
1041	2	1	135	38	3	1	2	CC1041	I
1042	2	12	12	3	3	1	2	ST1042	I
1043	7	6	8	21	6	37	6	ST1043	II
1044	7	6	10	72	6	37	1	ST1044	II
1045	7	10	16	7	5	41	1	CC155	II
1046	11	3	12	38	2	1	2	ST1046	I
1047	11	12	4	3	3	1	7	ST1047	I
1048	12	9	135	3	3	1	2	ST1048	I
1049	12	12	12	1	3	1	5	CC88	I
1050	22	11	21	24	70	123	55	ST1050	III
1051	41	41	53	73	16	156	50	CC450	III
1052	53	143	10	67	13	3	41	ST1052	II
1053	59	11	21	51	32	159	44	ST1053	III
1054	61	10	8	29	1	7	1	ST1054	II
1055	138	10	8	68	1	3	1	CC1055	II
1056	138	47	16	6	1	2	1	CC1056	II
1057	203	8	5	7	1	2	1	CC7	II
1058	38	31	42	47	28	108	1	CC262	III
1059	53	170	10	18	1	370	6	ST1059	II
1060	7	47	10	222	13	3	1	ST1060	II
1061	1	1	27	17	2	1	5	ST1061	I
1062	5	27	3	6	13	2	6	ST1062	II
1063	2	1	11	3	3	28	7	CC5	I
1064	30	6	10	241	6	37	1	ST1064	II
1065	7	171	10	6	1	3	1	ST1065	II
1066	7	49	8	242	5	2	103	CC1066	II
1067	116	33	193	243	89	111	160	ST1067	III
1068	5	10	3	6	150	26	1	ST1068	II
1069	204	105	194	24	151	145	161	ST1069	III
1070	189	159	99	225	32	371	150	CC1070	III
1071	7	47	10	6	1	7	1	ST1071	II
1072	7	156	59	221	140	123	1	ST1072	II
1073	5	5	195	6	5	26	48	CC739	II
1074	11	1	4	43	69	1	2	ST1074	I
1075	1	1	1	3	3	1	2	ST1075	I
1076	205	172	8	8	1	26	103	CC1076	II
1077	206	5	196	244	5	314	6	ST1077	II
1078	113	173	10	4	1	372	103	ST1078	II
1079	2	2	12	43	2	1	162	ST1079	I
1080	7	5	17	6	1	151	85	ST1080	II
1081	5	97	17	6	5	358	6	ST1081	II
1082	93	15	17	212	1	6	1	ST1082	II
1083	181	152	177	214	138	347	143	ST1083	L. seeligeri
1084	182	153	178	215	128	348	126	ST1084	L. welshimeri
1085	188	157	182	223	136	353	148	ST1085	L. innocua
1086	190	23	183	97	45	192	152	CC1086	L. innocua
1087	191	21	184	110	45	356	16	ST1087	L. innocua
1088	192	160	185	226	142	357	143	ST1088	L. seeligeri
1089	190	23	183	97	45	362	152	CC1086	L. innocua
1090	163	164	189	232	64	363	156	ST1090	L. seeligeri
1091	163	138	190	233	64	364	157	ST1091	L. seeligeri
1092	201	169	85	237	149	369	159	ST1092	L. innocua
1093	2	1	179	3	3	1	7	CC5	I
1094	2	1	11	3	144	1	7	CC5	I
1095	2	1	11	235	3	1	7	CC5	I
1096	2	1	11	239	3	1	7	CC5	I
1097	3	1	1	1	3	1	146	CC1	I
1098	3	1	12	230	2	1	5	CC388	I
1099	3	1	12	234	2	1	5	CC388	I
1100	3	167	9	3	3	1	5	CC6	I
1101	3	9	9	3	3	366	5	CC6	I
1102	34	12	11	16	3	1	151	CC288	I
1103	34	12	187	16	3	1	2	CC288	I
1104	52	1	176	3	2	1	5	ST1104	I
1105	172	9	135	3	3	1	154	CC1000	I
1106	187	1	11	3	3	1	7	CC5	I
1107	194	1	57	3	2	1	2	CC363	I
1108	5	6	8	217	6	7	34	CC321	II
1109	5	97	10	7	39	351	48	ST1109	II
1110	5	166	10	6	1	7	1	ST1110	II
1111	5	8	5	236	6	2	1	CC7	II
1112	5	6	8	62	148	7	34	CC321	II
1113	6	5	188	4	1	4	1	CC9	II
1114	6	5	6	4	1	365	1	CC9	II
1115	6	5	191	4	1	4	1	CC9	II
1116	6	5	6	4	1	368	1	CC9	II
1117	7	6	8	219	6	7	1	CC573	II
1118	7	10	17	18	5	352	1	ST1118	II
1119	7	6	3	6	5	7	149	CC14	II
1120	7	10	16	7	145	2	1	CC155	II
1121	7	10	17	6	146	96	1	ST226	II
1122	7	10	16	238	5	2	1	CC155	II
1123	15	163	18	18	1	3	1	CC29	II
1124	53	47	8	240	13	3	41	CC369	II
1125	184	154	2	139	6	14	1	ST1125	II
1126	186	6	17	6	1	2	1	ST1126	II
1127	195	162	10	228	1	3	1	CC1127	II
1128	197	15	15	8	6	14	142	CC101	II
1129	202	7	6	4	5	4	1	CC204	II
1130	20	33	180	218	139	164	46	ST1130	III
1131	41	71	129	220	16	201	145	ST1131	III
1132	41	161	43	144	16	111	28	ST1132	III
1133	44	40	50	59	24	360	26	ST444	III
1134	56	165	61	72	41	155	43	CC406	III
1135	58	71	78	73	16	285	147	ST1135	III
1136	58	158	99	224	141	354	150	ST1136	III
1137	71	151	53	213	16	206	93	ST1137	III
1138	183	32	68	216	41	349	50	ST1138	III
1139	185	155	181	146	89	350	144	ST1139	III
1140	189	159	99	225	32	355	150	CC1070	III
1141	193	129	50	227	25	73	153	ST1141	III
1142	196	68	186	229	143	359	155	ST1142	III
1143	198	30	171	231	97	361	50	ST1143	III
1144	199	168	192	126	89	73	94	ST1144	III
1145	200	117	134	157	147	367	158	ST1145	III
1146	1	2	197	245	2	5	3	ST1146	I
1147	1	1	12	17	2	1	7	CC54	I
1148	1	174	7	2	4	1	5	ST1148	I
1149	1	3	7	2	5	1	2	CC220	I
1150	1	2	9	1	5	5	3	CC4	I
1151	2	1	11	246	3	1	7	CC5	I
1152	3	1	12	1	3	1	3	CC1	I
1153	5	6	2	1	3	2	1	ST1153	II
1154	5	175	3	5	1	8	6	CC37	II
1155	5	7	3	5	1	8	163	CC37	II
1156	5	7	3	5	1	373	6	CC37	II
1157	5	8	5	7	6	2	164	CC7	II
1158	7	52	8	6	3	2	1	CC412	II
1159	7	52	8	6	152	2	1	CC412	II
1160	7	5	10	21	1	323	1	CC451	II
1161	15	10	18	18	3	3	1	CC29	II
1162	17	13	8	6	5	3	1	ST1162	II
1163	208	1	1	1	3	1	3	CC1	I
1164	6	176	6	4	1	4	1	CC9	II
1165	7	6	15	6	153	2	1	CC14	II
1166	12	1	4	14	3	374	4	CC87	I
1167	209	5	6	4	1	4	1	CC9	II
1168	1	1	11	11	154	1	5	CC2	I
1169	3	1	1	1	3	1	165	CC1	I
1170	1	3	7	2	155	1	2	CC220	I
1171	1	1	11	11	2	375	5	CC2	I
1172	6	5	6	247	1	4	1	CC9	II
1173	3	9	9	3	3	1	18	CC6	I
1174	41	71	198	148	110	377	100	ST1174	III
1175	71	151	53	72	16	295	169	ST1175	III
1176	9	10	15	6	156	265	1	ST1176	II
1177	7	14	10	19	9	378	1	CC31	II
1178	187	1	11	3	3	90	7	CC5	I
1179	11	3	12	38	3	379	2	CC224	I
1180	92	117	199	113	157	380	170	CC1180	III
1181	5	7	3	5	1	381	6	CC37	II
1182	185	178	200	249	158	382	171	ST1182	III
1183	212	179	118	250	159	383	111	ST1183	III
1184	116	33	201	251	160	111	105	ST1184	III
1185	41	36	46	54	161	115	28	CC269	III
1186	1	3	48	90	3	30	4	CC506	I
1187	213	30	202	48	75	360	172	ST1187	III
1188	40	40	42	52	32	113	25	CC267	III
1189	214	180	203	252	32	384	173	ST1189	III
1190	215	181	204	54	70	111	28	ST1190	III
1191	20	182	21	83	25	385	113	ST1191	III
1192	40	30	42	52	32	386	25	CC267	III
1193	127	33	13	146	89	387	174	ST1193	III
1194	116	33	204	253	34	388	28	ST1194	III
1195	41	33	204	54	151	285	175	ST1195	III
1196	41	33	205	144	70	246	28	ST1196	III
1197	42	183	118	72	162	389	176	ST1197	III
1198	216	184	206	254	163	285	177	ST1198	III
1199	116	33	201	255	33	111	105	ST1199	III
1200	185	32	207	256	86	111	178	ST1200	III
1201	83	19	91	257	58	178	72	CC562	IV
1202	217	185	32	258	89	390	179	ST1202	III
1203	44	71	198	48	164	391	180	ST1203	III
1204	7	6	10	6	1	271	1	CC11	II
1205	9	10	15	6	8	392	1	CC199	II
1206	34	1	57	3	3	1	2	CC363	I
1207	3	9	9	3	3	105	5	CC6	I
1208	131	186	21	72	34	285	50	ST1208	III
1209	58	71	46	259	16	285	147	ST1209	III
1210	7	6	8	7	6	7	1	CC573	II
1211	5	8	17	5	6	2	1	CC1211	II
1212	7	187	10	6	1	2	1	CC11	II
1213	218	30	53	260	27	390	26	ST1213	III
1214	219	30	198	158	27	393	27	ST1214	III
1215	1	9	1	3	7	1	5	CC688	I
1216	7	10	10	6	1	2	1	CC11	II
1217	8	6	8	8	6	37	1	CC121	II
1218	1	1	11	14	2	1	5	CC2	I
1219	1	1	11	7	6	1	5	ST1219	I
1220	12	1	4	11	3	39	4	CC87	I
1221	12	1	4	4	3	39	4	CC87	I
1222	12	1	11	14	3	39	4	CC87	I
1223	12	8	4	14	3	39	4	CC87	I
1224	12	1	11	11	3	39	4	CC87	I
1225	12	1	4	14	2	39	4	CC87	I
1226	12	1	4	11	2	39	4	CC87	I
1227	5	8	5	8	6	2	1	CC7	II
1228	7	6	8	14	3	37	1	ST1228	II
1229	220	188	208	262	165	394	181	ST1229	L. marthii
1230	221	189	157	263	166	395	182	ST1230	L. marthii
1231	222	190	209	263	167	396	182	ST1231	L. marthii
1232	7	13	19	6	1	125	1	CC398	II
1233	7	10	16	7	5	398	1	CC155	II
1234	2	1	11	3	3	104	7	CC5	I
1235	7	7	3	10	5	399	1	CC21	II
1236	4	4	4	3	2	43	5	CC3	I
1237	3	18	27	3	4	106	184	CC315	I
1238	7	7	3	10	5	253	1	CC21	II
1239	1	1	1	1	3	1	3	CC1	I
1240	3	9	1	3	7	5	3	CC217	I
1241	224	7	3	5	1	8	6	CC37	II
1242	5	7	3	5	1	400	6	CC37	II
1243	5	10	17	264	1	26	1	CC177	II
1244	3	1	1	1	3	1	185	CC1	I
1245	8	6	15	6	6	2	186	CC14	II
1246	15	10	211	18	1	280	1	CC29	II
1247	5	6	2	265	5	3	1	CC8	II
1248	6	5	6	4	1	401	1	CC9	II
1249	2	191	11	3	3	1	7	CC5	I
1250	5	194	8	62	6	7	34	CC321	II
1251	1	193	11	11	2	1	5	CC2	I
1252	4	4	213	3	2	1	5	CC3	I
1253	17	13	3	6	5	403	1	CC20	II
1254	23	5	214	30	6	6	1	CC124	II
1255	8	6	13	6	5	2	187	CC14	II
1256	52	18	9	3	4	1	5	ST1256	I
1257	3	1	12	38	2	1	5	CC388	I
1258	1	1	12	267	69	1	3	CC1258	I
1259	226	30	215	268	169	405	188	ST1259	III
1260	5	8	17	5	6	404	1	CC1211	II
1261	7	5	10	21	1	4	189	CC451	II
1262	227	1	1	1	3	1	3	CC1	I
1263	129	71	216	269	170	406	190	ST1263	III
1264	74	168	32	37	171	73	24	ST1264	III
1265	65	95	33	130	45	263	1	CC731	L. innocua
1266	5	6	2	9	5	2	1	CC8	II
1267	2	1	30	3	3	1	7	CC5	I
1268	6	37	6	270	1	4	1	CC9	II
1269	34	39	11	15	172	1	2	CC288	I
1270	4	4	4	3	2	408	5	CC3	I
1271	4	4	4	3	2	1	191	CC3	I
1272	2	195	4	3	3	1	5	CC379	I
1273	127	33	72	24	173	123	55	ST1273	III
1274	4	4	4	3	174	197	5	ST1274	I
1275	5	8	5	271	6	2	1	CC7	II
1276	7	10	16	7	5	407	1	CC155	II
1277	5	10	8	21	6	84	1	CC26	II
1278	7	14	10	272	9	8	1	CC31	II
1279	7	6	10	6	1	2	192	CC11	II
1280	6	5	6	274	1	4	1	CC9	II
1281	85	19	91	100	58	178	72	CC562	IV
1282	11	1	57	3	98	94	5	ST1282	I
1283	44	196	217	273	16	409	3	CC1283	III
1284	1	1	220	11	2	1	5	CC2	I
1285	1	1	11	11	2	105	5	CC2	I
1286	1	1	12	17	2	9	3	CC54	I
1287	1	2	12	3	2	417	3	CC4	I
1288	1	2	12	3	2	418	3	CC4	I
1289	1	2	12	3	2	424	3	CC4	I
1290	1	9	1	3	7	430	3	CC217	I
1291	3	1	1	1	3	425	3	CC1	I
1292	3	9	9	3	3	1	195	CC6	I
1293	5	6	2	9	5	189	1	CC8	II
1294	5	6	2	9	5	411	1	CC8	II
1295	5	6	2	9	5	412	1	CC8	II
1296	5	6	2	9	5	413	1	CC8	II
1297	5	6	2	9	5	416	1	CC8	II
1298	5	6	2	9	5	428	1	CC8	II
1299	5	7	6	4	5	183	1	CC204	II
1300	5	8	5	7	6	419	1	CC7	II
1301	7	6	221	6	5	7	1	CC14	II
1302	7	7	3	10	5	172	1	CC21	II
1303	7	7	3	10	5	423	1	CC21	II
1304	7	7	10	4	5	420	1	CC403	II
1305	7	7	10	4	5	421	1	CC403	II
1306	7	7	10	4	5	422	1	CC403	II
1307	7	10	16	7	5	65	1	CC155	II
1308	7	13	19	6	1	426	1	CC398	II
1309	7	15	15	8	6	415	9	CC101	II
1310	7	15	15	8	6	431	9	CC101	II
1311	7	52	8	6	1	16	1	CC412	II
1312	7	52	8	6	1	92	1	CC412	II
1313	7	66	8	87	6	346	1	CC475	II
1314	8	6	13	6	5	414	1	CC14	II
1315	9	10	15	6	8	427	1	CC199	II
1316	11	1	12	16	3	101	7	CC59	I
1317	11	3	4	26	3	23	4	CC517	I
1318	15	10	18	18	1	416	1	CC29	II
1319	17	13	3	6	5	198	1	CC20	II
1320	51	33	219	24	22	123	13	CC1320	III
1321	138	47	16	6	176	2	1	CC1056	II
1322	229	1	1	1	3	1	3	CC1	I
1323	228	141	218	204	175	410	194	ST1323	III
1324	230	1	11	3	3	1	7	CC5	I
1325	3	1	222	1	3	1	3	CC1	I
1326	3	1	1	1	3	1	168	CC1	I
1327	1	1	11	11	2	236	5	CC2	I
1328	5	10	6	6	8	26	1	CC199	II
1329	53	46	140	18	1	3	1	ST1329	II
1330	2	1	11	275	3	1	7	CC5	I
1331	7	49	8	276	177	429	6	ST1331	II
1332	5	197	17	6	1	312	1	ST1332	II
1333	7	6	15	6	178	2	1	CC14	II
1334	126	7	3	5	1	8	6	CC37	II
1335	231	6	2	9	5	3	1	CC8	II
1336	3	198	1	1	3	1	3	CC1	I
1337	17	13	3	277	5	7	1	CC20	II
1338	1	2	223	3	2	5	3	CC4	I
1339	7	6	8	8	6	432	1	CC121	II
1340	1	1	11	11	2	408	5	CC2	I
1341	8	6	15	6	5	41	1	CC14	II
1342	4	4	224	3	2	1	5	CC3	I
1343	11	3	12	38	3	433	2	CC224	I
1344	15	10	66	18	1	3	167	CC29	II
1345	3	1	1	278	3	1	3	CC1	I
1346	5	7	6	279	5	4	1	CC204	II
1347	3	9	9	3	3	28	5	CC6	I
1348	12	1	4	14	3	434	4	CC87	I
1349	7	6	8	8	6	435	1	CC121	II
1350	5	10	8	179	6	2	1	CC26	II
1351	5	7	6	4	5	135	1	CC204	II
1352	5	7	6	4	5	57	1	CC204	II
1353	4	4	225	3	2	1	5	CC3	I
1354	1	1	11	16	2	1	5	CC2	I
1355	7	27	17	41	5	2	1	CC207	II
1356	5	6	2	9	5	3	196	CC8	II
1357	53	128	10	8	13	24	1	ST1357	II
1358	232	199	226	280	101	436	197	ST1358	III
1359	233	47	8	185	1	3	1	ST1359	II
1360	113	46	8	228	13	314	1	ST1360	II
1361	7	128	10	174	1	3	1	CC940	II
1362	5	6	8	7	1	26	6	CC787	II
1363	92	117	227	113	179	437	198	ST1363	III
1364	121	47	140	67	1	308	1	CC1364	II
1365	5	6	3	6	1	26	1	ST1365	II
1366	198	11	21	24	71	164	47	CC434	III
1367	5	10	6	7	1	6	1	ST1367	II
1368	5	10	3	30	6	6	1	CC906	II
1369	53	47	10	187	13	2	103	ST1369	II
1370	5	5	8	18	12	7	1	CC570	II
1371	53	13	10	68	13	3	85	ST1371	II
1372	121	5	140	68	1	3	1	ST1372	II
1373	92	200	228	281	180	437	199	ST1373	III
1374	234	29	8	67	13	3	103	ST1374	II
1375	235	1	9	1	3	5	5	CC554	I
1376	5	5	10	6	13	314	1	ST1376	II
1378	2	1	9	1	181	5	5	CC554	I
1381	7	201	2	68	182	2	6	ST1381	II
1382	97	11	21	24	17	123	55	CC1382	III
1383	5	202	10	173	13	2	1	CC912	II
1384	17	47	3	6	5	7	1	CC20	II
1385	53	6	10	282	5	4	1	ST1385	II
1386	121	47	17	67	1	308	1	CC1364	II
1387	53	203	6	6	5	6	1	ST1387	II
1388	7	6	17	30	5	2	1	CC14	II
1389	16	128	59	185	183	3	1	ST1389	II
1390	17	13	3	284	5	7	1	CC20	II
1391	8	6	13	6	5	84	1	CC14	II
1392	8	6	13	6	5	438	1	CC14	II
1393	41	33	43	144	70	111	28	CC641	III
1394	49	186	52	24	17	145	37	CC331	III
1395	3	9	9	3	3	127	5	CC6	I
1396	7	6	8	283	6	37	1	CC121	II
1397	5	204	2	9	5	3	1	CC8	II
1398	236	6	8	8	6	37	1	CC121	II
1399	203	8	5	7	6	2	1	CC7	II
1400	3	1	229	1	3	1	3	CC1	I
1401	3	1	1	1	184	1	3	CC1	I
1402	5	6	8	62	6	3	34	CC321	II
1403	5	6	2	9	5	218	1	CC8	II
1404	3	1	12	70	2	1	202	CC388	I
1405	237	206	32	286	27	442	203	ST1405	III
1406	7	207	37	6	1	27	1	CC193	II
1407	8	6	231	6	5	2	1	CC14	II
1408	17	208	3	6	5	7	1	CC20	II
1409	23	209	10	30	6	6	1	CC124	II
1410	238	6	15	18	12	6	1	CC18	II
1411	6	5	6	4	1	443	1	CC9	II
1412	7	6	15	287	12	6	1	CC18	II
1413	5	5	10	6	5	26	48	CC739	II
1414	7	6	15	6	5	92	1	CC14	II
1415	5	7	6	4	5	72	1	CC204	II
1416	7	210	19	6	1	24	1	CC19	II
1417	36	211	40	45	48	179	61	CC492	L. innocua
1418	7	212	8	8	6	37	1	CC121	II
1419	5	6	2	9	186	3	1	CC8	II
1420	3	1	1	1	3	1	204	CC1	I
1421	3	1	1	289	3	1	3	CC1	I
1422	5	7	6	4	187	4	1	CC204	II
1423	6	5	6	4	188	4	1	CC9	II
1424	3	213	9	3	3	1	5	CC6	I
1425	239	14	10	19	9	8	1	CC31	II
1426	2	1	11	3	3	445	7	CC5	I
1427	1	1	11	11	2	444	5	CC2	I
1428	2	1	11	288	3	1	7	CC5	I
1429	12	12	12	1	3	1	205	CC88	I
1430	1	1	232	11	2	1	5	CC2	I
1431	3	1	233	1	3	1	206	ST1439	I
1432	1	1	11	290	2	1	5	CC2	I
1433	7	6	8	8	6	439	1	CC121	II
1434	7	10	16	7	5	53	1	CC155	II
1435	4	4	4	3	2	104	5	CC3	I
1436	3	9	9	3	189	1	5	CC6	I
1437	7	14	10	19	9	8	208	CC31	II
1438	3	1	1	1	3	447	3	CC1	I
1439	5	177	2	9	5	3	1	CC8	II
1440	3	1	1	1	190	1	3	CC1	I
1441	11	1	12	16	3	448	7	CC59	I
1442	240	6	8	8	6	37	1	CC121	II
1443	5	8	5	7	6	449	1	CC7	II
1444	5	8	5	7	6	450	1	CC7	II
1445	2	4	12	3	3	451	2	CC392	I
1446	1	1	234	11	2	1	5	CC2	I
1447	5	8	5	7	6	2	207	CC7	II
1448	7	6	15	18	12	452	1	CC18	II
1449	7	6	15	18	12	453	1	CC18	II
1450	1	2	12	291	2	5	3	CC4	I
1451	2	1	11	3	3	1	209	CC5	I
1452	7	6	15	18	12	253	1	CC18	I
1453	7	5	8	87	6	37	1	CC475	II
1454	11	9	12	3	3	1	210	CC489	I
1455	7	5	17	21	1	4	1	CC451	II
1456	7	6	8	8	6	37	211	CC121	II
1457	1	2	9	1	2	5	212	CC4	I
1458	11	1	36	2	191	1	7	CC191	I
1459	12	1	4	14	192	39	4	CC87	I
1460	12	1	4	38	3	1	7	ST1460	I
1461	241	11	38	27	25	34	20	CC203	III
1462	242	6	2	9	5	3	1	CC8	II
1463	7	6	8	292	6	37	1	CC121	II
1464	7	10	16	293	5	2	1	CC155	II
1465	1	214	11	11	2	1	5	CC2	I
1466	243	187	10	6	1	2	1	CC11	II
1467	5	215	5	7	6	2	1	CC7	II
1468	7	6	235	6	10	8	213	ST1468	II
1470	7	14	37	6	193	27	1	CC193	II
1471	7	6	15	18	194	6	1	CC18	II
1472	11	3	4	26	3	454	4	CC517	I
1473	11	3	12	38	184	94	2	CC224	I
1474	2	1	11	3	3	1	2	CC5	I
1475	5	47	2	139	1	14	1	ST1475	II
1476	244	216	236	294	5	314	1	ST1476	II
1477	245	47	3	67	13	314	41	ST1477	II
1478	186	13	17	67	1	358	1	ST1478	II
1479	7	46	2	20	1	3	1	ST1479	II
1480	225	192	212	266	53	402	69	ST1480	L. innocua
1481	246	217	33	130	20	455	17	ST1481	L. innocua
1482	26	21	40	33	45	19	53	ST1482	L. innocua
1483	5	128	10	171	13	7	1	ST1483	II
1484	247	13	3	6	5	7	1	CC20	II
1485	248	218	237	295	195	456	214	ST1485	L. innocua
1486	249	219	219	296	196	457	177	ST1486	III
1487	113	46	10	6	13	3	1	ST1487	II
1488	163	164	96	297	64	239	215	ST1488	L. seeligeri
1489	250	21	83	298	20	458	216	ST1489	L. innocua
1490	171	220	155	299	128	244	128	ST1490	L. welshimeri
1491	7	10	10	300	6	7	1	ST1491	II
1492	7	5	59	21	1	3	1	ST1492	II
1493	251	221	238	301	197	244	217	ST1493	L. welshimeri
1494	7	10	10	179	1	459	103	ST1494	II
1495	28	23	33	35	23	460	16	CC140	L. innocua
1496	1	1	12	17	2	440	3	CC54	I
1497	3	1	1	285	3	1	3	CC1	I
1498	7	6	8	302	6	37	1	CC121	II
1499	3	1	1	1	198	1	3	CC1	I
1500	3	1	1	1	3	461	3	CC1	I
1501	5	7	3	5	199	8	6	CC37	II
1502	163	164	239	303	64	364	218	ST1502	L. seeligeri
1503	5	10	8	68	1	2	92	ST1503	II
1504	252	8	5	7	6	2	1	CC7	II
1505	235	6	2	29	5	3	1	CC8	II
1506	3	1	1	304	3	1	3	CC1	I
1507	49	33	219	24	22	123	13	CC1320	III
1508	17	49	3	6	5	7	1	CC20	II
1509	93	10	10	30	5	2	1	ST1509	II
1510	32	58	72	24	25	123	55	ST1510	III
1511	254	11	180	24	22	123	13	CC1511	III
1512	204	33	118	144	32	246	28	ST1512	III
1513	49	58	204	305	32	164	46	ST1513	III
1514	7	8	17	5	1	2	1	ST1514	II
1515	5	10	240	20	6	2	1	ST1515	II
1516	51	58	52	306	22	123	46	CC433	III
1517	7	6	8	4	1	462	1	ST1517	II
1518	22	11	21	51	32	164	44	ST1518	III
1519	49	58	219	24	32	123	20	ST1519	III
1520	97	11	180	24	22	123	13	CC1511	III
1521	255	138	239	307	200	239	215	ST1521	L. seeligeri
1522	3	1	1	1	3	1	201	CC1	I
1523	2	1	241	3	3	1	7	CC5	I
1524	7	10	16	308	5	2	1	CC155	II
1525	3	1	1	1	3	1	219	CC1	I
1526	34	1	57	3	201	1	2	CC363	I
1527	4	4	4	3	2	1	220	CC3	I
1528	210	6	15	18	12	6	1	CC18	II
1529	7	6	13	309	1	96	6	CC375	II
1530	4	4	4	3	202	1	5	CC3	I
1531	1	1	11	310	2	1	5	CC2	I
1532	5	6	242	7	5	2	1	CC8	II
1533	3	1	1	1	3	463	3	CC1	I
1534	5	8	5	7	6	2	15	CC7	II
1535	5	8	5	7	6	45	15	CC7	II
1536	5	8	5	7	6	49	15	CC7	II
1537	5	8	5	7	6	53	15	CC7	II
1538	5	8	5	7	6	65	1	CC7	II
1539	5	8	5	7	6	398	1	CC7	II
1540	5	8	5	7	6	465	1	CC7	II
1541	5	8	8	7	6	49	1	CC7	II
1542	5	10	17	20	1	466	1	CC177	II
1543	5	10	17	20	1	469	1	CC177	II
1544	7	6	15	311	12	6	1	CC18	II
1545	7	6	15	311	12	399	1	CC18	II
1546	7	6	19	6	1	464	1	CC19	II
1547	7	6	62	28	5	45	1	CC89	II
1548	7	15	15	8	204	77	9	CC101	II
1549	7	29	8	4	203	2	1	CC307	II
1550	23	5	10	30	6	453	1	CC124	II
1551	23	5	10	30	6	467	1	CC124	II
1552	23	5	10	30	6	468	1	CC124	II
1553	93	10	17	36	210	2	1	ST1553	II
1554	5	6	2	312	5	3	1	CC8	II
1555	5	8	5	7	6	2	221	CC7	II
1556	256	5	6	4	1	4	1	CC9	II
1557	2	4	12	3	205	94	2	CC392	I
1558	7	5	10	21	127	4	1	CC451	II
1559	7	6	13	313	1	96	6	CC375	II
1560	8	6	243	6	5	2	1	CC14	II
1561	11	1	12	16	7	1	7	CC59	I
1562	11	1	36	2	3	1	222	CC191	I
1563	8	6	15	6	206	2	1	CC14	II
1564	138	10	8	314	1	3	1	CC1055	II
1565	2	4	12	3	207	94	2	CC392	I
1566	7	222	244	315	1	3	1	ST1566	II
1567	7	223	19	6	1	24	1	CC19	II
1568	5	5	2	21	6	26	1	CC380	II
1569	257	224	8	21	208	470	223	ST1569	II
1570	258	11	245	316	209	471	224	ST1570	III
1571	204	225	10	317	1	26	225	ST1571	II
1572	76	226	246	218	16	206	226	ST1572	III
1573	3	1	12	38	2	5	5	CC388	I
1574	259	227	33	318	195	472	17	ST1574	L. innocua
1575	91	1	1	1	3	1	3	CC1	I
1576	3	1	1	319	3	1	3	CC1	I
1577	260	73	247	320	211	473	227	ST1577	L. innocua
1578	133	228	137	162	95	323	228	ST1578	L. ivanovii londoniensis
1579	133	229	137	162	95	323	101	ST1579	L. ivanovii londoniensis
1580	261	230	165	321	64	239	156	ST1580	L. seeligeri
1581	262	231	239	322	64	474	156	ST1581	L. seeligeri
1582	263	231	248	322	64	239	229	ST1582	L. seeligeri
1583	163	164	165	322	64	239	156	ST1583	L. seeligeri
1584	2	1	57	3	3	1	2	CC5	I
1585	12	1	4	14	3	1	4	CC87	I
1586	7	1	16	7	5	2	1	CC155	II
1587	1	1	11	11	2	1	1	CC2	I
1588	1	1	11	15	2	1	5	CC2	I
1589	4	1	4	3	2	1	5	CC3	I
1590	58	60	68	48	41	349	44	ST1590	III
1591	12	1	4	14	3	476	4	CC87	I
1592	7	6	8	33	1	213	1	ST1592	II
1593	11	232	12	38	3	94	2	CC224	I
1594	3	1	1	1	3	1	232	CC1	I
1595	25	73	237	130	55	19	16	ST1595	L. innocua
1596	26	21	33	33	48	213	216	ST1596	L. innocua
1597	36	23	30	96	195	19	16	ST1597	L. innocua
1598	79	21	33	97	20	356	58	ST1598	L. innocua
1599	143	95	30	96	55	180	16	ST1599	L. innocua
1600	40	62	30	33	55	356	17	ST1600	L. innocua
1601	250	140	73	223	136	341	214	ST1601	L. innocua
1602	5	236	2	9	5	3	1	CC8	II
1603	5	237	2	9	5	3	1	CC8	II
1604	7	88	252	325	1	249	1	ST1604	II
1605	7	8	5	7	1	4	1	ST1605	II
1606	265	1	1	1	3	1	3	CC1	I
1607	7	238	15	6	5	2	1	CC14	II
1608	124	235	251	324	213	480	231	CC1608	L. innocua
1609	264	234	85	99	212	479	230	CC1609	L. innocua
1610	25	73	82	96	45	477	67	CC529	L. innocua
1611	163	233	250	323	64	478	215	ST1611	L. seeligeri
1612	3	1	1	326	3	1	3	CC1	I
1613	36	21	30	318	45	69	17	CC605	L. innocua
1614	72	241	75	35	49	192	16	CC493	L. innocua
1615	79	240	83	33	45	213	17	CC532	L. innocua
1616	124	242	254	99	216	483	159	ST1616	L. innocua
1617	124	235	251	324	213	480	69	CC1608	L. innocua
1618	133	239	137	164	95	323	101	CC127	L. ivanovii londoniensis
1619	143	243	30	96	217	180	234	ST1619	L. innocua
1620	267	234	85	99	212	479	230	CC1609	L. innocua
1621	268	21	33	33	20	482	16	ST1621	L. innocua
1622	269	244	255	99	218	293	159	ST1622	L. innocua
1623	22	33	258	24	17	31	13	CC131	III
1624	272	2	12	3	2	5	3	CC4	I
1625	3	1	1	329	3	1	3	CC1	I
1626	36	21	30	35	214	69	17	CC605	L. innocua
1627	1	245	11	11	2	1	5	CC2	I
1628	7	153	8	8	6	37	1	CC121	II
1629	6	5	6	330	1	4	1	CC9	II
1630	1	1	259	11	2	1	5	CC2	I
1631	5	246	3	5	1	8	6	CC37	II
1632	273	106	8	331	1	290	6	ST1632	II
1633	274	247	260	332	220	486	236	ST1633	III
1634	76	71	261	333	16	350	171	ST1634	III
1635	2	1	262	3	3	1	7	CC5	I
1636	275	30	263	334	221	313	26	ST1636	III
1637	5	7	6	4	5	15	1	CC204	II
1638	7	15	15	8	6	487	9	CC101	II
1639	97	11	53	24	32	123	55	ST1639	III
1640	120	6	10	6	1	2	1	CC11	II
1641	5	6	8	62	222	7	34	CC321	II
1642	6	5	264	4	1	4	1	CC9	II
1643	44	71	78	335	32	298	26	ST1643	III
1644	276	71	265	336	89	377	63	ST1644	III
1645	7	13	19	6	1	24	1		II
1646	123	248	266	63	61	150	237	ST1646	IV
1647	195	15	17	8	223	3	6	ST1647	II
1648	7	249	10	6	1	2	1	CC11	II
1649	277	250	2	242	1	2	1	ST1649	II
1650	7	5	10	337	1	4	1	CC451	II
1651	12	251	12	1	3	1	4	CC88	I
1652	2	1	11	3	3	488	7	CC5	I
1653	2	252	11	3	3	1	7	CC5	I
1654	7	253	15	8	6	2	14	CC90	II
1655	11	12	48	71	3	1	4	CC799	I
1656	113	47	10	338	13	314	1	ST1656	II
1657	1	32	176	38	18	1	5	ST1657	I
1658	7	10	16	7	224	2	1	CC155	II
1659	278	30	267	339	164	109	50	ST1659	III
1660	41	22	268	340	225	489	238	ST1660	III
1661	1	1	11	11	2	1	239	CC2	I
1662	11	12	4	341	3	1	2	CC195	I
1663	233	124	3	173	13	312	1	ST1663	II
1664	204	30	118	144	151	246	28	CC1664	III
1665	5	10	15	6	226	26	1	CC199	II
1666	6	5	6	4	1	490	1	CC9	II
1667	2	254	11	3	3	1	7	CC5	I
1668	2	1	11	3	3	1	240	CC5	I
1669	34	39	11	342	3	1	2	CC288	I
1670	5	27	6	6	13	3	6	ST1670	II
1671	279	30	269	343	75	491	94	ST1671	III
1672	280	250	270	344	24	492	26	ST1672	III
1673	2	4	12	345	3	94	2	CC392	I
1674	7	10	16	7	227	2	1	CC155	II
1675	2	255	11	3	3	1	7	CC5	I
1676	4	1	12	3	3	1	5	ST1676	I
1677	7	6	19	4	228	3	6	ST1677	II
1678	41	256	201	346	41	493	177	ST1678	III
1679	7	257	10	19	9	8	1	CC31	II
1680	5	47	10	173	1	2	104	ST1680	II
1681	1	2	9	3	2	5	3	CC4	I
1682	44	226	246	72	70	494	226	ST1682	III
1683	217	183	271	347	75	360	241	ST1683	III
1684	204	258	272	348	162	495	37	ST1684	III
1685	189	259	273	349	32	471	242	ST1685	III
1686	5	6	8	62	6	204	34	CC321	II
1687	281	141	13	350	89	496	50	ST1687	III
1688	11	1	4	15	2	1	4	ST1688	I
1689	7	46	8	241	1	2	1	ST1689	II
1690	282	260	274	351	27	497	243	ST1690	III
1691	5	6	275	7	5	2	1	CC8	II
1692	2	1	11	3	72	1	7	CC5	I
1693	4	4	4	3	2	1	244	CC3	I
1694	283	261	276	352	32	298	172	ST1694	III
1695	170	1	12	353	2	1	5	ST1695	I
1696	5	6	277	62	6	7	34	CC321	II
1697	284	79	12	3	18	1	5	CC663	I
1698	113	10	10	67	13	2	1	ST1698	II
1699	1	1	11	11	2	498	5	CC2	I
1700	189	39	99	354	229	471	245	ST1700	III
1701	285	10	16	7	5	2	1	CC155	II
1702	286	262	278	355	230	499	246	ST1702	III
1703	92	117	279	356	231	437	247	ST1703	III
1704	32	11	21	24	17	31	13	CC131	III
1705	7	263	56	6	1	2	1	CC11	II
1706	2	1	9	357	3	5	5	CC554	I
1707	49	11	21	358	32	123	46	ST1707	III
1708	5	264	2	5	1	6	1	ST1708	II
1709	287	265	280	113	16	500	248	ST1709	III
1710	15	10	18	18	232	3	1	CC29	II
1711	288	33	42	359	32	409	25	ST1711	III
1712	44	266	77	48	89	206	50	ST1712	III
1713	289	71	281	360	27	501	249	CC1713	III
1714	41	71	117	156	134	298	250	ST1714	III
1715	40	267	42	52	32	113	25	CC267	III
1716	5	10	2	7	1	502	48	ST1716	II
1717	58	206	32	25	89	503	24	ST1717	III
1718	290	268	282	361	32	504	251	ST1718	III
1719	291	269	283	362	233	505	252	ST1719	III
1720	292	186	284	360	16	457	177	ST1720	III
1721	198	270	218	350	234	300	194	ST1721	III
1722	41	30	142	363	101	246	28	ST1722	III
1723	293	271	44	364	235	506	29	ST1723	III
1724	3	1	285	1	3	1	3	CC1	I
1725	294	117	227	365	68	507	253	ST1725	III
1726	61	5	17	30	6	7	1	CC452	II
1727	295	101	91	63	58	149	38	ST1727	IV
1728	189	206	198	366	16	297	43	ST1728	III
1729	113	272	10	367	1	314	1	ST1729	II
1730	296	259	64	368	236	500	25	ST1730	III
1731	297	33	21	369	25	123	55	ST1731	III
1732	298	273	286	370	237	409	254	ST1732	III
1733	41	30	142	144	101	246	160	ST1733	III
1734	299	274	99	371	238	508	255	ST1734	III
1735	300	162	287	372	13	509	1	ST1735	II
1736	5	162	244	373	13	314	1	ST1736	II
1737	142	71	44	374	159	510	256	ST1737	III
1738	2	1	288	1	3	5	5	CC554	I
1739	85	44	29	31	61	228	39	ST1739	IV
1740	5	6	10	8	6	511	1	ST1740	II
1741	44	53	61	375	41	155	43	CC406	III
1742	108	2	12	3	2	5	3	CC4	I
1743	92	117	279	365	157	367	257	ST1743	III
1744	34	39	11	376	3	1	2	CC288	I
1745	205	85	8	8	1	26	103	CC1076	II
1746	7	13	19	6	1	7	15		II
1747	301	117	289	377	239	512	158	ST1747	III
1748	302	275	118	378	159	513	258	ST1748	III
1749	303	112	118	379	240	112	259	ST1749	III
1750	304	276	290	380	241	514	260	ST1750	III
1751	59	33	21	24	25	123	55	CC1751	III
1752	59	33	103	24	242	123	20	ST1752	III
1753	5	5	6	18	1	7	1	CC570	II
1754	127	30	291	381	70	111	28	ST1754	III
1755	305	71	203	382	169	285	145	ST1755	III
1756	7	128	10	383	1	515	1	ST1756	II
1757	17	13	16	6	5	7	1	CC20	II
1758	8	6	8	6	1	2	1	CC689	II
1759	306	277	119	384	243	361	13	ST1759	III
1760	93	10	8	8	210	516	1	ST1760	II
1761	7	47	10	139	1	517	1	CC838	II
1762	307	1	11	11	2	498	5	CC2	I
1763	113	71	129	48	86	298	261	ST1763	III
1764	3	278	135	3	3	1	4	ST1764	I
1765	129	71	129	48	41	298	98	CC880	III
1766	44	68	206	385	16	295	169	ST1766	III
1767	206	10	17	386	17	14	1	CC1767	II
1768	97	33	23	24	25	123	13	ST1768	III
1769	93	10	15	4	210	462	1	ST1769	II
1770	7	66	8	8	6	37	1	CC121	II
1771	113	173	10	6	13	314	1	CC1771	II
1772	8	6	15	387	5	2	1	CC14	II
1773	1	2	12	3	244	5	3	CC4	I
1774	41	226	292	388	16	457	177	ST1774	III
1775	20	32	77	389	41	109	51	ST1775	III
1776	59	11	201	24	173	164	20	ST1776	III
1777	5	15	3	390	6	7	1	ST1777	II
1778	3	1	293	70	2	1	5	CC388	I
1779	44	71	294	48	41	285	194	CC1779	III
1780	129	32	129	48	89	298	98	ST1780	III
1781	204	30	292	54	151	246	194	ST1781	III
1782	308	279	295	364	33	518	262	ST1782	III
1783	5	280	5	4	6	2	1	CC7	II
1784	5	97	17	367	1	26	6	ST1784	II
1785	5	46	3	391	1	2	1	ST1785	II
1786	92	281	296	392	245	519	198	ST1786	III
1787	1	1	9	14	2	1	5	CC2	I
1788	3	9	9	3	3	1	263	CC6	I
1789	309	58	204	24	32	164	20	CC1789	III
1790	5	5	17	393	12	96	1	ST1790	II
1791	7	84	101	6	1	251	1	CC665	II
1792	310	117	296	394	157	437	257	ST1792	III
1793	7	8	2	20	1	2	1	ST1793	II
1794	3	1	1	1	3	1	264	CC1	I
1795	311	282	99	395	246	113	238	ST1795	III
1796	6	5	8	4	1	302	6	CC831	II
1797	7	5	297	4	1	302	6	CC920	II
1798	312	101	29	101	36	283	72	ST1798	IV
1799	282	30	298	396	75	73	265	ST1799	III
1800	7	10	3	20	5	2	1	ST1800	II
1801	23	162	3	137	1	6	1	ST1801	II
1802	116	58	193	146	247	111	144	ST1802	III
1803	7	10	10	18	13	509	1	ST1803	II
1804	185	33	207	72	34	111	37	ST1804	III
1805	313	283	119	156	248	505	266	ST1805	III
1806	44	71	294	397	41	285	194	CC1779	III
1807	314	284	271	398	89	520	26	ST1807	III
1808	43	35	45	53	249	114	30	CC268	III
1809	204	71	218	360	250	501	249	ST1809	III
1810	5	27	19	139	13	3	1	ST1810	II
1811	1	32	9	399	7	1	5	ST1811	I
1812	2	285	11	3	3	1	7	CC5	I
1813	5	10	8	6	1	6	1	CC671	II
1814	7	6	17	36	6	37	1	ST1814	II
1815	3	1	1	16	2	1	2	ST1815	I
1816	41	68	149	220	41	505	63	ST1816	III
1817	326	117	296	415	258	539	278	ST1817	III
1818	92	292	134	113	220	380	279	ST1818	III
1819	3	1	135	15	3	1	2	ST1819	I
1820	327	293	42	416	259	409	150	ST1820	III
1821	328	107	77	93	41	313	175	ST1821	III
1822	206	10	17	417	17	14	1	CC1767	II
1823	289	71	281	360	250	501	249	CC1713	III
1824	3	1	12	418	2	5	5	CC388	I
1825	329	1	11	3	3	1	7	CC5	I
1826	41	71	129	220	16	206	280	ST1826	III
1827	316	71	43	419	70	527	28	ST1827	III
1828	17	6	3	6	6	7	1	ST1828	II
1829	330	71	198	420	169	285	281	ST1829	III
1830	315	30	117	400	251	521	267	ST1830	III
1831	316	33	299	251	70	522	28	ST1831	III
1832	5	13	8	6	1	6	1	CC671	II
1833	5	10	3	21	5	523	6	CC901	II
1834	7	5	3	5	5	2	1	ST1834	II
1835	92	117	227	401	252	524	268	ST1835	III
1836	5	10	3	402	1	2	6	ST1836	II
1837	7	29	3	8	6	525	6	ST1837	II
1838	86	75	92	101	253	526	73	ST1838	IV
1839	11	1	4	38	2	39	5	CC429	I
1840	113	71	194	403	70	111	175	ST1840	III
1841	138	294	8	241	1	26	1	ST1841	II
1842	3	1	312	1	3	1	3	CC1	I
1843	17	295	3	6	5	7	1	CC20	II
1844	7	66	17	21	8	2	6	ST1844	II
1845	7	7	6	4	13	4	1	CC204	II
1846	2	4	12	3	3	540	2	CC392	I
1847	5	6	17	390	6	7	1	ST1847	II
1848	5	10	8	6	210	2	1	ST1848	II
1849	5	47	10	228	1	502	1	ST1849	II
1850	41	179	43	54	70	111	28	CC800	III
1851	317	1	1	1	3	1	3	CC1	I
1852	2	1	135	38	2	1	2	CC1041	I
1853	5	29	3	116	39	3	1	ST1853	II
1854	123	45	266	63	61	541	237	ST1854	IV
1855	7	296	16	7	5	2	1	CC155	II
1856	116	179	204	146	260	542	282	ST1856	III
1857	331	30	313	421	16	543	283	ST1857	III
1858	1	1	314	11	2	1	5	CC2	I
1859	323	297	130	113	91	380	284	ST1859	III
1860	332	274	99	422	261	108	285	ST1860	III
1861	5	6	3	68	13	314	1	ST1861	II
1862	333	298	315	423	32	513	286	ST1862	III
1863	334	118	219	424	134	285	250	ST1863	III
1864	138	66	17	425	1	123	6	CC1864	II
1865	217	183	32	426	262	73	24	ST1865	III
1866	3	2	12	17	3	1	3	ST1866	I
1867	7	122	8	6	1	3	1	CC938	II
1868	76	71	117	427	27	109	194	ST1868	III
1869	7	10	316	7	5	2	1	CC155	II
1870	7	10	317	139	6	314	1	ST1870	II
1871	5	10	3	4	210	2	1	ST1871	II
1872	254	11	53	306	25	544	46	ST1872	III
1873	5	299	8	6	6	7	1	ST1873	II
1874	92	247	318	113	263	380	83	ST1874	III
1875	7	300	10	428	13	545	1	ST1875	II
1876	24	101	29	102	36	150	38	ST1876	IV
1877	5	6	319	62	6	7	34	CC321	II
1878	11	3	12	38	3	94	287	CC224	I
1879	7	249	10	6	210	2	1	CC11	II
1880	5	46	2	6	6	546	1	ST1880	II
1881	312	75	29	429	61	178	288	ST1881	IV
1882	335	11	21	24	25	164	44	CC1882	III
1883	336	301	320	50	169	109	289	ST1883	III
1884	337	297	321	430	96	547	290	ST1884	III
1885	136	302	8	241	1	26	1	ST1885	II
1886	338	303	61	160	41	285	56	CC1886	III
1887	76	68	322	146	169	457	44	ST1887	III
1888	7	8	17	221	140	123	1	ST1888	II
1889	41	71	77	80	110	298	100	ST1889	III
1890	41	286	300	144	70	527	269	ST1890	III
1891	318	46	301	24	151	315	270	ST1891	III
1892	319	68	202	404	29	528	172	ST1892	III
1893	320	27	10	4	13	2	6	ST1893	II
1894	5	10	8	7	1	26	6	CC787	II
1895	321	4	4	3	2	1	5	CC3	I
1896	17	7	3	4	5	4	1	ST1896	II
1897	5	97	17	405	5	529	6	ST1897	II
1898	322	287	302	93	254	201	271	CC1898	III
1899	7	15	15	6	1	530	40	CC1899	II
1900	323	288	296	356	236	531	272	ST1900	III
1901	131	289	303	72	16	532	250	ST1901	III
1902	5	13	8	8	1	6	1	CC671	II
1903	9	304	15	6	8	26	1	CC199	II
1904	2	1	323	14	3	1	4	ST1904	I
1905	7	162	10	431	1	548	9	ST1905	II
1906	7	47	8	185	13	314	1	CC1906	II
1907	6	6	17	6	210	549	85	ST1907	II
1908	7	49	324	6	1	24	1	CC19	II
1909	7	6	16	30	6	2	1	ST1909	II
1910	2	1	9	406	3	5	5	CC554	I
1911	7	10	3	68	5	7	1	ST1911	II
1912	34	39	304	15	3	1	2	CC288	I
1913	5	5	3	30	6	6	1	CC906	II
1914	116	30	305	407	16	164	273	ST1914	III
1915	254	11	180	218	32	533	20	ST1915	III
1916	7	85	8	315	1	3	1	ST1916	II
1917	7	13	306	4	1	530	1	ST1917	II
1918	53	47	3	67	255	3	41	ST1918	II
1919	324	1	12	16	3	1	7	CC59	I
1920	5	6	307	408	6	7	1	ST1920	II
1921	7	122	8	6	1	3	274	CC938	II
1922	275	30	271	409	170	73	24	ST1922	III
1923	3	9	12	1	3	5	3	ST1923	I
1925	7	49	8	410	5	2	103	CC1066	II
1926	11	290	135	14	3	1	5	ST1926	I
1927	22	178	21	83	17	123	55	ST1927	III
1928	131	33	171	366	34	534	275	ST1928	III
1929	92	117	308	411	101	535	276	ST1929	III
1930	130	1	57	15	4	1	2	ST1930	I
1931	322	287	302	93	254	457	271	CC1898	III
1932	1	2	309	3	2	5	3	CC4	I
1933	7	106	8	149	256	340	6	ST1933	II
1934	1	1	310	1	2	5	3	ST1934	I
1935	7	10	3	8	5	536	1	ST1935	II
1936	282	291	32	412	75	390	26	ST1936	III
1937	5	97	8	20	5	312	1	CC1016	II
1938	325	30	311	413	32	537	277	ST1938	III
1939	282	284	32	414	257	538	291	ST1939	III
1940	76	68	325	72	16	371	292	ST1940	III
1941	339	30	326	93	27	109	43	ST1941	III
1942	41	305	327	72	16	550	293	ST1942	III
1943	7	15	10	6	1	530	40	CC1899	II
1944	8	6	328	8	6	37	1	CC121	II
1945	44	118	198	48	41	377	147	ST1945	III
1946	22	30	72	75	22	551	55	ST1946	III
1947	340	178	204	432	260	111	178	ST1947	III
1948	281	151	198	388	89	552	56	ST1948	III
1949	204	71	118	144	151	246	28	CC1664	III
1950	212	306	329	433	32	553	262	ST1950	III
1951	7	27	10	4	13	3	1	ST1951	II
1952	212	307	118	243	33	554	29	ST1952	III
1953	138	128	10	6	1	308	1	ST1953	II
1954	118	33	330	434	33	295	178	ST1954	III
1955	56	71	78	389	161	555	289	ST1955	III
1956	1	1	12	267	264	1	3	CC1258	I
1957	12	1	331	14	3	39	4	CC87	I
1958	1	51	332	13	2	5	5	CC183	I
1959	59	32	21	24	25	123	55	CC1751	III
1960	341	1	9	1	3	1	4	CC651	I
1961	52	1	27	435	2	1	5	ST1961	I
1962	1	1	11	11	265	1	5	CC2	I
1963	342	68	77	436	16	285	94	ST1963	III
1964	92	308	127	401	220	556	158	ST1964	III
1965	44	196	217	273	16	409	25	CC1283	III
1966	7	5	17	18	12	2	6	ST1966	II
1967	335	11	72	24	25	164	44	CC1882	III
1968	7	14	63	30	1	26	1	CC395	II
1969	34	1	57	437	2	1	2	CC363	I
1970	343	117	227	332	239	499	247	ST1970	III
1971	3	9	9	438	3	1	5	CC6	I
1972	5	6	2	439	5	2	1	CC8	II
1973	344	1	11	3	3	1	7	CC5	I
1974	15	27	17	440	1	8	1	ST1974	II
1975	5	309	8	7	5	3	294	ST1975	II
1976	7	6	8	8	266	37	1	CC121	II
1977	345	85	8	8	1	557	103	ST1977	II
1978	41	32	281	441	260	558	238	ST1978	III
1979	113	66	17	425	1	123	6	CC1864	II
1980	6	310	8	442	5	3	1	ST1980	II
1981	5	8	5	7	267	2	1	CC7	II
1982	5	7	3	5	268	8	6	CC37	II
1983	1	1	135	267	18	1	5	ST1983	I
1984	217	30	35	126	25	313	94	ST1984	III
1985	346	15	15	8	6	2	1	ST1985	II
1986	347	162	8	139	13	3	295	ST1986	II
1987	348	58	204	24	32	164	20	CC1789	III
1988	7	311	8	6	13	559	1	ST1988	II
1989	52	1	333	1	3	1	4	CC651	I
1990	44	70	171	443	34	111	180	ST1990	III
1991	44	30	117	72	260	560	296	ST1991	III
1992	6	5	2	4	1	302	6	CC831	II
1993	113	5	10	444	1	314	1	ST1993	II
1994	41	155	204	249	151	285	175	CC1994	III
1995	59	266	334	445	32	123	297	ST1995	III
1996	7	15	8	6	13	312	1	ST1996	II
1997	195	13	10	228	1	3	1	CC1127	II
1998	5	6	8	7	6	7	1	CC573	II
1999	92	117	127	113	157	380	170	CC1180	III
2000	349	117	335	113	147	499	298	ST2000	III
2001	7	47	8	185	13	3	1	CC1906	II
2002	350	68	336	446	269	561	299	ST2002	III
2003	92	312	98	447	68	562	198	ST2003	III
2004	44	313	337	448	51	563	280	ST2004	III
2005	351	314	338	449	270	564	246	ST2005	III
2006	5	8	5	450	6	2	1	CC7	II
2007	352	5	2	4	1	302	6	CC831	II
2008	7	49	2	6	1	429	6	ST2008	II
2009	97	11	52	75	32	111	300	ST2009	III
2010	92	315	308	113	91	296	97	ST2010	III
2011	5	10	2	6	1	6	1	CC671	II
2012	7	10	3	116	5	3	1	ST2012	II
2013	277	22	21	445	271	31	56	ST2013	III
2014	7	316	19	6	1	24	85	ST2014	II
2015	198	165	339	451	97	287	44	ST2015	III
2016	5	10	8	20	6	7	1	CC200	II
2017	3	1	1	3	3	1	3	CC6	I
2018	92	317	227	113	96	437	298	ST2018	III
2019	113	124	10	6	13	314	1	CC1771	II
2020	353	71	326	93	25	285	43	ST2020	III
2021	92	318	289	401	157	437	301	ST2021	III
2022	116	33	13	403	16	565	175	ST2022	III
2023	131	33	43	452	151	111	302	ST2023	III
2024	34	1	135	38	3	1	2	CC1041	I
2025	354	9	9	3	3	1	5	CC6	I
2026	58	68	294	48	32	285	303	ST2026	III
2027	7	319	8	7	1	4	1	ST2027	II
2028	3	31	14	14	3	5	5	CC345	I
2029	355	141	340	453	16	566	249	ST2029	III
2030	293	320	44	364	272	506	29	ST2030	III
2031	7	6	8	7	5	7	1	CC573	II
2032	356	321	130	113	239	567	198	ST2032	III
2033	357	1	1	14	2	5	5	ST2033	I
2034	358	117	289	454	68	499	247	ST2034	III
2035	1	2	9	455	2	5	3	CC4	I
2036	359	30	341	456	27	555	51	ST2036	III
2037	127	178	142	419	151	111	28	ST2037	III
2038	11	1	48	14	3	1	4	ST2038	I
2039	41	118	198	457	110	285	147	ST2039	III
2040	44	30	132	48	273	298	194	ST2040	III
2041	5	6	8	62	6	568	34	CC321	II
2042	44	71	342	80	89	569	50	ST2042	III
2043	338	303	61	160	41	570	56	CC1886	III
2044	136	6	17	18	1	26	1	ST2044	II
2045	7	47	10	458	1	2	1	CC935	II
2046	360	322	219	51	25	123	55	ST2046	III
2047	353	100	50	459	75	155	51	ST2047	III
2048	5	8	5	7	6	2	6	CC7	II
2049	361	323	343	339	89	491	304	ST2049	III
2050	362	324	271	148	274	528	305	ST2050	III
2051	53	47	8	67	1	3	41	CC369	II
2052	7	10	8	187	1	2	1	ST2052	II
2053	2	1	9	1	3	18	5	CC554	I
2054	3	1	12	70	275	1	5	CC388	I
2055	8	6	15	6	6	2	306	CC14	II
2056	237	185	32	460	75	313	307	ST2056	III
2057	41	30	142	144	101	571	28	ST2057	III
2058	363	325	118	461	272	572	176	ST2058	III
2059	364	1	1	1	3	1	3	CC1	I
2060	365	326	344	249	32	390	308	ST2060	III
2061	312	327	29	63	61	283	39	ST2061	IV
2062	366	11	21	24	17	123	55	CC1382	III
2063	1	2	345	3	2	5	3	CC4	I
2064	11	12	4	71	3	1	2	CC195	I
2065	367	11	346	462	276	573	255	ST2065	III
2066	44	53	61	72	41	155	43	CC406	III
2067	92	328	127	463	101	535	276	ST2067	III
2068	92	32	134	159	277	512	83	ST2068	III
2069	41	71	129	220	278	206	261	ST2069	III
2070	278	11	267	339	164	574	24	ST2070	III
2071	7	172	8	8	13	26	309	ST2071	II
2072	53	329	8	67	13	3	41	CC369	II
2073	41	155	204	249	151	575	175	CC1994	III
2074	369	330	30	33	217	356	17	ST2074	L. innocua
2075	143	21	40	167	55	577	16	CC43	L. innocua
2076	28	23	33	465	23	192	16	CC140	L. innocua
2077	3	1	1	466	3	1	3	CC1	I
2078	3	1	348	1	3	1	3	CC1	I
2079	9	10	15	6	8	578	1	CC199	II
2080	371	1	1	1	3	1	3	CC1	I
2081	5	6	349	9	5	3	1	CC8	II
2082	238	6	10	467	6	2	1	ST2082	II
2083	7	7	10	4	280	24	1	CC403	II
2084	8	6	15	6	5	2	311	CC14	II
2085	372	5	6	4	1	4	1	CC9	II
2086	5	331	2	9	5	3	1	CC8	II
2087	1	1	11	11	2	43	5	CC2	I
2088	7	332	10	21	1	4	1	CC451	II
2089	44	32	99	468	281	579	271	ST2089	III
2090	7	6	8	469	6	37	1	CC121	II
2091	204	225	10	6	1	26	1	ST2091	II
