ST	aroC	dnaN	hemD	hisD	purE	sucA	thrA	clonal_complex
1	1	1	1	1	1	1	5	
2	1	1	2	1	1	1	5	
3	1	1	2	1	1	1	9	
4	43	41	16	13	34	13	4	
5	16	43	45	43	36	39	42	
6	4	4	4	5	4	4	8	
7	2	2	3	2	2	2	6	
8	1	1	2	3	1	1	5	
9	33	26	30	55	21	87	134	
10	5	2	3	6	5	5	10	
11	5	2	3	7	6	6	11	
12	6	5	6	7	5	7	12	
13	3	3	7	4	3	3	7	
14	7	6	8	8	7	8	13	
15	2	7	9	9	5	9	12	
16	6	7	10	10	8	10	14	
17	8	8	11	11	5	11	15	
18	9	9	6	12	9	12	2	
19	10	7	12	9	5	9	2	
20	11	10	13	13	10	13	4	
21	12	2	14	14	11	14	16	
22	12	2	15	14	11	14	16	
23	13	11	16	15	12	15	4	
24	13	12	17	16	13	16	4	
25	14	13	18	12	14	17	1	
26	14	13	18	12	14	18	1	
27	5	14	18	9	6	12	17	
28	15	15	19	17	5	19	18	
29	16	16	20	18	8	12	18	
30	10	17	21	12	15	20	18	
31	2	2	15	14	15	20	12	
32	17	18	22	17	5	21	19	
33	2	5	6	7	5	7	12	
34	10	19	12	9	5	9	2	
35	10	7	12	9	5	9	20	
36	18	14	12	9	5	18	21	
37	3	3	7	19	3	3	7	
38	2	7	10	10	8	10	14	
39	19	20	3	20	5	2	22	
40	19	20	3	20	5	22	22	
41	17	18	12	17	5	21	19	
42	20	4	23	14	16	19	18	
43	2	14	24	14	2	19	8	
44	9	9	6	7	9	12	2	
45	10	7	21	14	15	12	12	
46	10	7	21	12	15	12	12	
47	21	11	16	15	12	15	4	
48	22	11	25	21	10	23	23	
49	5	14	21	9	6	12	17	
50	5	21	18	9	6	12	17	
51	16	16	26	18	8	12	18	
52	23	9	15	12	17	20	12	
53	24	22	27	22	18	24	24	
54	25	23	27	23	19	24	25	
55	26	24	28	24	20	25	26	
56	27	25	29	24	20	26	27	
57	28	26	30	25	21	27	28	
58	29	27	30	26	21	28	28	
59	30	28	31	27	22	29	29	
60	31	28	32	28	23	29	30	
61	32	29	33	29	24	30	31	
62	32	30	34	30	24	31	32	
63	33	26	30	26	21	32	28	
64	10	14	15	31	25	20	33	
65	11	10	13	32	10	13	4	
66	34	31	35	14	26	6	8	
67	35	32	36	33	27	33	3	
68	36	31	35	14	26	34	8	
69	37	33	37	34	6	9	34	
70	38	34	38	35	28	35	4	
71	39	35	8	36	29	9	36	
72	40	36	3	37	29	9	36	
73	5	2	3	38	5	5	10	
74	41	4	23	14	16	19	18	
75	14	37	39	33	30	19	37	
76	8	38	40	12	5	9	38	
77	10	39	41	39	5	19	39	
78	5	2	42	7	31	6	11	
79	11	11	17	40	32	9	40	
80	42	40	17	41	33	36	41	
81	43	41	16	42	35	13	4	
82	41	42	43	12	9	12	2	
83	41	9	21	12	8	37	17	
84	44	14	44	14	15	38	17	
85	45	4	8	44	27	9	8	
86	2	14	24	14	37	19	8	
88	46	44	46	46	38	18	34	
89	47	45	47	47	39	9	43	
90	48	31	35	14	26	40	44	
91	49	11	25	15	12	15	4	
92	5	2	3	7	31	41	11	
93	50	10	25	13	10	13	4	
94	42	46	48	48	40	35	4	
95	3	36	43	38	16	42	38	
96	43	47	49	49	41	15	3	
97	51	48	43	50	42	43	45	
98	10	7	50	9	5	9	2	
99	10	7	12	9	5	9	46	
101	52	3	40	51	44	45	3	
102	53	49	51	52	45	46	48	
103	54	50	27	53	46	47	49	
104	55	51	52	54	47	48	50	
105	33	26	30	55	21	49	28	
106	56	25	29	56	48	50	51	
107	57	52	31	57	22	29	30	
108	58	29	53	29	24	30	52	
110	2	2	24	14	2	19	8	
111	41	42	43	12	9	12	53	
112	41	42	43	58	9	12	2	
113	9	9	6	59	9	12	2	
114	48	31	35	14	26	52	8	
115	16	2	45	43	36	12	42	
116	10	7	21	14	15	39	12	
117	16	2	45	43	15	12	42	
118	16	2	45	43	36	39	42	
119	16	2	18	43	36	12	42	
120	16	2	40	43	36	39	42	
121	10	7	21	14	36	12	12	
122	16	2	45	43	15	39	42	
123	10	2	21	43	36	12	42	
125	10	7	21	14	15	53	12	
126	11	10	25	13	10	35	4	
127	46	54	46	46	38	18	34	
128	10	7	12	9	5	55	2	
129	45	4	8	44	27	56	8	
130	45	4	8	44	50	9	8	
131	10	56	21	14	15	12	12	
132	2	57	15	14	15	20	12	
133	36	31	35	14	26	6	55	
134	45	4	8	44	53	9	8	
135	46	55	23	14	16	54	56	
136	5	2	3	61	6	6	11	
137	10	7	12	9	5	57	2	
138	11	41	55	42	34	58	4	
139	36	31	57	14	26	34	8	
140	13	11	17	16	13	60	4	
141	59	58	56	62	51	59	16	
142	2	59	23	64	38	61	12	
143	60	12	17	63	13	16	4	
145	36	31	35	14	26	6	8	
146	48	31	35	14	26	40	8	
147	48	31	35	14	26	44	47	
148	2	59	23	64	38	62	12	
149	2	14	24	14	49	19	8	
150	61	12	10	65	54	63	57	
151	62	53	54	60	5	64	54	
152	62	53	54	60	5	53	54	
153	10	7	12	9	5	9	53	
155	10	60	58	66	6	65	16	
156	63	14	6	12	5	14	58	
157	10	61	21	12	15	12	12	
158	10	62	21	67	15	12	12	
159	10	7	12	9	5	66	2	
160	65	25	29	69	48	26	60	
161	33	26	30	55	56	68	61	
162	30	28	31	57	57	69	30	
163	16	2	60	43	36	39	42	
164	16	2	45	70	36	39	42	
165	10	7	21	14	58	12	12	
166	5	14	6	12	5	14	58	
167	16	2	61	71	36	39	42	
168	66	2	3	7	6	6	11	
169	50	63	25	72	59	71	62	
170	41	42	62	58	9	12	2	
171	67	10	17	73	9	9	4	
172	68	2	3	7	5	6	10	
173	69	42	43	58	9	12	2	
174	50	63	25	72	59	71	63	
175	13	12	63	16	13	72	4	
176	41	42	64	12	9	12	2	
177	41	42	65	58	9	12	2	
178	5	15	66	46	5	6	22	
179	39	41	25	74	40	13	3	
180	41	2	3	7	5	6	10	
181	70	7	10	10	2	10	14	
182	16	16	20	18	8	73	18	
183	5	2	3	7	60	6	11	
184	10	64	21	14	15	12	33	
185	71	65	67	75	61	9	64	
186	72	32	10	33	62	74	3	
187	16	43	45	43	36	39	12	
188	2	7	15	14	15	39	12	
189	16	2	45	14	36	39	42	
190	16	2	40	43	36	19	42	
191	2	2	15	14	15	20	42	
192	73	66	68	76	63	75	65	
193	10	2	21	14	15	20	12	
194	12	2	69	14	11	14	16	
195	43	41	16	13	12	13	4	
196	74	6	70	8	7	76	13	
197	75	67	10	17	15	9	66	
198	76	14	3	77	64	64	67	
199	16	2	45	43	65	39	42	
200	77	2	15	14	15	20	12	
201	16	7	21	14	15	12	42	
202	78	68	18	46	66	10	34	
203	81	69	36	12	68	12	17	
204	10	7	12	9	5	74	2	
205	10	7	12	9	5	46	2	
206	15	70	51	78	64	6	68	
208	82	38	26	12	27	78	70	
210	74	6	70	8	7	79	13	
211	10	7	21	12	15	12	71	
212	10	71	21	12	15	20	18	
213	10	7	12	9	70	9	2	
214	14	72	21	12	6	19	15	
216	2	73	41	79	71	65	72	
217	71	65	67	75	73	9	64	
221	62	53	54	77	5	53	54	
223	16	2	61	43	36	39	42	
225	83	11	16	13	77	71	4	
226	84	76	38	16	12	13	4	
227	13	34	71	80	59	83	4	
228	85	77	72	81	78	84	76	
229	86	77	73	22	18	85	77	
230	87	78	74	82	48	50	60	
231	56	24	75	83	79	86	78	
232	56	25	75	55	80	26	79	
233	88	26	30	55	21	87	80	
234	33	79	30	84	81	87	28	
235	88	26	30	55	21	87	28	
236	89	28	31	27	82	88	81	
237	90	28	76	27	83	89	30	
238	11	10	25	13	12	35	4	
239	50	80	25	85	40	58	4	
240	91	81	8	86	84	90	82	
241	43	47	49	16	41	15	3	
242	25	82	77	22	85	91	25	
243	88	26	30	87	21	87	80	
244	88	26	30	26	21	92	80	
245	43	83	17	49	12	93	83	
246	36	31	35	84	26	6	8	
247	92	84	36	20	86	94	84	
248	5	85	15	88	76	95	85	
249	11	10	13	32	10	13	3	
250	2	2	9	7	64	19	86	
251	93	4	18	89	5	96	87	
252	92	86	78	89	88	97	88	
253	29	14	30	26	21	87	28	
254	20	7	3	62	89	9	12	
255	15	4	18	46	90	9	34	
256	94	4	18	46	90	9	34	
257	41	4	18	90	5	96	89	
258	6	87	79	91	91	9	90	
259	95	82	80	22	85	98	91	
260	10	14	81	92	92	99	92	
261	39	88	15	14	8	10	22	
262	45	8	82	93	93	7	93	
264	25	14	24	14	37	19	8	
265	96	14	24	14	37	19	8	
266	45	14	24	14	37	19	8	
267	97	14	24	14	37	19	8	
268	10	89	8	33	94	100	94	
269	2	89	8	33	94	100	94	
270	2	90	36	94	95	101	95	
271	2	14	40	95	96	102	96	
272	2	91	83	96	39	103	97	
273	2	8	3	14	97	19	14	
274	41	92	84	97	98	104	98	
275	60	11	17	13	33	105	4	
276	24	22	27	22	18	24	99	
277	98	93	85	98	42	9	22	
278	99	94	8	99	99	9	12	
279	62	95	54	96	100	9	100	
280	100	92	84	97	98	104	98	
281	41	86	86	100	5	106	48	
282	84	96	79	101	76	9	22	
283	101	97	25	86	101	19	101	
284	22	11	48	13	102	107	4	
285	13	11	25	102	12	71	4	
286	5	36	87	103	29	108	102	
287	13	63	16	104	40	23	4	
288	102	15	8	105	8	18	103	
289	103	98	88	106	103	109	22	
290	73	35	68	76	63	75	65	
291	4	99	36	107	2	9	104	
292	104	100	54	78	104	9	48	
293	105	2	3	12	5	19	17	
294	106	101	89	7	105	39	12	
295	17	18	22	17	5	110	19	
296	15	4	90	108	106	111	3	
297	107	4	36	109	107	45	105	
298	75	14	40	110	25	2	22	
299	108	102	10	111	108	112	36	
300	109	35	8	96	109	113	106	
301	110	103	40	112	90	114	102	
302	10	7	12	9	110	9	2	
303	6	7	10	10	39	10	14	
305	43	41	16	42	34	13	23	
306	111	47	49	16	41	15	4	
307	2	14	24	14	2	19	107	
308	22	104	25	113	12	83	4	
309	112	105	3	98	111	115	108	
310	5	2	91	7	6	6	11	
311	113	13	15	14	11	14	16	
312	114	3	8	114	76	9	109	
313	10	7	12	9	112	9	2	
314	115	75	8	115	2	116	110	
315	15	70	93	78	113	9	68	
316	43	41	16	42	35	13	111	
317	13	106	92	113	114	107	4	
318	62	53	54	60	5	53	113	
319	118	107	8	51	2	117	16	
320	13	63	25	72	59	118	63	
321	119	10	17	42	12	13	4	
322	43	47	49	49	41	15	114	
323	120	7	12	9	5	9	2	
324	5	36	87	103	38	108	102	
325	2	14	24	14	26	19	107	
326	6	7	10	10	12	10	14	
327	2	5	6	7	36	7	12	
328	116	7	12	9	5	9	2	
329	82	38	26	12	115	78	70	
330	121	13	8	116	38	7	115	
331	122	2	42	7	31	6	11	
332	10	7	94	9	5	9	2	
333	10	67	10	17	15	9	66	
334	11	10	13	32	10	13	112	
335	117	73	41	79	71	65	72	
336	10	73	41	79	71	9	72	
337	2	73	41	79	71	65	8	
338	11	40	25	16	12	16	63	
339	17	7	35	9	5	9	14	
340	17	58	3	76	66	10	12	
341	50	14	18	78	64	6	63	
342	19	70	67	75	45	7	39	
343	11	10	25	118	10	13	4	
344	5	14	18	9	6	12	116	
345	16	2	45	43	36	20	42	
346	2	2	15	14	36	20	12	
347	16	43	45	43	36	20	42	
348	2	57	15	14	15	39	12	
349	2	2	15	43	36	20	12	
350	16	2	95	117	36	39	117	
351	16	2	45	62	36	39	42	
352	16	43	45	43	15	39	42	
353	10	7	21	43	15	12	12	
354	16	43	45	43	71	39	42	
355	10	7	21	14	15	7	12	
356	48	108	96	119	116	119	118	
357	111	109	8	120	117	45	4	
358	5	110	35	122	2	19	22	
359	6	7	10	10	2	10	14	
360	63	14	6	12	5	14	12	
361	17	111	3	12	61	21	119	
362	81	5	101	12	124	130	17	
363	129	31	35	14	26	6	8	
364	25	77	12	22	18	131	24	
365	130	97	25	125	84	9	101	
366	5	2	3	7	125	6	11	
367	14	112	43	123	118	115	120	
368	111	5	6	7	5	58	12	
369	111	5	49	7	12	7	121	
370	10	113	15	124	90	2	8	
371	13	12	17	16	117	16	4	
372	46	44	46	46	119	18	34	
373	79	68	18	46	66	10	34	
374	119	10	17	42	8	13	4	
375	16	2	45	43	5	39	42	
376	10	7	12	9	5	121	2	
377	2	59	23	64	38	61	122	
378	101	114	25	125	120	122	22	
379	13	63	25	62	114	123	23	
380	17	115	35	9	5	9	14	
381	124	64	40	126	8	19	123	
382	124	8	98	127	76	9	58	
383	125	63	17	62	12	58	3	
384	10	13	46	126	76	124	15	
385	111	109	8	120	121	45	4	
386	30	28	99	27	22	129	30	
387	101	4	25	128	13	126	124	
388	126	116	3	129	39	9	125	
389	127	117	40	33	122	127	126	
390	10	118	4	130	123	128	8	
391	114	14	79	131	38	42	16	
392	128	119	100	27	22	129	127	
393	131	41	102	132	113	132	128	
394	10	7	12	133	112	9	2	
395	132	30	103	134	126	133	129	
396	132	30	103	134	126	134	129	
397	133	120	104	135	24	135	130	
398	32	29	33	29	24	30	52	
399	134	121	105	136	127	136	52	
400	135	30	106	137	24	137	32	
401	132	30	103	134	126	135	138	
402	13	23	27	113	114	107	4	
403	132	30	107	134	24	135	138	
404	46	122	3	18	6	138	133	
405	2	15	21	138	130	139	12	
406	14	37	108	139	105	19	135	
407	45	14	82	9	128	6	34	
408	2	2	9	7	134	19	86	
409	138	41	109	94	39	132	3	
410	13	11	17	16	13	15	4	
411	11	10	25	42	40	13	4	
412	11	10	25	13	10	58	4	
413	15	70	93	78	113	6	68	
414	50	10	25	72	10	13	4	
415	140	105	78	93	14	10	3	
416	141	4	18	90	5	96	87	
417	141	4	18	140	5	96	87	
418	111	63	25	141	40	71	4	
419	13	11	25	72	10	23	23	
420	13	11	25	72	10	141	23	
421	142	123	110	142	137	7	139	
422	93	4	18	90	5	96	87	
423	20	4	23	14	16	19	140	
424	143	31	18	143	5	142	22	
425	127	90	111	33	122	143	95	
426	46	124	112	12	36	19	18	
427	144	2	108	12	115	19	1	
428	13	80	113	49	10	107	23	
429	10	7	12	9	5	144	2	
430	145	26	30	144	21	145	28	
431	92	125	85	128	138	9	141	
432	88	26	30	55	21	68	80	
433	30	28	31	27	22	29	30	
434	18	2	18	12	25	7	12	
435	2	2	3	124	2	2	6	
437	13	12	63	16	13	16	4	
438	2	14	15	145	5	20	22	
439	88	26	30	84	21	68	80	
440	140	105	85	93	14	10	3	
441	22	11	25	21	10	23	68	
442	17	8	3	146	97	19	14	
443	5	75	8	96	39	146	97	
444	14	112	43	123	118	147	120	
445	33	26	30	147	131	145	134	
446	15	126	101	88	8	19	18	
447	13	127	92	113	114	107	4	
448	48	128	96	119	116	119	118	
449	14	72	114	12	6	19	15	
450	83	46	25	148	33	23	63	
451	111	109	17	149	41	13	23	
452	30	28	31	150	22	29	30	
453	14	42	115	12	6	19	15	
454	30	28	31	151	22	148	30	
455	146	89	8	33	139	149	4	
457	137	2	36	152	2	7	6	
459	14	13	18	12	14	18	7	
460	5	2	3	7	6	6	19	
461	2	25	9	9	5	9	12	
462	117	14	23	127	6	7	22	
463	92	125	78	128	138	9	141	
464	10	129	18	153	8	150	22	
465	83	63	49	154	33	58	137	
466	147	13	15	123	140	7	17	
467	136	130	40	94	2	9	95	
468	33	86	30	155	135	87	134	
469	92	107	79	156	64	151	87	
470	5	2	3	7	31	6	11	
471	13	131	49	157	12	13	4	
472	88	68	30	87	21	87	80	
473	2	5	116	88	5	7	12	
474	161	147	96	178	155	12	142	
475	162	148	117	179	93	162	96	
476	163	26	30	180	141	163	134	
477	55	149	59	54	57	70	50	
478	119	11	17	42	12	13	4	
479	164	4	8	181	27	9	8	
480	136	132	80	182	85	98	91	
481	151	77	27	158	18	152	25	
482	127	133	40	159	76	74	95	
483	152	4	8	160	36	153	143	
484	153	134	118	161	142	154	103	
485	7	6	8	8	143	8	13	
486	102	135	98	162	8	9	144	
487	130	64	25	163	84	6	126	
488	13	80	119	164	12	15	145	
489	154	136	46	165	124	162	12	
490	99	137	120	116	144	19	120	
491	155	138	121	99	145	19	146	
492	13	46	25	49	146	155	4	
493	17	2	10	166	147	21	119	
494	45	77	8	167	27	9	8	
495	45	8	8	127	27	9	8	
496	71	139	25	75	36	156	147	
497	36	31	35	168	26	6	8	
498	17	115	8	169	148	157	22	
499	127	46	49	170	149	9	41	
500	127	90	40	171	150	158	148	
501	117	14	23	127	151	7	22	
502	14	14	122	172	6	7	33	
503	156	140	123	173	152	159	149	
504	157	141	17	16	33	13	4	
505	157	142	49	16	40	35	3	
506	158	143	28	174	20	50	60	
507	159	123	110	175	36	162	150	
508	48	144	26	176	153	160	96	
509	161	1	124	175	36	161	150	
510	160	145	3	177	130	7	151	
511	5	146	85	119	154	9	152	
512	13	109	49	13	12	13	4	
513	18	7	128	9	39	9	153	
514	111	109	17	16	41	13	23	
515	13	109	49	157	12	13	4	
516	84	11	16	42	40	71	4	
517	148	37	126	183	114	45	126	
518	101	41	40	184	76	90	3	
519	176	154	127	185	156	164	154	
520	111	109	17	149	41	58	23	
521	52	63	48	186	36	165	3	
522	2	7	9	9	5	7	12	
523	101	64	25	163	84	6	101	
524	84	150	16	42	40	166	4	
525	149	151	3	128	84	53	153	
526	150	152	36	103	132	167	4	
527	178	153	49	187	157	168	126	
529	169	84	8	189	158	169	156	
530	165	157	44	190	159	170	22	
531	179	160	10	122	61	8	157	
532	180	161	132	21	12	13	4	
533	14	7	3	191	6	19	12	
534	181	7	3	191	6	19	12	
535	17	2	10	166	160	171	119	
536	111	109	17	149	161	13	23	
537	14	117	133	192	27	132	136	
538	84	109	25	193	12	23	23	
539	168	14	15	146	5	90	12	
541	14	162	43	123	118	115	120	
542	161	163	96	178	155	12	33	
543	117	135	18	12	162	162	38	
544	4	164	134	195	132	46	158	
545	45	15	15	12	130	172	18	
546	14	14	122	172	6	7	2	
547	182	36	3	196	163	173	159	
548	13	11	25	197	12	71	4	
549	70	112	8	198	164	6	48	
550	175	11	125	199	9	174	160	
551	177	165	8	196	39	9	153	
552	167	155	79	200	90	9	161	
553	171	156	15	7	5	132	2	
554	110	159	78	183	136	9	126	
555	172	166	10	122	61	90	86	
556	170	20	3	201	165	9	33	
557	175	11	125	199	9	9	160	
558	110	167	135	202	166	45	102	
559	84	7	25	197	167	71	3	
560	174	7	35	203	168	8	162	
561	70	110	35	204	156	74	163	
562	37	4	46	205	8	175	164	
563	173	168	25	206	40	176	165	
564	11	169	38	149	40	35	23	
565	101	64	3	163	76	19	101	
566	2	20	10	207	169	9	139	
567	111	170	8	208	8	9	157	
568	183	7	12	9	5	9	2	
569	10	7	12	209	5	9	2	
570	2	171	24	14	2	19	8	
571	168	4	15	210	170	177	166	
572	22	11	16	21	184	23	4	
573	184	25	29	211	129	178	131	
574	29	173	30	212	21	145	132	
575	31	28	136	28	23	29	81	
576	33	152	30	213	131	87	134	
577	185	37	98	204	172	179	167	
578	139	174	68	132	133	9	168	
579	111	46	137	16	40	58	63	
580	99	175	46	11	111	180	1	
581	25	176	27	214	18	181	169	
582	2	5	116	88	5	19	12	
583	138	152	135	215	136	9	3	
584	6	18	46	124	2	175	12	
585	5	64	40	216	173	103	170	
586	47	98	36	152	174	61	171	
587	117	70	68	132	175	9	172	
588	186	35	78	75	39	182	97	
589	187	12	17	16	13	16	4	
590	188	112	121	14	176	183	1	
591	51	48	138	88	177	2	22	
592	189	70	68	132	175	9	172	
593	61	177	25	183	136	9	126	
594	43	47	49	16	178	15	3	
595	190	35	90	75	179	182	173	
596	31	28	32	28	23	29	81	
599	14	7	3	12	6	19	12	
600	192	11	49	42	161	13	3	
601	123	73	97	121	6	120	72	
603	14	178	3	12	182	171	143	
604	170	20	3	218	165	9	33	
605	41	179	131	219	66	9	18	
606	103	2	10	220	184	185	102	
607	13	177	16	104	40	23	3	
608	22	104	48	113	114	13	23	
610	84	37	129	222	8	9	175	
612	169	84	8	189	8	169	156	
613	170	180	79	107	8	172	177	
614	10	7	21	14	185	12	12	
615	169	84	8	189	8	169	176	
616	5	2	130	7	6	6	11	
617	13	181	49	13	183	71	4	
618	178	182	10	10	39	10	14	
619	5	172	8	224	186	186	22	
620	193	183	43	220	187	9	156	
621	39	184	108	223	188	187	85	
622	150	75	140	225	132	157	178	
623	179	172	79	226	3	188	179	
625	194	4	79	227	169	189	180	
627	195	172	79	228	2	79	16	
628	169	84	8	189	158	190	156	
629	176	154	127	85	156	164	154	
630	36	31	35	543	26	6	8	
631	72	32	36	33	27	33	3	
632	72	4	141	33	62	74	3	
633	5	133	141	94	189	101	126	
634	34	31	35	229	26	6	8	
635	37	33	37	34	6	191	34	
636	48	14	35	14	26	44	8	
637	39	190	40	72	40	165	183	
638	47	98	36	152	174	7	171	
639	99	175	58	11	111	9	2	
640	5	2	3	7	6	11	11	
642	30	30	31	27	57	29	30	
643	25	176	27	22	18	67	91	
644	33	26	30	55	21	145	28	
645	29	26	30	26	21	87	28	
646	145	26	30	26	131	87	134	
647	7	107	79	235	192	193	105	
648	6	182	10	10	39	10	14	
649	108	191	78	96	95	9	184	
651	41	84	36	20	2	94	84	
652	200	192	144	236	2	65	72	
653	46	124	112	12	113	19	18	
654	111	47	49	42	12	58	3	
674	3	3	7	4	3	137	7	
675	155	41	80	53	55	184	49	
676	3	3	7	4	3	193	7	
677	3	3	7	4	3	74	7	
678	19	20	3	20	29	22	22	
679	46	122	3	18	6	19	1	
680	201	14	18	9	6	12	17	
681	20	4	145	14	16	19	18	
682	45	60	12	237	193	2	96	
683	202	194	8	36	29	8	36	
684	147	13	15	123	15	19	17	
686	17	5	78	7	197	7	12	
691	10	2	3	7	60	6	11	
694	14	7	41	12	36	19	12	
695	2	7	9	9	6	9	12	
696	5	75	54	4	76	109	75	
697	13	80	113	174	10	107	23	
698	10	37	21	14	15	12	12	
699	43	41	16	21	34	13	4	
710	84	65	8	240	64	9	168	
713	39	11	8	72	161	58	4	
714	13	10	25	113	114	71	4	
715	22	10	25	21	10	35	4	
719	99	175	58	157	111	9	2	
723	62	53	54	60	5	53	187	
724	206	110	3	243	8	196	102	
725	10	7	12	9	90	9	2	
726	136	133	40	183	2	9	95	
727	207	14	3	77	64	64	67	
728	84	161	8	75	206	197	188	
729	56	25	8	83	207	26	78	
730	79	197	18	46	66	10	34	
731	202	193	54	245	64	9	185	
732	209	46	8	132	113	83	161	
733	20	4	23	14	16	198	18	
734	20	4	23	14	16	19	189	
735	188	199	21	62	36	39	190	
736	127	90	40	94	150	199	95	
737	22	200	25	72	10	23	23	
738	210	11	17	113	209	107	4	
739	5	2	3	7	210	200	11	
740	211	169	48	21	40	35	4	
741	2	201	146	9	6	19	17	
742	41	37	3	246	211	101	181	
743	41	202	8	78	213	9	67	
744	213	14	21	98	214	201	191	
745	214	2	3	7	6	6	11	
746	215	203	3	125	215	101	192	
747	5	2	147	7	31	41	11	
748	11	41	55	42	34	58	193	
749	84	204	8	247	216	6	194	
750	13	205	17	16	217	16	195	
751	217	208	13	249	218	23	4	
752	218	210	3	252	2	9	12	
754	13	109	49	13	220	13	4	
755	219	7	10	103	2	10	14	
756	220	211	149	92	221	204	198	
757	221	211	150	253	222	205	199	
758	110	169	54	254	40	35	3	
759	84	212	38	16	12	13	200	
760	208	198	96	244	208	119	201	
761	162	31	96	244	208	119	202	
762	5	2	3	255	31	6	203	
763	216	206	25	248	223	35	196	
764	48	209	148	250	219	202	204	
765	161	147	151	251	155	12	142	
766	13	11	25	72	224	203	4	
767	71	65	67	75	73	206	64	
768	117	4	21	46	66	10	34	
769	222	213	8	123	225	180	205	
770	188	37	18	46	5	2	34	
771	14	14	45	72	227	12	6	
772	2	14	24	14	228	19	8	
773	5	188	154	88	5	12	206	
774	224	20	3	20	5	2	22	
775	225	25	29	56	232	209	78	
776	226	214	155	54	47	48	50	
777	227	149	156	54	233	210	50	
778	25	215	157	257	234	211	169	
780	228	36	31	38	22	212	208	
781	229	176	27	258	18	213	25	
782	30	28	31	27	22	214	30	
783	88	26	30	259	21	68	80	
784	230	38	158	260	236	215	209	
785	231	38	158	261	236	216	209	
786	110	4	25	163	84	19	101	
787	2	14	21	172	2	12	151	
788	232	4	25	86	235	19	101	
807	10	71	43	12	190	20	4	
808	10	71	43	12	190	20	18	
809	10	13	43	12	190	20	18	
810	7	13	8	8	7	8	13	
811	17	18	22	17	205	21	19	
812	13	127	48	113	114	107	4	
813	39	107	79	20	8	35	2	
814	233	2	3	7	6	6	11	
815	1	14	15	31	25	20	33	
816	234	198	96	267	231	208	142	
817	92	107	93	156	64	151	87	
818	19	20	3	20	5	87	22	
819	33	26	30	266	230	27	28	
820	42	46	48	149	40	35	4	
821	117	162	21	66	8	19	2	
822	300	83	96	13	12	105	4	
823	84	65	8	241	64	9	168	
824	204	11	8	241	161	195	186	
825	205	81	10	36	88	108	36	
826	19	81	8	20	5	9	185	
827	203	195	17	164	12	35	4	
828	17	5	78	7	5	7	12	
829	114	5	3	238	199	10	12	
830	11	196	78	74	40	13	4	
831	84	11	8	42	40	71	4	
832	115	65	8	115	2	116	110	
833	84	65	3	241	64	9	110	
834	205	46	8	42	88	108	36	
835	76	14	3	77	64	132	67	
836	203	14	17	164	12	35	4	
837	42	46	48	239	12	35	4	
838	13	127	92	157	40	35	137	
839	13	169	8	104	41	23	4	
840	6	157	44	190	159	170	22	
841	6	7	8	10	39	10	14	
842	197	70	153	4	90	182	139	
843	156	54	68	49	39	9	14	
844	13	11	17	113	59	71	4	
845	42	46	152	239	12	197	4	
846	37	31	35	14	8	6	4	
847	106	70	152	132	34	9	168	
848	43	47	25	49	41	15	3	
849	17	7	35	9	2	9	14	
850	121	7	10	103	2	10	14	
851	111	104	17	256	226	197	65	
852	42	11	17	42	40	71	102	
853	13	169	8	104	41	13	4	
854	111	11	17	256	12	197	65	
855	61	112	8	10	134	137	4	
856	70	7	10	10	2	142	14	
857	42	36	48	239	12	13	4	
858	125	63	17	62	12	280	3	
859	84	76	38	42	12	13	4	
860	84	76	38	149	12	13	4	
861	2	15	21	138	5	19	2	
862	125	63	208	62	12	58	3	
863	48	198	209	119	219	119	118	
864	301	272	48	16	40	13	3	
865	39	142	17	346	303	58	4	
866	157	11	17	347	33	23	137	
867	302	13	15	123	140	7	269	
868	11	10	25	13	10	35	211	
869	235	25	28	24	237	26	78	
870	26	24	28	24	20	25	27	
871	145	26	30	268	141	87	28	
872	189	70	152	132	34	9	172	
873	11	10	13	264	10	13	4	
874	56	143	28	263	48	50	78	
875	33	26	30	180	141	87	134	
876	33	26	159	144	21	87	28	
877	13	208	49	141	41	19	270	
878	127	273	40	72	304	282	196	
879	4	13	210	43	305	109	272	
880	86	274	211	53	18	24	236	
881	126	275	3	280	104	149	273	
882	37	276	3	348	306	283	274	
883	137	277	8	349	307	58	275	
884	303	183	40	94	308	226	4	
885	136	133	40	350	2	9	95	
886	117	278	96	12	115	2	22	
887	249	90	40	33	309	284	276	
888	304	104	25	351	2	285	277	
889	111	4	87	352	39	9	278	
890	1	1	2	353	1	1	5	
892	305	1	2	1	1	1	5	
893	17	281	8	262	64	287	280	
894	306	281	213	262	64	287	280	
895	144	282	46	62	76	2	281	
896	307	2	24	14	2	19	8	
897	111	63	49	16	41	15	3	
898	56	24	29	83	20	50	27	
899	157	142	33	16	40	35	3	
900	15	269	93	78	113	6	68	
901	68	113	6	78	15	93	70	
902	13	109	49	354	12	13	4	
903	13	12	25	355	149	289	4	
904	308	284	45	43	90	290	22	
905	48	280	212	316	310	291	282	
906	84	161	25	356	41	23	283	
907	11	169	214	16	311	35	284	
908	11	169	38	357	311	35	82	
909	81	283	101	12	124	130	17	
910	145	26	30	26	21	288	28	
911	1	1	2	183	1	1	5	
912	10	10	18	403	90	12	12	
913	10	312	3	394	4	128	8	
914	10	4	263	443	4	128	370	
915	101	133	40	33	139	79	324	
916	101	4	25	125	76	90	101	
917	101	4	8	366	84	10	192	
918	101	64	25	125	84	19	384	
919	103	14	250	425	2	9	141	
920	103	4	15	385	8	185	2	
921	106	101	217	7	105	39	12	
922	106	289	122	7	105	39	12	
923	106	37	220	210	5	2	2	
924	11	10	13	13	10	13	355	
925	11	11	16	113	161	71	4	
926	11	169	25	42	12	9	4	
927	11	300	16	440	161	58	4	
928	110	335	135	277	374	342	354	
929	111	104	17	49	33	314	4	
930	111	107	8	49	12	105	304	
931	111	109	8	120	318	45	4	
932	111	11	279	141	40	71	186	
933	111	208	25	141	33	71	186	
934	111	224	25	16	9	222	216	
935	111	321	17	346	33	327	4	
936	114	313	79	395	38	42	16	
937	117	124	284	470	193	65	17	
938	117	14	15	38	2	19	86	
939	117	14	26	399	8	323	38	
940	117	14	26	49	8	2	38	
941	117	213	43	96	71	12	307	
942	117	295	10	100	38	9	301	
943	119	300	25	379	12	35	4	
944	124	38	98	414	365	9	58	
945	127	133	25	33	76	74	95	
946	127	14	40	33	372	339	95	
947	127	193	8	125	76	132	192	
948	127	226	8	278	122	100	219	
949	127	331	40	421	122	101	350	
950	127	375	111	402	406	45	3	
951	127	41	109	94	39	132	95	
952	127	41	133	33	84	318	126	
953	127	46	234	170	149	9	41	
954	127	81	111	33	164	101	326	
955	127	90	40	171	122	79	327	
956	127	90	40	94	401	364	219	
957	127	90	8	86	76	305	124	
958	128	119	100	27	22	129	30	
959	128	119	100	316	22	129	252	
960	128	119	100	480	22	129	30	
961	128	119	100	488	22	129	411	
962	128	119	3	316	22	129	30	
963	128	28	100	27	273	29	30	
964	13	127	48	113	41	23	4	
965	13	34	71	478	59	83	4	
966	13	351	25	16	40	355	4	
967	13	41	17	72	10	35	63	
968	13	63	25	368	59	9	3	
969	13	63	49	463	33	71	4	
970	13	80	17	113	12	15	145	
971	13	83	17	13	10	16	283	
972	13	83	25	13	40	23	4	
973	13	83	25	413	220	23	4	
974	132	121	33	137	126	245	52	
975	132	285	216	134	24	133	288	
976	133	243	34	296	126	137	130	
977	133	243	34	299	266	137	130	
978	133	243	34	301	267	137	130	
979	136	287	40	361	40	199	95	
981	136	90	40	33	122	101	41	
982	136	90	40	96	346	226	400	
983	137	2	36	152	326	298	6	
984	137	4	233	111	347	9	322	
985	138	118	289	483	2	158	196	
986	138	348	40	384	184	348	365	
987	14	126	41	12	134	7	18	
988	14	14	21	172	5	7	16	
989	14	14	23	121	38	19	335	
990	14	14	23	434	377	19	361	
991	14	15	56	64	8	2	12	
992	14	2	43	88	6	2	181	
993	14	324	21	411	5	12	8	
994	14	369	83	204	145	365	386	
995	14	4	21	88	6	6	292	
996	14	59	237	49	38	19	337	
997	140	112	46	420	369	335	22	
998	144	126	248	17	5	146	307	
999	145	229	30	282	21	229	28	
1000	145	229	30	295	21	229	28	
1001	145	26	30	282	21	353	28	
1002	145	26	30	282	261	87	28	
1003	145	26	30	334	21	87	28	
1004	145	26	30	337	141	272	28	
1005	145	26	30	426	21	145	134	
1006	145	26	30	55	21	87	28	
1007	145	266	30	282	21	274	132	
1008	145	286	30	360	21	87	28	
1009	147	15	15	400	97	221	303	
1010	15	14	15	121	36	14	12	
1011	15	175	15	12	345	10	320	
1012	15	20	98	423	370	336	22	
1013	15	372	282	128	38	19	8	
1014	15	4	18	330	90	266	58	
1015	15	70	253	78	113	6	68	
1016	151	176	27	22	18	24	25	
1017	151	368	280	214	18	363	174	
1018	151	77	27	22	18	67	236	
1019	151	77	27	22	18	85	222	
1020	151	77	27	22	18	85	235	
1021	151	77	27	332	260	85	25	
1022	151	77	27	406	260	326	91	
1023	151	77	27	486	18	152	25	
1024	152	14	283	468	5	9	1	
1025	152	349	261	236	5	9	367	
1026	156	70	40	8	328	75	295	
1027	16	16	221	18	8	12	18	
1028	162	337	18	33	90	9	357	
1029	165	157	44	190	159	331	22	
1030	168	14	15	17	5	90	12	
1031	17	221	81	272	85	84	76	
1032	17	341	22	17	5	21	19	
1033	170	366	54	115	33	58	396	
1034	170	366	54	115	398	58	396	
1035	170	366	54	115	76	58	396	
1036	172	346	259	33	381	169	272	
1037	179	193	10	383	339	298	310	
1038	18	13	239	12	6	198	6	
1039	18	13	239	12	76	198	6	
1040	18	2	43	12	25	7	12	
1041	18	329	10	418	323	7	12	
1042	180	26	25	42	409	71	4	
1043	188	112	121	14	382	183	1	
1044	19	129	79	96	100	109	321	
1045	19	347	18	438	2	347	170	
1046	191	22	186	22	250	24	91	
1047	191	370	80	284	18	366	25	
1048	191	77	187	22	280	260	222	
1049	199	107	79	235	192	193	22	
1050	2	13	23	127	96	224	217	
1051	2	13	23	127	96	6	217	
1052	2	13	23	274	96	224	217	
1053	2	134	8	401	8	9	339	
1054	2	15	268	138	130	139	12	
1055	2	316	235	397	64	9	332	
1056	2	354	26	110	389	9	104	
1057	2	4	22	88	36	22	338	
1058	2	59	254	64	38	19	12	
1059	2	8	21	364	323	297	12	
1060	202	73	8	36	29	368	184	
1061	203	83	48	13	344	23	4	
1062	207	339	40	430	328	344	358	
1063	208	222	164	271	244	19	214	
1064	208	4	223	116	321	296	194	
1065	209	70	152	49	34	9	395	
1066	216	11	25	21	114	223	23	
1067	216	305	230	347	36	9	4	
1068	218	290	222	66	319	19	18	
1069	22	104	48	231	114	107	4	
1070	220	221	72	475	85	293	248	
1071	220	240	27	22	18	85	174	
1072	220	257	81	326	257	261	258	
1073	220	77	27	324	286	181	24	
1074	220	82	187	258	260	24	236	
1075	221	22	183	305	85	250	245	
1076	221	265	200	338	274	273	262	
1077	222	117	85	123	350	9	333	
1078	222	213	8	123	225	321	120	
1079	226	218	156	54	241	219	50	
1080	229	176	187	214	18	227	91	
1081	229	176	197	22	18	239	169	
1082	229	176	27	214	18	85	236	
1083	229	176	27	341	18	85	25	
1084	229	77	27	22	18	24	169	
1085	23	14	15	12	17	20	12	
1086	230	38	228	416	236	216	209	
1087	230	38	228	479	414	216	209	
1088	230	38	244	407	359	216	209	
1089	230	38	245	408	236	216	345	
1090	230	38	252	427	236	341	209	
1091	230	38	288	476	342	216	209	
1092	230	381	245	476	359	216	359	
1093	231	14	252	427	373	340	351	
1094	231	306	158	363	236	216	318	
1095	231	38	158	363	322	215	209	
1096	231	38	228	388	342	216	209	
1097	231	38	236	398	351	216	334	
1098	231	38	238	363	236	216	209	
1099	231	38	245	431	342	216	359	
1100	231	38	264	363	236	216	209	
1101	240	220	156	270	47	48	50	
1102	242	129	163	281	275	84	248	
1103	242	129	72	475	330	99	377	
1104	242	211	163	92	78	378	412	
1105	242	211	72	81	314	293	290	
1106	242	221	163	272	85	233	76	
1107	242	221	163	81	243	211	198	
1108	242	221	81	272	85	246	240	
1109	242	221	81	81	78	232	226	
1110	242	228	81	281	78	228	221	
1111	242	231	81	81	85	233	227	
1112	242	263	198	335	92	270	261	
1113	242	295	81	369	78	302	59	
1114	242	333	163	92	85	84	240	
1115	244	223	165	251	315	221	215	
1116	246	77	27	167	277	181	25	
1117	247	225	166	276	270	225	218	
1118	247	225	166	320	270	251	255	
1119	247	225	193	276	284	251	256	
1120	247	225	262	442	270	251	369	
1121	247	246	166	304	270	248	244	
1122	247	253	189	317	279	259	253	
1123	247	254	191	319	281	251	254	
1124	247	267	203	306	300	276	265	
1125	248	46	25	277	140	58	4	
1126	249	111	40	279	122	226	95	
1127	25	176	27	22	292	67	91	
1128	25	176	27	22	353	181	236	
1129	25	22	80	289	254	235	231	
1130	25	232	171	285	250	231	228	
1131	25	236	27	291	256	237	91	
1132	25	236	27	444	277	351	91	
1133	25	250	186	310	18	254	91	
1134	25	250	186	310	18	256	91	
1135	25	260	187	329	250	264	24	
1136	25	298	227	377	277	91	91	
1137	25	379	171	305	258	91	24	
1138	25	77	171	367	330	299	25	
1139	25	77	192	321	282	24	236	
1140	25	77	197	22	78	269	25	
1141	25	77	27	214	18	227	25	
1142	25	77	27	22	18	24	169	
1143	25	77	27	22	18	371	25	
1144	25	77	27	22	260	241	25	
1145	25	77	27	22	85	249	236	
1146	25	77	27	332	291	24	174	
1147	25	77	27	462	18	85	25	
1148	25	77	27	465	18	85	398	
1149	250	227	8	280	245	46	220	
1150	250	311	8	20	2	8	210	
1151	253	22	169	284	18	231	225	
1152	254	230	170	175	249	9	150	
1153	255	233	30	287	252	68	229	
1154	255	233	30	331	252	267	229	
1155	255	26	30	282	269	87	28	
1156	255	270	30	345	229	279	28	
1157	255	364	30	331	396	68	393	
1158	256	198	96	290	255	236	232	
1159	257	237	27	292	257	238	233	
1160	258	238	77	293	258	239	222	
1161	259	239	174	294	259	240	235	
1162	260	245	27	68	301	67	266	
1163	260	77	27	22	18	204	236	
1164	261	78	34	24	262	243	60	
1165	262	24	175	174	263	26	131	
1166	264	121	107	134	126	135	238	
1167	265	30	105	297	265	136	129	
1168	265	30	176	134	24	136	52	
1169	265	30	178	134	265	136	129	
1170	266	242	34	298	126	135	239	
1171	267	244	177	300	24	135	138	
1172	268	245	27	302	46	247	59	
1173	269	149	180	54	268	219	50	
1174	270	26	181	303	21	87	241	
1175	271	77	27	22	18	239	25	
1176	272	22	182	291	250	24	243	
1177	273	232	27	22	18	249	222	
1178	273	77	199	23	85	249	236	
1179	273	77	27	22	260	249	25	
1180	276	247	184	306	270	251	244	
1181	277	249	171	291	250	235	91	
1182	278	251	80	22	55	255	249	
1183	279	22	171	311	277	24	91	
1184	279	363	183	289	277	237	245	
1185	280	252	27	53	55	184	49	
1186	280	252	27	68	55	47	59	
1187	280	353	269	449	46	184	375	
1188	280	385	27	53	46	67	59	
1189	280	77	171	313	278	257	251	
1190	281	22	183	291	277	24	91	
1191	282	143	29	82	20	50	51	
1192	283	221	188	315	78	258	226	
1193	284	367	27	335	78	362	76	
1194	284	77	190	318	18	181	24	
1195	285	26	30	144	21	87	28	
1196	285	26	30	282	299	87	28	
1197	285	26	30	55	21	87	28	
1198	286	82	27	22	18	85	25	
1199	287	256	194	323	285	83	257	
1200	287	256	194	323	57	83	257	
1201	288	176	27	327	288	24	91	
1202	289	26	30	212	21	28	28	
1203	29	26	30	344	21	278	28	
1204	29	286	30	84	21	145	132	
1205	290	259	3	328	289	263	158	
1206	291	261	85	33	225	265	58	
1207	292	77	27	291	250	85	222	
1208	293	264	80	257	294	271	236	
1209	294	28	31	151	22	29	30	
1210	295	251	27	339	296	255	263	
1211	296	26	30	212	21	27	264	
1212	297	26	159	144	21	87	28	
1213	298	268	205	342	302	277	267	
1214	299	269	206	343	274	273	268	
1215	3	3	7	4	3	3	156	
1216	30	28	195	325	287	29	30	
1217	30	28	31	151	22	69	81	
1218	30	28	31	27	416	376	30	
1219	30	28	31	27	57	29	30	
1220	30	28	31	333	22	268	30	
1221	30	28	31	473	22	29	30	
1222	30	358	31	454	22	129	30	
1223	311	287	218	168	316	294	4	
1224	312	288	219	275	317	295	291	
1225	312	288	219	450	63	356	376	
1226	312	288	246	410	362	328	346	
1227	312	288	246	456	63	328	389	
1228	312	288	249	424	393	358	385	
1229	313	13	15	123	15	19	17	
1230	313	14	98	121	140	19	33	
1231	313	20	271	251	2	359	386	
1232	313	3	130	196	29	207	313	
1233	313	314	58	396	148	162	330	
1234	313	64	3	396	148	2	330	
1235	314	140	25	391	114	6	4	
1236	314	291	17	72	320	58	111	
1237	315	293	68	365	324	9	293	
1238	316	90	133	96	329	53	95	
1239	317	77	27	22	331	152	296	
1240	318	77	225	335	92	246	297	
1241	319	75	47	12	14	9	347	
1242	319	80	8	107	332	300	299	
1243	32	241	34	296	264	244	237	
1244	320	28	31	27	22	29	300	
1245	321	296	118	371	333	18	18	
1246	322	297	8	373	332	304	302	
1247	323	178	224	374	163	9	234	
1248	324	31	10	375	36	12	303	
1249	325	10	226	376	335	6	8	
1250	326	71	108	381	12	19	307	
1251	327	301	40	382	338	307	309	
1252	328	160	40	384	340	45	311	
1253	328	4	242	405	184	58	311	
1254	328	63	48	186	36	35	3	
1255	329	304	40	367	90	311	316	
1256	33	173	30	26	141	275	28	
1257	33	26	179	55	21	87	28	
1258	33	26	179	55	276	87	28	
1259	33	26	202	212	297	87	28	
1260	33	26	30	144	21	145	28	
1261	33	26	30	144	21	87	134	
1262	33	26	30	144	21	87	264	
1263	33	26	30	144	283	229	28	
1264	33	26	30	144	283	87	134	
1265	33	26	30	180	230	27	28	
1266	33	26	30	180	246	87	134	
1267	33	26	30	26	21	87	134	
1268	33	26	30	26	21	87	308	
1269	33	26	30	282	21	32	260	
1270	33	26	30	340	21	32	28	
1271	33	26	30	484	229	87	28	
1272	33	26	30	55	229	87	28	
1273	33	26	30	84	21	92	80	
1274	33	271	30	22	21	279	80	
1275	33	271	30	340	21	279	80	
1276	33	352	30	84	283	87	28	
1277	33	378	30	213	131	87	134	
1278	33	378	30	55	413	87	407	
1279	330	11	16	104	161	71	4	
1280	331	230	98	387	341	19	150	
1281	332	14	229	389	343	312	317	
1282	333	307	108	14	36	2	319	
1283	334	308	231	72	41	58	216	
1284	335	176	27	22	18	85	91	
1285	336	4	232	130	346	128	8	
1286	337	310	218	159	348	315	323	
1287	338	178	98	349	66	324	102	
1288	339	117	119	402	44	320	196	
1289	339	117	119	402	44	75	3	
1290	340	38	8	403	325	12	8	
1291	341	11	8	404	61	161	341	
1292	342	24	28	83	357	26	79	
1293	343	2	18	190	140	300	102	
1294	344	320	243	252	358	20	342	
1295	345	322	4	196	4	128	343	
1296	346	4	8	125	84	19	101	
1297	346	97	8	163	76	19	344	
1298	347	325	93	412	363	132	168	
1299	348	34	71	49	59	83	4	
1300	349	327	247	415	366	329	348	
1301	349	327	257	415	379	345	363	
1302	349	327	291	415	366	377	363	
1303	35	133	10	128	157	53	381	
1304	350	196	78	72	33	330	349	
1305	351	46	16	441	384	349	368	
1306	351	63	119	104	40	332	4	
1307	352	169	78	417	367	333	272	
1308	352	330	78	419	368	334	272	
1309	353	288	249	424	371	337	291	
1310	354	14	251	21	114	338	4	
1311	355	169	214	42	311	35	82	
1312	356	334	253	362	113	9	353	
1313	357	118	3	428	4	128	8	
1314	358	46	16	432	33	13	4	
1315	359	340	224	433	27	153	360	
1316	360	177	98	78	61	9	84	
1317	360	346	129	437	169	346	322	
1318	361	327	258	415	366	345	364	
1319	362	345	16	436	41	9	331	
1320	363	25	29	83	386	26	131	
1321	364	25	21	263	48	178	371	
1322	365	350	265	446	387	352	372	
1323	366	35	123	447	33	354	373	
1324	367	112	266	448	138	146	374	
1325	368	233	30	287	252	68	229	
1326	369	75	90	451	2	357	378	
1327	37	318	10	399	5	12	2	
1328	3	3	7	4	3	3	379	
1329	371	194	8	9	29	8	36	
1330	372	355	93	452	390	197	139	
1331	373	356	270	9	391	19	380	
1332	373	48	43	467	402	7	139	
1333	374	288	219	453	63	328	382	
1334	375	4	78	163	84	19	383	
1335	376	288	272	424	394	295	291	
1336	377	360	273	455	5	153	388	
1337	378	286	30	55	21	87	28	
1338	379	350	275	457	387	352	391	
1339	380	288	276	458	240	360	392	
1340	381	350	277	459	397	352	394	
1341	382	286	30	460	283	87	28	
1342	383	365	30	212	21	353	28	
1343	384	221	278	315	92	361	230	
1344	385	221	81	81	400	246	399	
1345	386	4	281	466	305	97	100	
1346	387	371	27	465	18	367	25	
1347	388	104	17	42	9	116	4	
1348	389	225	166	482	270	374	408	
1349	389	373	166	320	404	251	244	
1350	39	116	16	254	383	45	57	
1351	39	117	25	392	184	35	57	
1352	39	142	17	346	337	58	4	
1353	39	153	260	72	36	165	366	
1354	39	165	8	439	39	53	22	
1355	39	302	79	386	95	308	312	
1356	39	326	101	33	169	9	158	
1357	39	338	93	429	36	343	48	
1358	39	35	93	247	376	9	149	
1359	39	376	68	72	407	63	401	
1360	39	63	25	254	33	58	352	
1361	39	64	8	125	76	90	344	
1362	390	225	166	320	270	251	244	
1363	391	374	22	469	405	9	217	
1364	392	154	127	471	408	369	402	
1365	393	377	285	472	248	370	403	
1366	394	26	30	360	21	87	28	
1367	395	301	40	474	410	307	404	
1368	396	117	36	33	2	372	405	
1369	397	380	121	99	411	39	2	
1370	397	380	121	99	411	9	406	
1371	398	86	90	20	2	173	303	
1372	399	77	27	22	18	373	25	
1373	4	4	40	96	94	53	298	
1374	4	75	10	96	8	188	328	
1375	400	78	29	481	20	50	78	
1376	401	383	290	485	415	375	409	
1377	402	384	38	16	33	35	410	
1378	403	22	171	289	277	24	245	
1379	404	22	27	289	18	237	91	
1380	405	176	77	258	18	85	25	
1381	41	299	15	46	336	306	305	
1382	41	311	10	220	349	188	7	
1383	41	323	3	243	360	9	216	
1384	41	332	79	62	28	14	96	
1385	41	336	255	12	375	12	356	
1386	41	36	8	20	95	108	325	
1387	41	64	3	370	8	7	22	
1388	42	14	17	41	33	36	41	
1389	42	169	286	16	12	23	4	
1390	42	63	25	113	385	350	4	
1391	43	357	8	215	39	7	84	
1392	43	41	16	85	40	58	3	
1393	45	12	15	372	140	303	21	
1394	46	201	146	9	6	19	1	
1395	46	210	18	88	118	317	329	
1396	47	71	8	464	8	19	397	
1397	5	112	40	78	39	316	97	
1398	5	13	8	196	334	9	234	
1399	5	14	3	422	16	19	38	
1400	5	2	3	7	175	6	11	
1401	5	359	68	49	175	9	387	
1402	5	362	274	401	5	123	390	
1403	50	11	16	16	388	19	4	
1404	50	208	279	141	403	71	186	
1405	50	7	8	121	124	12	307	
1406	52	18	40	409	361	58	298	
1407	52	315	40	16	184	320	331	
1408	52	46	25	378	12	83	298	
1409	52	90	36	279	165	301	41	
1410	56	24	28	83	20	26	78	
1411	56	24	29	24	356	26	340	
1412	56	25	240	307	272	252	27	
1413	56	25	28	24	355	26	27	
1414	56	25	29	83	79	252	78	
1415	56	343	28	24	380	86	79	
1416	6	14	26	399	8	9	38	
1417	6	2	10	196	327	153	294	
1418	6	317	10	44	352	321	336	
1419	61	294	25	194	136	45	126	
1420	62	309	54	393	89	9	48	
1421	64	252	27	68	55	67	59	
1422	65	248	29	308	129	50	246	
1423	65	248	29	487	129	50	246	
1424	65	25	173	288	253	26	51	
1425	65	25	28	445	253	26	78	
1426	65	25	29	312	20	50	250	
1427	65	25	292	24	293	26	78	
1428	65	78	29	24	293	26	60	
1429	65	78	29	286	251	234	51	
1430	65	78	29	336	20	50	60	
1431	65	78	29	69	271	50	51	
1432	7	107	79	235	192	193	22	
1433	7	14	8	8	7	8	13	
1434	73	35	68	16	63	75	65	
1435	73	35	68	275	63	75	65	
1436	75	14	10	390	89	313	22	
1437	75	14	18	110	325	7	72	
1438	75	14	18	110	399	2	13	
1439	75	14	224	110	325	2	72	
1440	75	303	8	14	325	309	313	
1441	75	303	8	14	8	309	313	
1442	75	361	224	172	325	7	8	
1443	75	38	18	17	325	221	314	
1444	75	38	8	110	325	310	315	
1445	75	73	3	461	8	196	48	
1446	82	319	241	127	354	325	22	
1447	82	319	241	127	395	325	22	
1448	82	382	241	127	15	325	22	
1449	83	11	267	72	337	58	4	
1450	83	294	40	21	184	319	48	
1451	83	83	16	13	161	322	4	
1452	84	127	25	197	40	13	4	
1453	84	140	25	85	33	35	4	
1454	84	292	25	362	35	168	4	
1455	84	323	68	412	392	123	373	
1456	84	342	256	435	378	182	362	
1457	84	344	8	132	38	9	161	
1458	84	76	25	197	12	13	4	
1459	84	83	25	13	33	322	23	
1460	84	83	25	85	13	193	4	
1461	88	255	30	55	21	87	80	
1462	88	26	30	212	21	87	259	
1463	88	26	30	322	21	353	80	
1464	88	26	30	322	283	145	28	
1465	88	26	30	55	21	87	242	
1466	95	22	27	22	18	85	25	
1467	95	245	27	359	313	184	289	
1468	95	77	27	380	258	24	306	
1469	95	82	27	305	18	85	25	
1470	96	221	72	92	78	233	76	
1471	96	221	81	92	78	99	377	
1472	96	234	172	81	85	232	230	
1473	96	234	201	281	295	99	221	
1474	96	258	81	92	243	262	230	
1475	99	117	287	477	412	321	120	
1476	99	137	120	116	144	2	120	
1477	99	175	46	11	14	180	1	
1478	99	328	8	17	5	9	16	
1479	5	2	294	7	6	6	11	
1480	92	187	8	262	95	6	210	
1481	17	2	15	124	8	2	18	
1482	409	4	4	62	420	128	8	
1483	2	8	10	17	6	19	418	
1484	92	86	78	490	88	97	88	
1485	100	92	84	97	98	380	98	
1486	408	92	84	97	419	104	417	
1487	410	2	3	6	5	5	10	
1488	43	31	16	42	35	13	111	
1489	43	31	16	13	34	13	4	
1490	412	204	8	247	216	6	194	
1491	201	204	8	247	216	6	194	
1492	411	41	18	13	12	13	4	
1493	201	41	16	42	35	13	111	
1494	5	2	3	491	5	5	10	
1495	3	36	43	38	16	32	38	
1496	10	61	18	67	15	12	12	
1497	10	387	21	12	15	12	12	
1498	14	13	43	17	96	19	17	
1499	2	59	23	64	38	19	12	
1500	130	97	25	125	422	9	101	
1501	136	90	40	94	329	101	95	
1502	166	386	79	216	312	53	416	
1503	197	187	10	234	8	381	22	
1504	203	133	25	215	76	74	95	
1505	221	26	185	309	274	253	247	
1506	353	389	295	492	421	295	291	
1507	406	183	8	216	417	79	413	
1508	407	4	40	96	418	379	36	
1509	41	179	131	219	20	9	18	
1510	41	86	215	358	89	109	48	
1511	413	15	8	128	71	185	419	
1512	43	41	16	85	12	58	3	
1513	43	41	49	16	40	58	3	
1514	49	11	25	489	12	15	4	
1515	50	63	25	72	59	292	63	
1516	50	63	25	72	59	71	414	
1517	10	391	8	494	216	132	172	
1518	11	41	25	42	34	58	4	
1519	110	177	298	254	36	45	4	
1520	111	109	17	149	12	13	23	
1521	13	169	16	21	12	13	422	
1522	13	76	16	15	12	15	4	
1523	13	76	296	15	12	15	4	
1524	189	70	152	132	34	9	421	
1525	39	37	78	75	39	182	106	
1526	4	4	297	20	2	384	210	
1527	41	36	40	20	95	108	325	
1528	41	42	299	58	9	12	423	
1529	41	42	43	58	424	12	2	
1530	41	42	43	58	425	12	2	
1531	411	41	16	13	12	13	4	
1532	414	49	78	75	39	182	106	
1533	415	187	8	43	76	9	109	
1534	416	7	12	9	5	9	2	
1535	43	41	16	42	34	13	4	
1536	43	41	16	42	35	13	420	
1537	43	41	16	42	423	13	4	
1538	43	41	16	493	40	382	3	
1539	5	2	3	6	5	383	10	
1540	9	390	6	7	9	12	2	
1541	197	187	10	234	8	65	22	
1542	140	392	40	11	140	180	18	
1543	417	4	15	262	95	9	141	
1544	10	7	12	230	5	9	2	
1545	41	4	23	14	16	19	140	
1546	41	393	79	490	76	169	177	
1547	60	12	17	16	13	16	4	
1548	10	14	15	495	25	20	33	
1549	347	394	78	496	426	9	102	
1550	16	16	12	18	8	12	18	
1551	25	77	27	22	18	131	24	
1552	419	2	3	6	5	5	10	
1553	50	63	25	72	59	71	424	
1556	74	7	12	9	5	9	13	
1557	10	395	12	9	5	9	2	
1558	5	2	3	497	6	6	11	
1560	2	14	24	14	2	19	140	
1561	418	14	224	499	89	313	2	
1562	2	4	40	43	66	2	425	
1563	11	10	302	42	40	13	4	
1564	11	14	10	500	5	10	14	
1565	118	4	8	106	2	117	22	
1566	13	109	303	157	12	13	4	
1567	41	42	43	501	9	12	2	
1568	420	10	25	42	40	13	4	
1569	421	105	23	14	38	7	102	
1570	422	63	119	186	36	35	426	
1571	423	6	70	8	7	79	13	
1572	5	2	301	6	5	5	10	
1573	13	34	71	80	59	83	427	
1574	2	15	304	138	130	139	12	
1575	42	11	48	149	12	13	4	
1576	43	41	16	493	40	58	3	
1577	2	14	24	14	428	19	8	
1578	46	396	23	14	16	54	56	
1579	309	395	287	209	426	197	419	
1580	14	56	304	209	422	365	423	
1581	72	32	36	33	429	79	209	
1582	20	4	305	14	16	19	18	
1583	17	8	3	14	97	19	14	
1584	408	92	84	97	430	104	98	
1585	19	20	298	20	90	22	22	
1586	10	19	6	9	5	9	2	
1587	173	349	43	128	61	58	428	
1588	20	4	23	14	16	385	18	
1589	46	55	23	502	16	54	56	
1590	105	117	8	78	5	9	2	
1591	39	41	25	74	431	13	3	
1592	13	11	16	503	12	15	63	
1593	222	105	46	123	225	115	115	
1596	111	47	49	16	40	35	3	
1602	59	70	93	78	113	6	68	
1604	426	399	68	21	136	83	432	
1605	2	29	33	17	5	30	12	
1606	41	42	299	58	9	12	2	
1607	50	80	25	85	432	58	4	
1608	10	400	18	153	8	9	22	
1609	118	107	8	505	2	117	16	
1610	92	14	18	506	6	386	14	
1611	15	70	93	78	113	387	68	
1612	10	129	18	153	8	9	22	
1613	313	401	3	507	433	388	333	
1614	50	402	25	72	59	292	63	
1615	2	7	9	9	434	9	12	
1618	45	4	8	44	140	9	8	
1619	2	14	24	14	2	130	8	
1620	416	60	58	66	125	381	16	
1621	186	35	78	510	39	182	435	
1622	41	179	131	219	8	9	18	
1626	42	11	48	149	11	13	4	
1628	46	60	10	9	6	12	17	
1630	51	45	43	50	42	43	45	
1632	5	2	307	7	6	6	11	
1633	5	2	3	7	6	390	11	
1634	380	404	276	511	240	360	208	
1635	16	2	45	43	36	391	42	
1636	247	225	166	304	270	251	255	
1637	161	163	96	178	155	12	142	
1638	110	190	25	441	184	45	102	
1639	428	148	308	418	437	9	87	
1640	84	405	309	512	438	322	137	
1641	198	148	142	513	1	2	181	
1642	260	176	27	514	18	231	174	
1643	42	406	310	515	439	35	438	
1644	429	104	25	85	33	322	4	
1645	430	288	249	424	440	392	439	
1646	431	407	3	516	441	46	135	
1647	10	7	12	517	112	9	2	
1649	10	7	12	518	5	9	2	
1650	10	7	12	9	112	9	440	
1651	10	7	12	9	5	393	2	
1652	18	7	128	9	39	9	166	
1653	10	408	12	9	5	9	2	
1654	10	7	12	9	5	9	17	
1656	46	409	98	20	206	9	67	
1657	15	70	312	78	113	6	68	
1658	41	42	299	18	9	12	2	
1659	417	216	8	163	29	207	86	
1660	42	11	48	149	59	13	4	
1661	17	4	15	500	169	9	151	
1662	17	4	15	500	442	9	151	
1663	18	14	313	519	5	18	21	
1664	17	7	35	9	443	9	14	
1665	10	7	12	9	141	9	2	
1666	136	133	40	350	2	7	95	
1667	41	133	271	183	139	157	148	
1668	3	3	7	4	444	3	7	
1669	208	105	23	14	38	7	102	
1670	5	14	21	9	6	64	17	
1671	23	22	300	22	85	353	25	
1672	100	92	314	97	98	395	98	
1673	5	2	3	6	5	5	2	
1674	13	12	17	520	13	16	4	
1675	13	11	315	15	12	15	4	
1676	147	13	15	123	15	9	17	
1677	11	41	55	42	34	58	12	
1678	84	11	16	42	40	397	4	
1679	76	70	68	247	64	9	67	
1680	76	411	3	77	64	64	67	
1681	10	19	12	9	90	9	2	
1682	10	7	12	9	5	9	22	
1683	10	7	12	11	5	9	2	
1684	10	19	12	9	5	281	2	
1685	5	2	3	7	6	387	11	
1686	10	7	12	9	5	9	286	
1687	7	11	25	197	12	71	4	
1689	408	92	317	97	419	104	98	
1690	10	189	43	12	190	20	18	
1691	13	63	3	197	6	6	11	
1692	14	107	43	156	64	151	87	
1693	14	13	12	156	5	151	2	
1694	10	14	15	121	25	20	33	
1695	5	2	316	7	6	399	11	
1696	118	107	8	51	2	20	16	
1697	15	70	93	78	113	6	11	
1698	2	2	15	14	190	20	12	
1699	10	60	58	66	6	65	12	
1700	117	414	15	33	38	20	17	
1701	203	415	48	13	12	402	137	
1702	5	2	3	522	6	6	11	
1703	182	413	10	196	39	173	446	
1704	434	416	131	523	402	109	447	
1705	14	194	318	218	6	9	101	
1706	346	3	98	524	2	319	101	
1707	435	115	3	130	445	128	370	
1708	6	13	98	379	2	19	338	
1709	173	4	233	96	446	108	101	
1710	304	104	25	402	2	285	277	
1711	312	288	319	450	362	328	382	
1712	383	417	320	525	447	403	448	
1713	182	418	8	240	448	9	449	
1714	83	80	25	164	12	9	450	
1715	110	127	17	13	33	23	451	
1716	13	12	25	526	28	9	4	
1717	436	4	8	159	189	404	95	
1718	14	419	47	20	179	405	452	
1719	100	92	84	244	98	395	98	
1720	14	75	321	43	5	7	453	
1721	437	273	40	94	449	101	454	
1722	41	46	322	20	6	316	455	
1723	13	224	40	42	12	23	23	
1724	438	90	323	183	139	53	41	
1725	318	420	188	527	85	84	456	
1726	220	221	324	81	243	406	412	
1727	25	82	325	22	18	85	25	
1728	25	77	192	22	18	407	222	
1729	229	77	80	465	277	367	25	
1730	247	225	166	276	450	374	408	
1731	88	26	30	26	21	87	457	
1732	30	28	326	151	22	29	30	
1733	380	13	276	528	240	408	208	
1734	439	28	31	151	22	29	30	
1735	440	421	10	529	451	116	216	
1736	441	422	68	412	213	132	272	
1737	84	11	25	42	452	6	4	
1738	84	11	3	243	453	409	303	
1739	4	36	8	163	206	83	458	
1740	255	26	30	282	21	87	28	
1741	33	26	30	25	21	27	28	
1742	88	26	327	213	21	229	28	
1743	442	288	249	424	454	410	291	
1744	19	73	15	7	5	6	22	
1745	19	73	12	9	8	9	11	
1746	10	7	12	9	6	9	2	
1747	5	2	12	7	6	6	11	
1748	10	7	12	9	5	9	8	
1749	14	7	18	12	14	18	1	
1750	75	67	10	17	15	9	14	
1751	71	65	143	75	73	9	64	
1752	36	31	35	14	73	8	8	
1753	36	31	35	8	26	34	8	
1754	10	7	16	42	5	9	2	
1755	84	11	3	7	40	71	4	
1756	39	35	143	75	29	9	36	
1757	7	6	143	8	7	8	13	
1758	7	6	6	7	7	8	13	
1759	5	2	8	36	6	6	11	
1760	312	90	328	530	76	337	291	
1761	150	423	153	531	455	146	166	
1762	127	90	40	361	76	100	126	
1763	75	2	18	110	325	310	459	
1764	13	140	17	16	456	322	460	
1765	443	86	40	532	61	58	461	
1766	444	110	35	533	140	74	105	
1767	93	110	18	534	164	9	3	
1768	111	47	49	16	41	411	4	
1769	152	424	108	535	5	74	462	
1770	2	157	44	536	163	9	463	
1771	127	90	329	537	2	226	464	
1772	25	77	27	22	18	85	91	
1773	37	20	330	62	115	221	22	
1774	173	413	8	538	457	412	465	
1775	61	46	25	183	9	45	368	
1776	10	19	12	9	5	9	466	
1777	10	7	12	9	458	9	2	
1778	10	7	12	9	84	9	2	
1779	10	19	12	9	84	9	2	
1780	10	19	12	9	5	413	2	
1781	18	14	12	9	5	18	2	
1782	10	7	12	9	5	9	9	
1783	14	13	18	205	14	18	2	
1784	104	100	54	123	104	9	48	
1785	18	14	12	123	5	18	3	
1786	10	60	58	9	6	9	16	
1787	16	16	20	78	8	12	104	
1788	16	16	20	9	5	12	104	
1789	18	14	12	99	5	18	21	
1790	10	187	12	234	5	9	2	
1791	10	19	12	9	5	9	15	
1792	14	210	8	14	38	19	102	
1793	5	14	108	12	5	14	58	
1794	5	85	79	88	76	95	85	
1795	16	16	20	18	8	12	11	
1796	104	100	54	78	104	74	48	
1797	130	2	25	125	84	9	101	
1798	140	392	40	125	140	9	18	
1799	202	4	10	33	90	6	275	
1800	202	20	10	33	3	6	275	
1801	10	7	21	12	15	12	23	
1802	10	7	21	12	15	12	467	
1803	5	2	3	381	6	6	11	
1804	36	31	293	14	26	6	8	
1805	18	7	128	9	39	9	322	
1807	84	161	8	75	206	197	172	
1808	7	6	8	8	7	12	13	
1809	5	320	3	7	6	6	11	
1810	11	10	25	13	40	13	4	
1811	127	133	25	33	8	149	468	
1812	95	353	27	53	55	414	375	
1813	288	77	27	167	18	415	236	
1814	2	13	10	540	459	416	34	
1815	14	2	331	7	105	19	12	
1816	5	2	332	38	460	5	10	
1817	2	5	8	7	5	7	12	
1818	189	193	8	539	64	9	185	
1822	16	2	61	43	36	417	42	
1823	14	178	3	12	5	171	143	
1824	17	18	22	17	462	21	19	
1825	17	18	22	17	5	21	469	
1826	72	4	36	33	62	74	3	
1827	446	31	35	14	26	40	8	
1828	48	31	35	14	26	52	470	
1830	88	26	30	55	21	87	471	
1831	50	10	25	13	10	421	4	
1832	43	41	25	42	12	13	23	
1833	100	92	84	97	463	104	98	
1834	13	426	274	46	5	422	84	
1835	2	427	40	43	66	423	425	
1836	202	428	102	544	100	424	472	
1837	41	14	336	545	5	142	104	
1838	46	122	3	18	6	138	1	
1839	448	245	333	292	296	418	76	
1840	385	234	81	542	221	233	240	
1841	447	425	334	68	296	419	76	
1842	449	425	335	541	461	420	76	
