ST	arcC	aroE	glpF	gmk	pta	tpi	yqiL	clonal_complex
1	1	1	1	1	1	1	1	
2	2	2	2	2	2	2	26	
3	1	1	1	9	1	1	12	
4	10	10	8	6	10	3	2	
5	1	4	1	4	12	1	10	
6	12	4	1	4	12	1	3	
7	5	4	1	4	4	6	3	
8	3	3	1	1	4	4	3	
9	3	3	1	1	1	1	10	
10	8	7	6	2	9	9	7	
11	1	24	1	4	12	1	10	
12	1	3	1	8	11	5	11	
13	1	3	1	10	11	5	11	
14	1	13	1	1	12	11	13	
15	13	13	1	1	12	11	13	
16	15	13	1	1	12	11	13	
17	2	23	2	2	19	20	2	
18	13	15	1	1	12	11	13	
19	2	2	2	2	7	17	19	
20	4	9	1	8	1	10	8	
21	7	6	13	5	8	8	6	
22	7	6	1	5	8	8	6	
23	7	6	7	5	8	8	6	
24	2	2	2	17	2	2	2	
25	4	1	4	1	5	5	4	
26	4	1	4	1	5	5	9	
27	3	3	1	1	1	22	10	
28	4	1	9	1	5	5	4	
29	6	5	17	2	7	7	5	
30	2	2	2	2	6	3	2	
31	2	2	2	3	6	3	2	
32	2	12	2	2	6	3	2	
33	2	17	2	2	6	3	2	
34	8	2	2	2	6	3	2	
35	13	13	1	1	12	21	13	
36	2	2	2	2	3	3	2	
37	2	2	2	2	15	3	2	
38	2	2	10	2	3	3	2	
39	2	2	2	2	2	2	2	
40	2	2	2	2	6	2	2	
41	2	2	3	2	2	2	2	
42	8	2	2	11	2	2	2	
43	2	2	2	2	2	2	25	
44	7	21	1	5	8	8	6	
45	10	14	8	6	10	3	2	
46	10	14	8	6	14	3	2	
47	10	11	8	6	10	3	2	
48	17	11	8	6	10	3	2	
49	14	16	11	2	13	12	14	
50	16	16	12	2	13	13	15	
51	6	5	6	2	7	7	5	
52	14	2	2	2	13	12	2	
53	10	14	8	6	10	16	2	
54	10	14	8	13	10	3	2	
55	12	20	6	14	13	18	20	
56	13	19	1	1	12	11	13	
57	2	2	2	2	6	49	2	
58	13	30	1	1	12	11	13	
59	19	23	15	2	19	20	15	
60	7	6	1	7	8	8	6	
61	13	13	1	1	37	11	13	
62	6	4	12	2	7	26	5	
63	1	3	1	1	1	1	10	
64	6	4	4	2	13	26	5	
65	6	4	12	2	7	26	2	
66	10	4	19	18	13	32	2	
67	10	20	19	18	13	32	5	
68	10	20	19	18	13	32	15	
69	1	28	1	1	1	1	1	
70	18	1	1	1	1	5	11	
71	18	1	1	1	1	5	3	
72	1	4	1	8	4	4	3	
73	1	4	27	4	12	1	10	
74	2	2	2	19	6	3	2	
75	36	3	43	34	39	52	49	
76	1	63	1	1	1	1	1	
77	2	2	2	6	10	3	2	
78	22	1	14	23	12	53	31	
79	7	6	1	33	8	8	6	
80	1	3	1	14	11	51	10	
81	1	1	1	9	1	1	1	
82	22	1	14	23	12	14	31	
83	1	4	1	4	12	1	1	
84	1	26	28	32	18	33	27	
85	31	4	1	4	12	1	10	
86	2	4	1	8	4	4	3	
87	19	23	15	2	41	20	15	
88	22	1	14	23	12	4	31	
89	1	26	28	18	18	33	50	
90	1	4	1	4	42	1	10	
91	1	26	28	18	18	54	50	
92	1	26	28	18	18	54	27	
93	6	64	44	2	43	55	51	
94	3	3	1	1	4	4	45	
95	6	5	6	2	7	14	34	
96	12	1	1	15	11	1	40	
97	3	1	1	1	1	5	3	
98	1	4	1	35	12	1	10	
99	1	4	1	4	12	56	10	
100	1	65	1	4	12	1	10	
101	3	1	14	15	11	19	3	
102	10	12	1	6	44	57	13	
103	22	1	14	23	12	33	31	
104	19	23	15	2	6	3	15	
105	1	4	1	4	12	1	28	
106	3	1	14	15	11	43	3	
107	1	4	2	8	4	4	3	
108	10	14	8	6	10	61	2	
109	3	27	1	1	1	1	10	
110	2	3	1	38	4	4	3	
111	1	4	1	4	46	24	29	
112	3	3	1	12	4	4	55	
113	3	3	1	1	4	62	3	
114	41	4	1	4	12	1	10	
115	3	1	1	1	1	5	53	
116	3	1	1	1	1	59	3	
117	3	1	1	1	1	59	4	
118	3	1	1	1	1	60	3	
119	3	1	1	1	5	60	4	
120	6	5	6	2	7	14	2	
121	6	5	6	2	7	14	5	
122	27	14	8	6	10	3	2	
123	6	5	6	2	7	17	19	
124	3	1	1	37	1	5	3	
125	1	4	1	4	12	1	54	
126	3	68	1	4	1	5	40	
127	4	1	4	1	1	5	3	
128	2	3	1	40	4	4	3	
129	22	1	14	41	12	53	31	
130	6	57	45	2	7	58	52	
131	40	66	46	2	7	50	18	
132	6	67	46	2	7	50	18	
133	6	66	46	2	7	50	18	
134	7	6	1	16	8	8	6	
135	39	69	1	4	12	1	10	
136	38	55	45	18	38	14	2	
137	7	6	47	5	8	8	6	
138	14	16	11	2	47	12	14	
139	6	66	46	2	45	50	18	
140	43	37	48	19	49	26	39	
141	42	3	1	1	4	4	3	
142	1	70	1	4	12	1	10	
143	1	65	1	4	12	63	10	
144	3	3	1	39	1	1	10	
145	8	7	6	2	9	9	21	
146	1	43	1	4	12	1	10	
147	1	1	1	36	1	1	1	
148	1	4	1	4	12	1	2	
149	1	4	1	4	12	41	10	
150	22	1	14	45	12	53	31	
151	6	72	12	43	49	67	59	
152	46	75	49	44	13	68	60	
153	1	76	1	14	11	51	10	
154	12	1	1	15	51	1	40	
155	3	77	1	1	4	4	3	
156	19	3	15	2	19	20	42	
157	2	3	26	1	4	39	3	
158	2	3	1	1	4	4	2	
159	1	87	1	1	22	1	1	
169	13	13	1	1	16	11	13	
178	13	25	1	1	12	11	13	
182	18	18	6	2	13	15	18	
188	3	1	1	8	1	1	1	
189	28	2	2	2	6	3	2	
190	27	14	1	1	11	3	37	
192	1	4	27	4	10	1	10	
193	6	5	6	2	7	14	36	
194	1	43	1	4	12	1	11	
195	3	2	1	1	4	4	3	
196	29	2	2	2	6	3	2	
197	1	2	1	8	23	5	11	
198	10	14	8	2	10	32	2	
199	13	13	1	1	12	1	13	
200	2	2	1	2	6	3	11	
201	25	26	1	18	18	5	27	
202	10	3	1	4	24	30	2	
203	26	1	1	8	6	1	1	
204	27	1	1	4	1	29	3	
205	3	1	1	1	5	5	3	
207	25	26	28	18	18	33	27	
208	10	2	1	4	25	31	2	
210	2	44	2	2	6	3	2	
211	10	2	1	6	10	3	36	
212	26	1	1	8	1	1	1	
213	1	1	1	24	6	27	35	
214	1	6	1	4	12	28	11	
215	1	9	2	25	6	29	35	
217	7	6	1	5	8	5	6	
220	1	3	1	1	4	23	16	
221	1	4	1	1	12	1	10	
222	1	4	1	1	4	24	29	
225	1	4	1	4	12	25	10	
228	1	4	1	4	12	24	29	
231	1	34	1	4	12	1	28	
235	1	4	1	12	12	4	16	
238	2	3	1	1	4	4	1	
239	2	3	1	1	4	4	3	
240	2	3	1	1	21	4	3	
241	2	3	1	1	4	4	30	
243	2	2	5	2	6	3	2	
246	2	3	1	12	4	4	3	
247	3	3	1	12	4	4	16	
250	3	3	1	1	4	4	16	
254	3	32	1	1	4	4	3	
255	22	3	14	23	12	53	31	
256	10	14	8	6	10	37	2	
257	22	1	14	19	12	53	31	
258	36	3	43	1	39	52	49	
259	1	1	1	1	12	5	3	
260	1	1	1	1	12	11	13	
261	1	1	1	1	12	24	13	
262	1	4	1	1	48	24	2	
263	1	13	1	1	48	5	13	
264	1	13	1	1	12	1	15	
265	1	2	1	2	10	24	29	
266	1	4	1	4	12	24	2	
267	1	4	1	4	12	1	4	
268	1	4	1	4	12	24	4	
269	1	4	1	4	12	24	10	
270	1	4	1	4	11	5	11	
271	1	4	1	4	11	24	11	
272	1	4	1	4	11	5	13	
273	1	4	1	4	12	1	29	
274	1	4	1	4	11	5	29	
275	1	4	1	4	11	24	29	
276	1	4	1	4	10	24	29	
277	1	4	1	4	48	24	29	
278	1	14	8	6	10	3	2	
279	1	14	8	6	10	24	2	
280	1	18	8	6	10	3	2	
281	2	4	1	2	6	3	2	
282	2	4	2	2	6	3	2	
283	2	2	8	2	6	3	2	
284	2	2	1	4	6	3	2	
285	2	2	2	4	6	3	2	
286	3	1	1	1	1	24	3	
287	3	3	1	1	12	4	58	
288	3	4	1	1	12	4	3	
289	3	1	1	2	11	24	3	
290	3	37	19	2	6	24	32	
291	3	37	19	2	20	26	32	
292	3	1	1	4	1	24	1	
293	3	1	1	4	1	24	2	
294	3	1	1	4	1	1	31	
295	3	4	1	4	1	1	31	
296	3	1	1	8	1	1	2	
297	4	1	4	1	5	24	4	
298	4	14	8	2	10	3	2	
299	4	18	8	2	10	3	2	
300	4	4	1	4	1	10	13	
301	5	3	1	2	10	5	29	
302	5	71	1	2	10	24	2	
303	5	1	2	2	6	3	2	
304	5	2	2	2	6	24	2	
305	5	4	2	2	6	24	2	
306	5	4	1	4	12	6	3	
307	5	4	1	4	12	24	13	
308	5	4	1	4	12	1	31	
309	5	4	1	4	12	6	58	
310	8	1	1	2	1	5	7	
311	8	4	1	2	6	3	2	
312	8	18	1	2	5	26	7	
313	8	2	2	2	20	3	2	
314	8	2	2	2	6	11	2	
315	8	4	2	2	6	24	2	
316	8	2	8	2	6	3	2	
317	8	13	1	4	12	4	15	
318	8	1	1	8	12	1	1	
319	10	14	8	2	10	3	2	
320	10	13	8	6	10	3	2	
321	10	14	8	6	10	5	2	
322	10	14	8	6	10	3	4	
323	10	71	8	6	10	3	29	
324	12	71	1	2	48	24	2	
325	12	4	1	4	12	1	2	
326	12	4	1	4	12	1	29	
327	13	13	1	1	12	11	11	
328	13	4	1	4	12	1	10	
329	16	2	1	2	10	13	15	
330	22	3	1	2	10	5	29	
331	22	1	1	23	12	6	31	
332	44	2	1	1	12	11	29	
333	44	13	1	1	12	11	13	
334	45	71	8	6	10	3	29	
335	47	4	1	4	12	1	10	
336	3	73	1	12	4	4	16	
338	19	23	15	48	19	20	15	
339	1	1	1	1	40	1	10	
340	37	3	1	1	4	4	3	
341	10	83	8	6	10	3	2	
342	10	84	8	6	10	3	2	
343	2	85	1	1	4	4	3	
344	50	3	1	1	4	4	3	
345	3	32	1	1	4	4	63	
346	2	2	52	2	3	3	2	
347	3	1	1	37	1	5	53	
348	16	16	12	4	13	13	15	
349	1	1	1	37	1	5	53	
350	6	79	51	47	7	70	61	
351	6	72	50	43	52	67	59	
352	3	78	1	1	1	5	3	
353	8	2	2	46	2	2	2	
354	6	79	51	47	53	70	61	
355	49	1	1	1	1	5	3	
356	48	80	50	43	49	71	59	
357	3	82	1	1	1	5	62	
358	3	81	1	1	1	5	3	
359	19	23	15	2	55	20	15	
360	51	2	2	2	6	3	2	
361	4	3	1	1	11	72	64	
362	2	3	1	1	21	64	3	
363	1	1	1	1	12	4	1	
364	1	4	1	4	12	1	56	
365	3	3	1	42	4	4	35	
366	3	4	1	4	12	1	35	
367	1	4	1	4	12	1	57	
368	2	3	1	1	4	65	3	
369	4	1	4	1	5	66	4	
370	2	31	1	1	4	4	35	
371	1	4	53	4	12	1	10	
372	2	3	1	1	4	73	30	
373	1	4	1	49	12	1	10	
374	1	86	1	4	12	1	10	
375	19	23	15	2	19	20	42	
376	1	4	28	18	18	33	50	
378	2	2	2	1	6	3	2	
379	1	26	28	18	59	54	50	
380	3	3	61	42	4	4	3	
381	1	90	1	4	12	1	10	
382	2	2	2	2	6	3	69	
383	3	3	1	1	4	4	70	
384	3	1	60	8	1	5	3	
385	1	89	1	1	4	5	11	
386	6	72	50	2	10	67	59	
387	3	1	58	1	1	5	3	
388	6	66	46	1	7	50	68	
389	4	9	1	8	1	75	8	
390	1	1	1	53	1	1	1	
391	10	14	8	6	10	3	66	
392	2	2	2	2	6	74	2	
393	1	88	1	4	12	1	54	
394	19	23	15	2	57	20	15	
395	10	47	8	26	26	32	2	
396	10	14	8	51	10	3	2	
397	1	3	1	14	11	69	10	
398	3	35	19	2	20	26	39	
399	6	5	55	2	7	14	10	
400	1	1	1	2	12	1	1	
401	1	1	1	2	1	1	1	
402	1	4	1	1	1	1	10	
403	1	4	1	2	12	1	10	
404	1	4	1	4	58	1	10	
405	3	1	1	2	1	5	3	
406	3	3	1	2	1	1	10	
407	3	3	57	1	4	4	67	
408	6	1	46	1	1	5	3	
409	6	5	6	1	7	14	5	
410	6	66	46	43	7	14	18	
411	10	14	8	1	1	3	2	
412	18	1	1	18	1	5	3	
413	3	68	1	1	12	5	40	
414	6	1	6	1	7	14	5	
415	6	5	6	15	1	14	5	
416	6	5	6	1	7	14	18	
417	6	57	45	20	49	14	52	
418	6	66	46	1	7	50	18	
419	6	66	46	2	7	50	68	
420	6	66	59	2	7	50	18	
421	12	1	1	2	11	1	40	
422	18	1	1	2	7	5	3	
423	18	1	1	8	1	5	3	
424	18	1	1	4	1	5	3	
425	18	33	6	20	7	50	48	
426	53	47	8	26	26	32	2	
427	6	5	62	2	7	14	5	
429	50	47	8	26	26	32	5	
431	2	2	2	54	6	3	2	
432	1	1	1	8	1	1	1	
433	2	2	2	2	6	3	72	
434	2	2	2	2	6	1	2	
435	2	2	2	2	12	3	2	
436	2	91	2	4	6	3	2	
437	3	1	4	1	5	5	4	
438	3	4	1	4	12	5	10	
440	19	2	15	2	19	20	14	
441	2	2	2	48	6	3	2	
442	2	2	2	56	6	3	2	
443	59	2	2	2	6	3	2	
444	58	3	1	1	4	4	3	
445	1	61	1	31	12	4	10	
446	18	62	6	2	38	50	5	
447	4	9	41	8	1	4	10	
448	3	3	42	1	1	1	10	
449	3	3	1	1	64	4	3	
450	3	4	1	1	4	4	3	
451	3	4	1	42	4	4	3	
452	2	2	2	5	6	3	2	
453	13	40	1	1	12	11	13	
454	3	2	6	2	13	3	2	
455	10	14	8	6	61	3	2	
456	1	4	1	4	65	1	10	
457	8	2	2	2	6	3	73	
458	3	1	1	1	67	5	3	
459	3	93	1	1	66	1	40	
460	13	1	1	1	1	1	40	
461	1	4	1	4	12	1	40	
462	1	4	1	4	12	1	11	
463	5	1	1	4	4	6	3	
464	3	1	1	1	29	5	3	
465	13	13	65	1	12	11	13	
466	1	26	28	18	11	33	50	
467	1	4	1	23	7	1	40	
468	3	4	1	1	1	1	40	
469	13	13	1	4	12	11	13	
470	10	57	8	6	10	3	2	
471	1	4	1	4	68	1	10	
472	3	16	11	2	13	12	14	
473	2	4	1	15	12	1	10	
474	60	1	1	1	1	1	1	
475	1	97	1	1	1	1	1	
476	3	98	1	1	4	4	3	
477	1	1	1	1	1	50	1	
478	54	66	46	2	7	50	18	
479	52	79	54	18	56	32	65	
480	6	57	63	2	7	58	52	
481	6	66	46	2	54	50	18	
482	57	79	66	2	62	76	71	
483	6	57	45	2	7	58	18	
484	2	2	2	2	1	3	2	
485	13	99	1	1	12	11	13	
486	10	100	8	26	26	32	2	
487	1	101	1	4	12	1	10	
488	6	5	6	2	7	14	15	
489	6	5	6	2	7	14	11	
490	22	1	14	23	8	4	31	
491	2	2	2	47	6	3	2	
492	61	4	1	4	12	1	10	
493	62	1	1	1	1	1	1	
494	3	3	1	12	69	4	16	
495	7	6	1	5	70	8	6	
496	63	4	1	4	12	1	28	
497	10	14	8	6	60	3	2	
498	7	59	1	5	8	77	6	
499	3	3	65	12	4	4	3	
500	2	2	2	2	71	3	2	
501	65	3	1	1	4	4	3	
502	3	1	73	1	1	5	3	
503	2	2	2	2	13	3	2	
504	6	72	72	43	52	67	59	
505	24	1	14	15	11	19	3	
506	32	1	1	1	12	1	1	
507	3	3	74	58	4	4	3	
508	10	40	8	6	10	3	2	
509	1	26	28	18	18	33	27	
510	66	3	1	1	4	4	3	
511	3	32	1	1	4	1	3	
512	1	102	1	4	12	1	10	
513	4	9	1	8	1	78	8	
514	1	31	1	1	1	1	1	
515	1	3	1	4	73	1	10	
516	3	4	1	4	1	1	1	
517	2	4	1	1	12	4	3	
518	1	4	75	4	12	1	10	
519	2	9	1	1	4	4	3	
520	55	79	54	18	56	32	65	
521	6	94	67	2	7	14	52	
522	18	95	45	2	7	15	5	
523	1	94	68	1	1	1	1	
524	7	6	1	5	71	5	6	
525	64	3	1	12	4	4	16	
526	1	4	1	4	12	81	10	
527	2	3	1	1	4	19	13	
528	3	3	1	1	4	4	13	
529	70	4	1	4	79	1	10	
530	1	3	1	2	11	5	11	
531	67	103	6	59	13	15	18	
532	3	3	1	1	13	4	2	
533	3	2	1	2	6	3	2	
534	10	14	8	6	10	3	79	
535	2	2	1	2	6	3	2	
536	10	104	8	6	10	3	2	
537	19	23	1	2	19	20	15	
538	3	1	15	1	1	5	3	
539	2	2	2	2	6	3	75	
540	3	27	2	1	1	1	10	
541	3	35	19	60	20	26	39	
542	2	2	2	2	6	3	77	
543	2	2	76	2	6	3	2	
544	1	4	1	8	4	4	76	
545	19	23	15	20	19	20	15	
546	10	14	1	6	10	3	2	
547	1	4	77	4	12	1	10	
548	3	3	1	1	74	4	3	
549	1	3	8	4	12	1	10	
550	1	4	1	9	1	1	1	
551	13	105	1	1	12	11	13	
552	3	106	1	1	4	4	3	
553	1	4	1	4	12	2	10	
554	1	2	1	4	12	1	10	
555	10	107	8	26	26	32	2	
556	2	4	2	2	75	3	2	
557	2	2	2	2	77	3	2	
558	2	2	2	2	78	3	2	
559	68	23	79	2	19	20	15	
560	2	2	80	2	6	3	2	
561	69	1	14	15	76	19	3	
562	10	108	8	6	10	3	2	
563	3	3	8	1	4	4	3	
564	4	1	78	1	5	5	4	
565	10	14	8	6	10	3	78	
566	4	3	4	57	5	5	9	
567	10	1	1	1	1	1	1	
568	12	1	40	15	11	1	40	
569	3	109	1	1	4	4	3	
570	1	110	1	4	12	1	10	
571	7	3	1	1	4	4	10	
572	3	3	65	12	4	4	16	
573	1	1	1	1	12	1	1	
574	72	57	81	2	7	58	52	
575	63	4	1	4	12	1	10	
576	3	3	1	1	4	19	3	
577	73	5	6	2	7	14	2	
578	1	3	1	14	83	27	10	
579	2	2	2	2	3	83	2	
580	3	35	48	19	20	26	39	
581	6	57	45	18	10	14	52	
582	13	13	1	1	12	10	13	
583	3	3	1	14	11	27	10	
584	3	3	1	1	1	1	40	
585	2	1	1	1	4	4	3	
586	3	3	1	1	84	4	3	
587	75	4	1	4	12	1	10	
588	10	14	85	6	10	3	82	
589	6	23	15	2	7	17	2	
590	3	14	8	6	1	5	3	
591	8	2	2	2	6	3	19	
592	2	3	86	1	4	4	3	
593	19	23	79	1	19	20	15	
594	19	3	1	1	4	4	3	
595	76	14	8	6	10	3	2	
596	2	2	2	2	6	87	2	
597	1	4	83	4	12	1	10	
598	2	113	2	2	6	3	2	
599	6	115	6	2	7	32	5	
600	3	116	1	61	4	4	3	
601	3	37	48	19	49	26	39	
602	1	3	84	14	11	51	10	
603	2	112	2	2	6	84	2	
604	1	3	1	62	11	5	11	
605	2	2	10	2	6	3	2	
606	7	6	35	5	8	8	6	
607	2	2	89	2	6	3	2	
608	10	14	8	6	85	3	2	
609	3	3	1	58	4	4	3	
610	1	1	1	1	4	1	1	
611	18	118	6	2	13	15	18	
612	3	3	1	1	4	88	83	
613	3	3	90	1	4	4	3	
614	2	3	91	1	4	4	3	
615	1	4	1	8	4	4	1	
616	7	6	1	5	13	8	3	
617	3	14	8	6	10	3	2	
618	22	117	14	23	12	53	31	
619	3	114	1	1	4	85	3	
620	13	13	1	63	12	11	13	
621	74	35	19	2	20	26	39	
622	10	6	1	5	8	8	6	
623	10	3	1	1	4	4	3	
624	2	3	1	12	4	4	16	
625	6	14	8	6	3	3	2	
626	6	3	1	12	4	4	16	
627	1	4	1	4	1	1	10	
628	1	4	1	4	2	1	10	
629	79	1	14	23	4	4	31	
630	12	3	1	1	4	4	3	
631	6	3	1	1	4	4	3	
632	1	4	1	4	86	1	10	
633	1	4	1	4	87	1	3	
634	78	4	1	4	12	1	10	
635	1	6	1	14	11	51	10	
636	7	4	1	5	8	5	6	
637	2	4	1	1	4	4	30	
638	80	13	1	1	12	11	13	
639	2	3	1	1	4	4	74	
640	10	14	8	6	10	86	2	
641	1	31	1	4	12	1	10	
642	2	3	2	2	6	3	2	
643	19	122	12	2	13	89	13	
644	2	3	1	65	4	4	3	
645	80	123	1	1	12	11	13	
646	3	3	92	1	4	4	3	
647	2	2	2	2	88	3	2	
648	2	2	2	3	6	3	84	
649	6	5	6	2	7	14	85	
650	81	4	1	4	12	1	10	
651	6	120	6	2	7	14	5	
652	6	121	6	2	7	14	5	
653	3	6	1	1	4	4	2	
654	1	119	1	4	12	1	10	
655	2	6	6	2	6	3	2	
657	3	6	6	19	13	3	6	
658	3	6	6	19	13	3	11	
659	3	4	6	1	7	12	3	
660	1	32	1	1	4	4	3	
661	10	111	66	66	82	82	81	
662	3	3	1	1	11	4	10	
663	3	1	1	8	1	91	1	
664	3	3	1	1	87	4	3	
665	27	4	1	1	4	6	11	
666	27	3	1	1	13	6	11	
667	2	2	2	2	6	92	2	
668	82	38	1	1	1	1	40	
669	3	1	94	1	29	5	3	
670	3	3	1	1	4	93	3	
671	3	124	1	1	1	1	86	
672	4	3	1	1	11	72	11	
673	1	3	1	1	4	4	11	
674	3	3	1	1	4	4	87	
675	1	36	1	4	12	1	10	
676	1	4	1	4	12	1	80	
677	2	2	2	2	80	3	2	
678	1	36	1	4	81	1	10	
679	71	36	1	4	12	1	10	
680	6	125	96	27	13	13	88	
681	6	5	6	67	7	14	5	
683	3	3	1	1	12	4	3	
684	2	3	98	1	21	4	3	
685	3	3	1	1	4	28	3	
687	6	2	6	2	7	13	2	
688	6	2	6	2	7	14	2	
689	6	2	6	2	7	13	5	
690	6	2	6	2	7	14	5	
691	85	13	1	1	12	11	13	
692	12	89	1	1	4	5	90	
693	3	126	1	37	1	5	3	
694	3	68	1	4	1	5	89	
695	6	66	46	69	91	50	18	
696	6	66	46	19	7	50	18	
697	3	78	1	1	1	5	91	
698	16	127	12	2	13	13	15	
699	1	89	1	15	1	4	3	
700	6	57	45	2	7	95	52	
701	6	129	46	2	7	50	18	
702	3	128	45	2	7	15	5	
703	18	128	45	2	7	15	5	
704	2	2	2	48	2	3	2	
705	6	72	50	43	49	67	59	
706	86	3	1	1	1	1	10	
707	18	71	6	2	7	58	2	
708	1	4	99	4	12	1	10	
709	3	1	1	1	92	5	92	
710	1	4	1	4	12	96	10	
711	6	66	46	2	7	97	18	
712	6	66	46	2	93	50	18	
713	2	2	2	1	3	3	2	
714	1	2	2	2	6	3	2	
715	8	2	2	2	88	3	2	
716	3	3	1	1	4	3	3	
717	1	3	1	1	11	5	11	
718	19	122	12	2	13	89	15	
719	3	3	1	1	4	4	1	
720	6	5	6	2	7	17	22	
721	2	1	1	8	1	1	2	
722	2	2	2	2	6	3	1	
723	1	1	74	1	94	99	1	
724	2	3	1	1	4	47	3	
725	6	5	6	2	7	11	5	
726	1	1	1	1	1	101	1	
727	1	37	48	19	96	26	39	
728	1	3	1	14	11	27	10	
729	3	3	1	1	98	4	3	
730	1	4	1	4	97	1	10	
731	2	2	2	2	6	4	2	
732	3	23	1	1	19	1	40	
733	19	124	1	1	1	20	40	
734	2	3	1	1	4	4	95	
735	87	14	8	6	10	3	2	
736	1	4	100	4	12	24	29	
737	7	6	1	70	8	8	6	
738	3	3	1	71	4	4	3	
739	3	1	14	15	11	19	93	
740	8	2	2	2	6	98	94	
741	88	68	1	4	1	5	40	
742	3	131	1	1	1	5	3	
743	1	130	1	1	1	1	1	
744	1	4	1	72	12	1	10	
745	6	66	46	2	99	50	18	
746	3	1	1	1	1	5	92	
747	3	1	1	1	1	5	96	
748	1	132	1	1	1	1	1	
749	19	133	15	2	19	20	15	
750	89	66	46	2	7	50	18	
751	1	1	1	73	1	1	1	
752	3	35	101	2	20	26	39	
753	90	35	19	2	20	26	39	
754	19	23	102	2	19	20	42	
755	10	134	8	6	10	3	2	
756	2	2	103	2	6	3	2	
758	3	123	1	8	1	1	1	
759	3	135	1	12	4	4	16	
760	10	1	1	1	1	102	1	
761	1	1	104	1	1	103	1	
762	1	1	104	1	1	1	1	
763	91	4	1	4	12	1	10	
764	1	136	1	4	12	1	10	
765	2	2	2	2	6	104	2	
766	7	6	1	5	72	8	6	
767	3	27	19	2	20	26	32	
768	3	3	1	1	4	4	97	
769	1	1	1	1	1	105	1	
770	1	3	1	1	4	4	3	
771	6	137	46	2	7	50	18	
772	1	1	1	1	22	1	1	
773	16	16	12	1	13	13	15	
774	4	1	1	39	1	1	1	
775	4	9	105	8	1	10	8	
776	92	2	2	2	2	2	2	
777	19	23	15	2	19	20	98	
778	93	3	1	1	4	5	3	
779	3	138	1	15	100	1	10	
780	2	2	106	2	6	3	2	
781	4	1	107	1	5	5	4	
782	2	3	1	1	4	10	3	
783	10	4	1	4	12	24	29	
784	94	3	1	1	4	88	83	
785	1	3	1	74	11	5	11	
786	19	23	15	2	19	20	99	
787	47	4	1	4	12	1	100	
788	95	4	1	4	12	1	10	
789	3	4	1	4	4	6	3	
790	1	4	1	4	12	1	101	
791	10	14	8	6	10	3	32	
792	10	14	8	6	10	3	3	
793	3	1	1	8	1	1	13	
794	10	2	8	6	10	3	2	
795	13	13	1	1	12	11	3	
796	13	13	1	75	12	11	13	
797	3	3	1	12	4	4	6	
798	1	3	1	76	11	5	13	
799	4	9	1	8	1	10	2	
800	6	5	6	2	7	14	10	
801	1	4	1	4	12	1	5	
802	13	13	1	1	12	11	2	
803	10	14	8	6	10	3	39	
804	3	35	19	2	20	26	2	
805	3	3	1	1	1	1	1	
806	2	2	2	2	102	3	2	
807	8	2	2	2	6	3	7	
808	2	14	2	2	6	3	2	
809	18	18	6	2	13	14	2	
810	10	35	19	2	46	26	39	
811	2	2	2	48	6	3	10	
812	3	1	14	15	11	19	2	
813	3	37	19	2	20	26	2	
814	12	89	108	1	4	5	90	
815	3	1	109	1	1	5	3	
816	18	140	45	2	7	14	7	
817	97	2	2	2	2	2	2	
818	13	141	1	1	12	11	13	
819	2	2	2	77	6	3	2	
820	10	142	8	6	10	3	2	
822	1	143	1	14	11	51	10	
823	1	4	110	4	12	1	10	
824	98	3	1	12	4	4	16	
825	99	1	14	23	12	4	31	
826	1	4	1	4	103	1	54	
827	2	2	2	2	6	5	2	
828	3	3	1	1	4	4	83	
829	1	1	29	9	1	1	1	
830	3	3	1	1	4	107	3	
831	3	144	1	12	4	4	16	
832	13	13	111	1	12	11	13	
833	100	1	1	8	12	1	1	
834	3	124	1	1	1	1	40	
835	1	4	1	4	12	108	10	
836	3	3	1	1	4	100	3	
837	6	5	6	2	7	14	3	
838	1	4	1	4	12	106	10	
839	7	6	112	5	8	8	6	
840	1	145	1	4	12	1	10	
841	1	1	25	1	1	1	1	
842	3	1	1	1	1	5	38	
843	3	1	31	1	29	5	3	
844	3	51	1	1	4	4	3	
845	13	13	1	1	12	34	13	
846	7	6	28	27	11	40	43	
847	2	46	24	2	2	2	2	
848	10	1	1	1	12	1	1	
849	5	4	1	4	101	6	3	
850	36	3	43	79	39	52	49	
851	1	91	1	1	22	1	1	
852	1	1	68	1	1	1	1	
853	101	3	1	80	4	4	3	
854	7	139	1	5	8	8	6	
855	96	2	2	2	2	2	2	
857	1	26	28	18	18	111	50	
858	3	3	1	1	13	4	3	
859	79	1	14	23	12	4	31	
860	1	3	1	4	12	41	10	
861	1	3	1	8	4	4	3	
862	1	3	1	4	12	1	28	
863	1	3	1	4	12	1	10	
864	12	4	1	82	12	1	3	
865	103	3	1	1	4	4	3	
866	1	31	1	4	12	102	10	
867	104	6	1	5	8	8	6	
868	1	4	1	4	12	3	10	
869	13	13	1	1	1	112	13	
870	105	3	1	1	4	4	3	
871	13	13	1	1	1	1	13	
872	1	1	1	1	1	113	1	
873	6	79	113	83	7	114	102	
874	1	4	1	84	12	1	10	
875	1	3	114	8	11	5	11	
876	22	1	14	23	12	4	103	
877	2	2	2	2	6	3	104	
878	2	2	115	2	6	3	2	
879	3	3	1	1	4	4	67	
880	4	1	4	1	5	115	4	
881	3	3	1	1	105	4	3	
882	10	14	8	6	106	3	2	
883	36	4	43	34	107	116	105	
884	1	147	1	1	1	1	1	
885	106	3	1	1	4	4	3	
886	2	148	2	2	6	3	2	
887	10	14	116	6	10	3	2	
888	3	3	117	1	1	1	10	
889	2	3	1	4	4	4	3	
890	18	33	45	18	109	14	2	
891	1	1	1	1	108	1	1	
892	1	4	1	4	12	1	107	
893	13	149	1	1	12	11	13	
894	18	18	6	2	13	15	106	
895	2	150	2	2	6	3	2	
896	2	6	1	5	8	8	6	
897	2	6	1	2	8	8	6	
898	13	13	1	1	12	117	13	
899	2	2	2	73	6	3	2	
900	107	3	1	1	4	4	3	
901	1	3	1	8	111	5	11	
902	7	6	1	5	110	8	6	
903	3	3	1	1	4	1	10	
904	16	151	12	2	13	13	15	
905	4	9	1	8	1	10	108	
906	13	13	118	1	12	11	13	
907	8	2	2	2	112	3	2	
908	108	13	1	1	12	11	13	
909	39	4	1	4	12	1	10	
910	109	2	2	2	6	3	2	
911	1	8	1	19	12	1	40	
912	13	152	1	85	113	1	40	
913	13	152	1	1	113	1	40	
914	13	1	1	1	113	1	40	
915	1	4	119	4	12	1	10	
916	1	26	28	18	18	118	27	
917	1	4	1	8	4	119	3	
918	18	153	6	2	38	50	2	
919	6	3	6	1	11	27	14	
920	1	4	1	4	115	1	10	
921	1	4	1	4	114	1	10	
922	19	23	15	2	10	20	2	
923	3	3	1	1	4	4	109	
924	10	14	120	6	10	3	2	
925	110	23	15	2	19	20	15	
926	1	4	121	4	12	1	10	
927	7	155	1	5	8	8	6	
928	7	156	1	5	8	8	6	
929	10	40	8	87	10	3	2	
930	1	65	1	4	117	1	10	
932	12	4	1	4	1	1	3	
933	2	2	2	1	2	2	2	
934	18	18	6	1	13	15	7	
935	1	4	2	4	12	1	10	
936	2	45	2	6	2	2	2	
937	1	157	1	1	11	5	11	
938	2	2	2	6	6	3	2	
939	1	4	1	8	118	4	3	
940	19	154	15	2	19	20	15	
941	13	13	1	1	12	122	13	
942	111	71	6	2	7	58	110	
943	5	4	1	4	116	6	3	
944	18	18	6	59	13	15	18	
945	18	18	6	86	13	15	18	
946	6	5	16	2	7	14	34	
947	112	5	6	2	7	12	5	
948	12	4	1	4	12	120	3	
949	12	4	92	4	12	1	13	
950	1	4	1	4	12	121	10	
951	19	23	15	89	19	20	15	
952	113	23	15	2	19	20	15	
953	3	1	122	1	1	5	3	
954	7	6	1	2	8	8	6	
955	18	22	6	2	8	50	6	
956	2	57	2	2	8	3	2	
957	114	6	1	5	8	8	6	
958	2	2	123	2	6	3	15	
959	13	13	1	1	12	4	13	
960	3	3	1	1	4	11	3	
961	3	14	8	6	10	123	2	
962	2	2	2	2	6	3	111	
963	115	13	1	1	12	11	13	
964	4	1	4	1	12	14	5	
965	1	4	1	4	119	1	10	
966	19	23	125	2	19	20	15	
967	19	160	15	2	19	20	15	
968	3	3	126	1	1	1	10	
969	19	23	15	2	120	20	15	
970	7	159	1	5	8	8	6	
971	1	3	124	8	11	5	11	
972	10	14	8	6	10	3	112	
973	6	66	97	2	7	50	18	
974	117	37	19	2	20	26	32	
975	2	161	2	2	6	3	2	
976	3	162	1	1	4	4	3	
977	2	2	2	2	6	3	113	
978	1	4	1	8	4	5	3	
979	118	4	1	4	4	1	3	
980	3	3	1	1	4	4	28	
981	2	3	1	1	12	1	28	
982	2	2	2	2	4	4	3	
983	2	3	1	1	4	4	45	
984	7	6	1	5	4	4	3	
985	3	3	1	1	4	19	16	
986	1	4	1	4	12	1	114	
987	3	1	1	1	1	5	115	
988	119	5	6	2	7	7	5	
989	8	2	2	91	6	3	2	
990	1	4	1	8	4	124	2	
991	8	2	2	91	6	3	4	
992	8	2	2	91	6	3	13	
993	1	1	127	1	1	1	1	
994	84	3	1	14	11	51	10	
995	3	3	1	1	4	88	3	
996	2	3	1	1	64	4	3	
997	1	3	1	14	121	51	10	
998	120	4	1	4	12	1	54	
999	3	3	1	1	4	4	116	
1000	1	26	128	18	18	33	27	
1001	121	2	2	2	6	3	2	
1002	122	13	1	1	12	11	13	
1003	13	13	1	1	122	11	13	
1004	8	163	129	19	6	125	117	
1005	1	1	1	1	123	1	1	
1006	124	37	6	19	20	26	39	
1007	6	66	130	2	7	50	18	
1008	125	66	46	2	7	50	18	
1009	1	3	1	1	124	5	3	
1010	123	5	6	2	7	14	5	
1011	126	4	1	4	12	1	10	
1012	10	47	8	5	26	32	2	
1013	3	3	131	1	4	4	3	
1014	3	3	1	92	4	4	3	
1015	1	164	1	1	1	1	1	
1016	10	14	8	19	10	3	2	
1017	10	14	23	4	10	3	2	
1018	2	4	1	4	12	1	3	
1019	127	9	1	8	1	10	8	
1020	6	5	134	2	7	14	5	
1021	18	153	6	2	38	50	5	
1022	1	4	132	8	4	4	3	
1023	10	14	133	6	10	3	2	
1024	2	166	2	2	6	3	2	
1025	10	53	8	26	10	32	2	
1026	2	2	2	2	125	3	2	
1027	8	167	135	2	13	127	7	
1028	4	168	136	8	1	10	8	
1029	4	1	137	1	5	5	4	
1030	4	1	138	1	5	5	4	
1031	6	13	1	1	12	11	13	
1032	10	14	8	6	126	3	2	
1033	10	169	139	2	7	26	39	
1034	128	5	6	2	7	14	5	
1035	4	4	140	4	11	4	118	
1036	13	13	1	1	12	11	1	
1037	7	59	1	5	8	8	6	
1038	13	13	1	1	127	11	13	
1039	1	170	1	1	1	128	1	
1040	10	171	8	6	10	3	2	
1041	8	2	2	86	6	3	2	
1042	4	1	4	1	5	5	10	
1043	19	1	15	2	19	20	31	
1044	2	3	1	1	12	1	10	
1045	10	14	141	6	10	3	2	
1046	5	4	1	4	4	5	2	
1047	10	1	1	8	1	1	1	
1048	10	4	1	4	4	6	3	
1049	8	2	2	2	6	126	2	
1050	4	1	4	93	5	5	4	
1051	7	6	1	5	128	8	6	
1052	10	14	8	6	10	129	2	
1053	2	172	2	2	6	3	2	
1054	1	1	8	1	1	1	1	
1055	2	2	2	2	129	3	2	
1056	4	1	4	1	5	130	4	
1057	2	2	142	2	6	3	2	
1058	10	14	8	6	10	3	119	
1059	2	172	8	2	6	3	2	
1060	3	1	126	1	1	5	3	
1061	13	13	1	1	12	11	120	
1062	129	2	2	2	6	3	2	
1063	10	14	143	6	10	3	2	
1064	4	173	1	8	1	10	8	
1065	3	174	1	1	4	4	3	
1067	3	35	19	107	20	26	39	
1068	22	1	144	23	12	4	31	
1069	3	165	19	2	20	26	39	
1070	130	1	1	1	1	1	1	
1071	2	2	2	19	3	3	2	
1072	131	1	1	1	1	5	3	
1073	111	176	2	19	6	127	14	
1074	6	72	145	43	49	67	59	
1075	6	66	146	2	7	50	18	
1076	6	72	147	43	49	67	59	
1077	3	1	1	1	1	132	3	
1078	6	72	12	94	49	67	59	
1079	3	1	6	1	1	45	3	
1080	7	6	1	5	130	8	6	
1081	10	14	8	6	10	3	121	
1082	7	6	1	5	131	8	6	
1083	2	2	2	95	6	3	2	
1084	2	2	2	96	6	3	2	
1085	132	177	12	27	13	13	15	
1086	3	1	148	15	11	19	3	
1087	10	14	8	6	10	133	2	
1088	133	138	1	15	100	1	10	
1089	12	1	1	1	51	1	40	
1090	6	5	6	2	132	14	5	
1091	10	14	8	6	133	3	2	
1092	3	3	149	1	1	1	10	
1093	10	53	34	26	26	32	2	
1094	10	35	19	2	49	26	39	
1095	134	6	1	5	8	8	6	
1096	10	14	8	6	10	83	2	
1097	2	3	6	1	4	4	3	
1098	1	1	1	1	1	134	1	
1099	135	4	1	4	12	1	10	
1100	136	4	1	4	12	1	10	
1101	2	2	2	2	6	135	2	
1102	8	2	150	2	6	3	2	
1103	2	2	2	2	6	3	122	
1104	2	2	2	2	6	3	123	
1105	3	3	1	1	4	136	3	
1106	3	1	1	8	1	138	1	
1107	2	178	2	2	6	3	2	
1108	19	23	15	2	134	20	15	
1109	137	23	15	2	19	20	15	
1110	19	23	151	2	19	20	15	
1111	30	4	1	4	12	1	10	
1112	3	37	152	2	20	26	32	
1113	138	4	1	4	12	137	3	
1114	139	2	2	2	6	139	2	
1115	1	1	1	1	4	19	1	
1116	2	3	153	1	4	4	30	
1117	7	6	1	5	135	8	6	
1118	52	79	54	18	56	32	59	
1119	18	1	1	1	1	67	3	
1120	10	182	8	6	10	3	2	
1121	1	1	154	1	1	1	1	
1122	6	72	12	43	49	140	59	
1123	6	179	12	43	49	67	59	
1124	140	72	72	43	52	67	59	
1125	18	1	1	1	1	5	124	
1126	18	1	1	1	1	141	3	
1127	18	1	1	97	1	5	3	
1128	18	1	1	97	136	5	3	
1129	141	1	1	1	1	5	3	
1130	6	180	6	98	7	14	5	
1131	2	2	155	2	6	3	2	
1132	7	6	156	5	8	8	6	
1133	10	14	8	6	137	3	2	
1134	4	9	1	8	1	142	8	
1135	142	1	1	1	1	1	1	
1137	143	6	1	5	8	8	6	
1138	7	6	1	5	8	143	6	
1139	7	6	1	5	8	144	6	
1140	22	1	14	23	12	53	125	
1141	3	27	1	1	1	1	4	
1142	1	3	1	8	11	5	4	
1143	13	13	1	1	12	11	8	
1144	4	1	4	1	5	5	5	
1145	4	1	4	1	5	5	2	
1146	4	1	4	1	5	5	11	
1147	2	2	2	2	6	3	10	
1148	1	61	1	8	12	4	10	
1149	19	23	15	2	19	20	5	
1150	3	3	1	1	33	4	3	
1151	18	153	6	2	38	50	15	
1152	3	3	1	1	138	4	3	
1153	1	13	1	1	124	5	3	
1154	3	2	1	1	1	1	10	
1155	69	1	14	15	11	19	3	
1156	1	3	1	8	12	5	11	
1158	2	2	2	2	6	145	2	
1159	3	4	1	4	4	44	3	
1160	13	13	1	1	12	11	127	
1161	8	2	2	2	6	92	2	
1162	8	7	157	2	9	9	7	
1163	2	2	2	2	6	61	2	
1164	1	4	1	100	12	1	10	
1165	10	14	158	6	10	3	2	
1166	145	2	2	2	6	3	2	
1167	146	14	8	6	10	3	2	
1168	2	2	2	2	6	3	128	
1169	10	54	8	6	10	3	2	
1170	6	5	6	2	7	17	15	
1171	2	2	2	2	6	146	2	
1172	6	5	6	2	95	17	15	
1173	3	3	1	1	4	131	3	
1174	3	1	1	1	1	5	129	
1175	3	26	28	18	18	33	27	
1176	1	4	1	4	12	1	130	
1178	1	181	1	4	12	1	10	
1179	144	1	1	1	1	5	3	
1181	3	3	1	1	139	4	3	
1182	147	27	1	1	1	1	10	
1183	3	183	1	1	4	1	3	
1184	1	4	1	4	140	1	10	
1185	148	13	1	1	12	11	13	
1186	1	4	1	4	141	1	10	
1187	1	184	1	4	12	1	28	
1188	3	185	1	1	4	4	3	
1189	3	186	1	1	4	4	3	
1191	26	1	1	1	2	1	1	
1192	3	1	24	5	7	4	11	
1193	1	1	1	24	2	1	1	
1194	1	2	2	2	1	1	1	
1195	1	6	6	1	2	1	10	
1196	7	1	6	2	4	1	10	
1197	3	1	1	5	11	1	11	
1198	12	1	5	2	3	1	20	
1199	8	19	17	4	9	10	2	
1200	16	1	2	1	2	1	1	
1201	27	1	2	2	4	1	1	
1202	7	1	2	2	4	7	23	
1203	2	2	161	2	3	6	2	
1204	1	4	1	4	144	1	10	
1205	19	23	15	2	143	147	15	
1206	1	1	160	1	1	1	1	
1207	1	3	164	1	1	1	1	
1208	3	3	1	1	142	4	3	
1209	111	71	162	2	7	58	110	
1210	6	5	163	2	7	14	5	
1211	10	14	165	6	10	3	2	
1212	2	14	8	6	10	3	2	
1213	6	5	6	2	7	14	132	
1214	1	5	1	1	1	1	1	
1215	22	1	21	23	12	4	31	
1216	1	13	1	1	124	149	3	
1217	1	4	1	8	1	51	133	
1218	3	1	1	8	1	1	134	
1219	22	1	4	23	12	4	31	
1220	1	1	1	1	1	1	135	
1221	3	3	1	1	12	4	31	
1222	3	20	6	6	1	3	2	
1223	151	187	20	101	145	150	131	
1224	19	23	15	2	19	20	136	
1225	2	3	1	1	4	148	3	
1226	4	1	4	1	5	151	4	
1227	149	3	1	1	4	4	3	
1228	2	188	1	1	4	4	3	
1229	3	189	159	1	4	4	3	
1230	6	190	72	43	52	67	59	
1231	4	9	1	1	1	5	3	
1232	3	35	167	2	20	26	39	
1233	6	191	6	60	7	14	5	
1234	5	4	1	4	146	6	3	
1235	3	192	1	8	1	1	1	
1236	3	1	166	8	1	1	1	
1237	3	3	1	1	148	4	3	
1238	150	3	1	1	4	4	3	
1239	3	3	1	102	4	4	3	
1240	1	4	1	1	4	4	3	
1241	19	23	23	2	19	20	15	
1242	152	14	8	6	14	3	2	
1243	1	1	1	105	11	4	10	
1244	6	194	6	2	7	17	19	
1245	6	193	45	2	7	58	52	
1246	6	1	12	43	7	67	59	
1247	6	66	46	2	91	50	18	
1248	6	72	12	43	49	67	138	
1249	153	72	72	43	52	152	59	
1250	154	79	12	2	149	114	102	
1251	57	195	12	47	10	153	139	
1252	3	196	1	1	4	4	3	
1253	3	3	1	1	4	4	140	
1254	155	197	169	18	7	15	48	
1255	3	3	1	1	4	4	141	
1256	1	1	170	1	1	1	1	
1257	3	3	1	1	4	4	144	
1258	3	27	1	1	1	1	145	
1259	1	4	1	4	12	1	143	
1260	1	3	1	14	11	51	39	
1261	3	1	1	8	1	156	1	
1262	2	200	2	2	6	3	2	
1263	2	2	2	106	2	2	2	
1264	22	1	14	23	12	53	146	
1265	3	1	1	8	150	1	1	
1266	10	201	8	6	10	3	2	
1267	3	199	1	1	1	1	10	
1268	1	3	1	8	11	5	142	
1269	3	3	1	1	4	154	3	
1270	22	198	14	23	12	53	31	
1271	156	5	6	2	7	14	5	
1272	2	2	2	2	2	155	2	
1273	70	3	1	8	11	5	1	
1274	6	72	72	43	52	157	59	
1275	52	154	54	18	56	121	65	
1276	110	155	120	66	12	122	110	
1277	3	175	19	107	20	26	39	
1278	18	1	1	1	1	1	1	
1279	1	13	1	1	12	1	3	
1280	3	1	1	4	11	1	35	
1281	4	168	1	8	1	10	8	
1282	2	202	1	1	4	4	3	
1284	151	123	93	2	145	150	2	
1285	2	3	1	1	4	4	11	
1286	2	31	1	2	13	4	11	
1287	2	123	93	2	13	4	11	
1288	151	1	14	5	145	150	11	
1289	22	1	14	109	12	4	31	
1290	1	4	1	1	11	1	3	
1291	19	23	15	2	19	158	42	
1292	3	38	1	1	1	1	40	
1293	157	3	1	110	12	159	148	
1294	2	3	1	1	4	4	115	
1295	3	1	1	8	12	19	1	
1296	2	3	1	111	4	4	3	
1297	3	203	1	1	1	1	10	
1298	2	2	2	2	22	3	2	
1299	3	138	171	15	100	1	10	
1300	6	5	172	2	7	14	5	
1301	158	5	6	2	7	14	5	
1302	6	2	6	98	7	5	5	
1303	151	31	173	101	145	150	131	
1304	36	45	43	34	39	52	49	
1305	159	3	1	1	4	4	3	
1306	6	72	1	43	52	160	59	
1307	1	4	1	5	12	1	10	
1308	3	3	1	1	4	4	53	
1309	2	3	1	1	151	4	3	
1310	2	3	1	1	4	4	149	
1311	160	23	15	2	19	20	15	
1312	2	3	176	1	4	4	3	
1313	13	13	1	1	12	19	13	
1314	116	158	6	2	10	11	7	
1315	10	47	8	26	154	32	2	
1316	19	23	15	2	19	20	4	
1317	1	4	8	4	12	1	10	
1318	3	1	14	2	11	19	3	
1319	10	14	8	6	4	86	2	
1320	2	2	2	2	6	11	2	
1321	2	32	1	2	6	3	3	
1322	161	14	8	6	10	3	2	
1323	4	204	1	1	11	72	11	
1324	1	205	1	8	4	4	3	
1325	1	43	174	4	12	1	10	
1326	7	6	175	5	8	8	6	
1327	7	6	1	5	152	8	6	
1328	1	1	177	1	1	1	1	
1329	162	3	1	1	4	4	3	
1330	10	206	8	6	10	3	2	
1331	1	4	1	8	153	4	3	
1332	3	1	1	8	155	1	1	
1333	2	2	2	2	6	161	2	
1334	3	3	1	1	4	162	3	
1335	2	2	2	2	6	163	2	
1336	1	1	178	1	1	1	1	
1337	1	3	1	1	3	4	3	
1338	3	3	1	1	4	131	83	
1339	163	1	1	1	12	1	150	
1340	1	207	1	4	12	1	10	
1341	2	3	179	1	4	4	3	
1342	1	4	180	4	12	1	10	
1343	1	89	1	1	11	5	11	
1344	12	89	1	108	4	5	90	
1345	1	208	104	112	156	1	1	
1346	1	209	1	4	12	1	10	
1347	18	89	1	1	4	5	90	
1348	1	4	1	4	12	164	10	
1349	14	210	45	2	7	110	2	
1350	1	4	1	4	12	1	151	
1351	3	212	1	1	4	4	3	
1353	3	212	1	1	4	88	3	
1354	19	23	15	113	19	20	15	
1355	8	211	2	2	6	3	2	
1356	3	1	181	1	1	5	3	
1357	111	31	1	1	4	4	11	
1358	6	5	1	2	7	4	5	
1359	57	79	12	2	13	76	152	
1360	22	1	182	23	12	4	31	
1361	6	79	12	47	149	50	153	
1362	12	4	1	114	12	1	3	
1363	164	72	50	43	49	67	59	
1364	165	72	50	43	49	67	59	
1365	6	72	50	43	49	165	59	
1366	3	78	1	1	1	166	3	
1367	3	1	183	1	1	5	3	
1368	166	9	1	8	1	10	8	
1369	1	3	1	8	157	5	11	
1370	4	9	184	8	1	10	8	
1371	154	79	185	47	13	50	154	
1372	167	1	4	1	5	5	4	
1373	1	26	28	115	18	33	50	
1374	2	3	186	1	4	4	30	
1375	3	35	187	2	20	26	39	
1376	3	73	1	1	1	1	10	
1377	168	14	8	6	10	3	2	
1378	13	13	1	1	6	3	13	
1379	3	1	1	1	1	167	3	
1380	169	79	54	18	56	32	65	
1381	3	3	127	1	4	4	3	
1382	3	3	1	1	56	4	3	
1383	6	5	8	2	7	3	2	
1384	6	5	6	2	7	17	5	
1385	1	3	112	14	11	51	10	
1386	2	1	2	2	158	3	2	
1387	8	2	2	2	6	168	2	
1388	10	14	8	116	10	3	2	
1389	3	3	189	1	1	22	10	
1390	2	2	190	2	6	3	2	
1391	3	35	19	2	159	26	39	
1392	2	2	2	2	160	2	2	
1393	10	213	8	6	10	3	2	
1394	10	14	8	117	10	3	2	
1395	1	214	1	8	11	5	11	
1396	1	1	191	1	1	1	1	
1397	3	3	1	1	4	4	155	
1398	1	4	1	4	12	169	10	
1399	3	1	14	118	11	19	3	
1400	3	1	192	15	11	19	3	
1401	2	3	1	1	115	4	3	
1402	1	1	149	1	1	1	1	
1403	13	3	1	1	12	11	13	
1404	46	75	1	1	4	4	3	
1405	3	3	193	1	4	4	3	
1406	8	2	194	2	6	3	2	
1407	3	59	1	4	161	170	2	
1408	2	2	195	2	6	3	2	
1409	1	4	1	4	19	1	10	
1410	1	4	1	8	46	24	29	
1411	3	3	1	4	4	6	3	
1412	10	14	196	6	10	3	2	
1413	6	5	6	2	162	14	5	
1414	7	6	1	5	8	171	6	
1415	2	2	2	2	163	2	2	
1416	1	215	1	4	12	1	10	
1417	10	14	197	6	14	3	2	
1418	170	23	15	2	19	20	15	
1419	3	1	198	1	1	5	3	
1420	12	152	1	14	12	27	10	
1421	6	5	6	2	7	14	19	
1422	2	2	2	2	6	172	2	
1423	4	9	1	8	1	173	8	
1424	3	3	1	12	4	88	16	
1425	2	3	1	1	4	88	3	
1426	3	3	74	58	4	88	3	
1427	1	31	1	4	12	1	40	
1428	3	3	1	119	4	4	3	
1429	1	3	1	4	12	4	10	
1430	3	3	178	1	4	4	3	
1431	18	216	6	2	13	15	7	
1432	10	14	199	6	10	3	2	
1433	6	217	6	2	7	174	5	
1434	1	4	1	8	4	4	2	
1435	1	4	1	4	164	1	10	
1436	2	2	2	2	165	3	2	
1437	171	2	2	2	6	3	2	
1438	172	2	2	2	6	3	2	
1439	2	2	200	2	6	3	2	
1440	1	3	1	1	11	51	10	
1442	1	26	28	18	166	33	50	
1443	1	26	28	18	18	33	156	
1444	10	40	8	6	10	3	157	
1445	13	13	1	120	12	11	13	
1446	173	6	1	7	8	8	6	
1447	1	4	1	4	12	1	158	
1448	2	2	2	2	6	3	159	
1449	22	1	14	23	167	4	31	
1450	3	218	19	2	20	26	39	
1451	174	1	1	9	1	1	1	
1453	3	35	19	2	20	175	39	
1454	1	4	201	4	12	1	10	
1455	22	1	14	23	12	176	31	
1456	2	2	2	2	168	3	2	
1457	175	4	1	4	12	1	10	
1458	3	4	202	4	4	6	3	
1459	3	37	203	2	20	26	32	
1460	1	3	1	76	11	5	11	
1461	176	3	1	8	11	5	11	
1462	3	1	1	4	1	1	1	
1464	102	219	204	122	13	177	160	
1465	2	220	1	1	4	4	3	
1466	22	1	14	23	12	178	31	
1467	1	3	2	14	11	26	10	
1468	3	37	1	2	20	27	32	
1469	1	13	1	1	124	5	115	
1470	4	9	1	8	1	10	10	
1471	46	75	205	44	13	68	60	
1472	2	2	2	2	6	3	162	
1473	7	221	1	5	8	5	6	
1474	3	223	1	8	1	1	1	
1475	2	222	2	2	6	3	3	
1477	13	13	1	123	12	11	13	
1478	2	2	2	2	6	3	163	
1479	13	225	1	1	12	11	13	
1480	177	4	1	4	12	1	10	
1481	1	4	1	124	46	24	29	
1482	2	2	2	2	6	179	2	
1483	1	224	1	4	12	1	10	
1484	2	226	2	2	6	3	2	
1485	5	4	1	4	4	6	39	
1486	2	13	1	1	12	11	13	
1487	13	2	2	2	6	3	2	
1488	1	3	1	6	11	5	11	
1489	1	4	1	2	12	1	28	
1490	3	3	1	2	4	4	3	
1491	13	13	1	2	12	11	13	
1492	4	1	4	2	5	5	4	
1493	2	3	1	1	4	4	147	
1495	1	4	1	14	12	1	10	
1496	1	1	1	1	12	1	3	
1497	3	3	93	1	4	4	3	
1498	3	3	1	1	1	4	3	
1499	3	1	1	1	12	4	31	
1500	8	2	157	1	10	1	2	
1501	1	23	15	2	15	20	15	
1502	1	3	1	14	36	51	10	
1503	1	1	1	1	29	5	3	
1504	1	1	1	1	12	1	11	
1505	1	1	1	8	12	1	1	
1506	1	1	19	21	20	16	2	
1507	1	4	1	4	4	4	3	
1508	3	227	1	1	4	4	3	
1509	1	1	1	1	169	1	1	
1510	1	4	1	4	12	4	28	
1511	2	4	76	2	6	3	13	
1512	4	4	1	2	1	1	11	
1513	13	13	1	2	1	11	13	
1514	13	13	206	1	12	11	13	
1515	10	14	8	2	170	3	2	
1516	3	3	1	42	4	4	3	
1517	178	3	1	1	4	4	3	
1518	46	75	207	44	13	68	60	
1519	3	1	1	8	1	1	164	
1520	6	72	50	43	49	67	165	
1521	6	22	6	2	2	14	2	
1522	6	22	6	2	12	14	2	
1523	3	27	6	1	1	1	10	
1524	1	228	1	4	12	1	10	
1525	6	5	6	2	7	14	166	
1526	6	229	45	2	7	58	52	
1527	3	1	208	1	1	5	3	
1592	179	4	1	4	12	1	3	
1593	151	123	20	101	145	150	131	
1594	151	1	20	101	145	150	131	
1596	2	2	24	2	6	3	2	
1597	8	2	8	6	6	3	2	
1598	12	1	37	15	11	1	40	
1599	2	2	2	1	2	2	167	
1600	180	13	1	1	12	11	13	
1601	8	2	210	2	6	3	2	
1602	10	231	8	6	10	3	2	
1603	3	230	14	15	11	19	3	
1604	5	119	1	4	4	6	3	
1614	6	8	45	2	7	95	52	
1615	18	1	1	1	1	5	168	
1616	6	94	67	2	7	95	52	
1619	1	4	1	23	12	1	10	
1620	2	232	2	2	3	3	2	
1621	2	2	2	2	8	3	2	
1622	12	4	6	4	12	1	1	
1623	3	1	1	1	1	5	1	
1624	3	1	1	1	1	5	40	
1625	3	68	1	4	1	75	1	
1626	182	94	67	2	174	14	52	
1627	183	57	45	2	7	58	52	
1628	6	22	6	2	7	14	2	
1629	6	22	6	19	7	14	2	
1630	13	13	1	1	147	11	13	
1631	1	4	211	4	12	1	10	
1632	3	3	1	1	1	1	170	
1633	46	75	212	44	13	68	60	
1634	3	3	1	1	4	4	161	
1635	1	233	1	4	12	1	10	
1636	3	3	1	126	4	4	3	
1637	1	4	1	127	12	1	10	
1638	6	79	113	47	176	110	171	
1639	6	79	113	47	7	70	171	
1640	6	125	213	27	13	13	15	
1641	6	79	113	47	13	110	172	
1642	7	6	1	128	8	8	6	
1643	102	146	45	129	104	110	2	
1644	1	4	214	4	12	25	10	
1645	7	234	1	5	8	8	6	
1646	3	35	19	2	177	26	39	
1647	10	14	8	6	178	3	2	
1648	184	4	202	4	4	6	3	
1649	12	4	1	4	12	1	67	
1650	3	202	1	131	4	4	3	
1651	52	238	54	18	56	32	65	
1652	185	3	1	1	4	4	3	
1653	14	16	11	2	179	12	14	
1654	2	239	2	5	8	5	2	
1655	3	240	1	8	1	1	1	
1656	1	4	15	2	19	1	10	
1657	2	2	2	2	6	182	2	
1658	2	2	2	2	6	183	2	
1659	13	1	1	1	12	11	13	
1660	6	79	6	47	89	70	61	
1661	2	2	2	2	6	184	2	
1662	3	1	6	19	13	13	11	
1663	10	14	216	6	10	3	2	
1664	10	237	8	6	10	3	2	
1665	10	235	8	6	10	3	2	
1666	10	235	8	6	10	3	175	
1667	151	235	215	34	175	180	169	
1668	10	14	8	130	10	3	2	
1669	3	236	19	2	20	26	32	
1670	10	14	8	6	10	181	2	
1671	1	4	1	4	12	1	173	
1672	1	4	1	4	12	1	174	
1673	18	33	6	20	181	50	39	
1674	6	5	6	2	7	17	39	
1675	10	14	8	6	14	185	2	
1676	3	3	1	135	4	4	3	
1677	5	4	1	133	4	6	3	
1678	1	1	1	134	180	1	1	
1679	188	4	219	4	4	6	3	
1680	3	3	1	1	1	1	179	
1681	13	13	218	1	12	11	13	
1682	4	1	217	1	5	5	4	
1683	187	14	8	6	10	3	2	
1684	6	5	6	2	95	17	1	
1686	6	5	6	2	7	17	2	
1689	6	5	6	2	7	17	3	
1690	6	5	6	2	7	17	11	
1691	6	5	6	2	7	17	1	
1693	6	5	6	2	95	17	19	
1694	2	1	2	5	6	3	2	
1695	6	5	55	2	7	14	3	
1696	186	14	8	6	10	3	2	
1698	189	13	1	1	12	11	13	
1699	3	1	14	132	11	19	3	
1701	3	3	6	1	4	4	178	
1702	2	2	4	2	6	3	2	
1703	4	1	2	1	5	5	4	
1704	8	2	2	2	6	3	176	
1705	2	243	2	2	2	2	2	
1706	10	14	8	6	10	186	2	
1707	3	37	222	2	20	26	32	
1708	8	2	2	2	6	3	181	
1709	3	35	221	2	20	26	39	
1710	10	2	223	2	6	3	2	
1711	190	2	2	2	6	3	2	
1712	6	72	224	43	52	67	59	
1713	1	244	1	1	1	1	1	
1714	191	4	1	4	12	1	10	
1715	1	1	1	9	183	1	1	
1716	2	241	2	2	2	2	2	
1717	12	4	226	4	12	1	3	
1718	13	242	1	1	12	11	13	
1719	151	3	20	101	145	150	131	
1720	192	2	2	2	6	3	2	
1721	10	14	8	6	10	187	2	
1722	10	14	225	6	10	3	2	
1723	1	4	1	8	4	4	11	
1724	3	13	1	8	1	1	1	
1725	1	13	84	1	12	5	11	
1726	1	13	84	1	184	5	11	
1727	193	245	227	136	185	5	11	
1728	1	4	220	4	12	1	10	
1729	6	66	46	2	182	50	18	
1730	1	4	1	4	12	1	180	
1731	2	2	2	2	186	3	2	
1732	13	20	1	2	187	91	37	
1733	7	6	1	4	8	5	6	
1734	2	2	2	2	6	3	182	
1735	1	4	1	1	4	1	1	
1736	1	4	28	18	18	33	27	
1737	2	4	2	2	6	3	113	
1739	194	57	45	2	7	95	52	
1740	6	57	45	18	10	188	52	
1743	18	33	228	20	7	50	48	
1744	195	35	19	2	20	26	39	
1745	10	40	8	6	10	16	2	
1746	6	57	6	2	7	14	5	
1747	1	246	1	4	12	1	10	
1748	2	247	2	2	12	3	2	
1749	3	248	1	1	4	4	3	
1750	3	3	1	1	4	4	183	
1751	196	72	50	43	49	67	165	
1752	2	2	229	2	6	3	2	
1753	13	13	232	65	12	11	13	
1754	1	4	1	8	4	190	3	
1755	18	115	6	2	109	50	2	
1756	1	4	1	138	12	1	10	
1757	3	249	1	1	4	4	3	
1758	6	57	45	139	189	14	52	
1759	3	3	1	1	4	4	187	
1760	1	20	129	2	13	4	11	
1761	3	37	48	2	49	26	39	
1762	3	57	233	66	191	191	188	
1763	199	250	234	67	19	192	189	
1764	6	57	45	2	7	193	52	
1766	3	251	233	66	191	191	188	
1767	13	252	1	1	12	11	13	
1768	102	253	235	2	10	26	190	
1769	3	3	1	1	192	4	3	
1770	3	3	156	1	4	4	191	
1771	120	4	1	4	12	1	10	
1772	10	254	8	6	10	3	2	
1773	1	255	1	4	119	1	10	
1774	10	1	1	8	1	1	2	
1775	8	2	2	2	6	194	2	
1776	12	4	1	4	12	1	194	
1777	139	2	2	2	6	3	2	
1778	19	23	15	2	19	99	15	
1779	19	45	1	4	12	99	3	
1780	6	95	46	2	7	50	18	
1782	203	259	239	27	195	195	198	
1783	1	261	1	9	1	1	1	
1784	7	6	1	5	8	196	6	
1785	1	4	240	4	12	1	10	
1786	6	262	46	2	7	50	17	
1787	10	14	8	6	10	3	201	
1788	1	4	87	4	12	1	10	
1789	10	14	8	6	197	3	2	
1790	1	4	1	4	12	197	10	
1791	1	4	184	4	12	1	10	
1792	3	3	220	1	4	4	3	
1793	151	3	20	101	198	150	131	
1794	204	1	1	1	1	1	1	
1795	10	264	8	6	10	3	2	
1796	3	263	1	1	1	5	3	
1797	3	265	1	1	4	131	3	
1798	2	2	2	2	6	198	2	
1799	2	266	2	2	6	3	2	
1800	7	6	1	5	8	8	202	
1801	2	3	1	1	4	19	3	
1802	7	6	1	6	8	8	6	
1803	3	6	1	1	4	4	3	
1804	1	4	1	4	8	8	6	
1805	2	2	2	2	12	1	10	
1806	7	6	1	5	6	3	2	
1807	2	2	2	2	8	8	6	
1808	3	267	1	1	4	4	45	
1809	12	4	1	4	199	1	3	
1810	1	4	1	8	4	4	203	
1811	205	14	8	6	10	3	2	
1812	3	3	1	1	4	4	200	
1813	3	260	1	1	4	4	3	
1814	1	1	1	146	1	1	1	
1815	1	1	1	1	1	200	1	
1816	10	14	120	6	10	201	2	
1817	6	5	6	2	7	199	2	
1818	10	53	241	26	26	32	2	
1819	1	3	1	12	4	4	16	
1820	22	1	14	23	200	4	31	
1821	12	3	1	1	40	4	3	
1822	206	268	242	148	195	202	193	
1824	207	269	43	34	107	116	105	
1825	3	3	1	126	4	19	3	
1826	10	14	8	6	10	204	2	
1827	1	4	1	4	12	25	208	
1828	2	3	244	1	4	4	30	
1829	2	2	2	151	6	3	2	
1830	1	4	243	4	12	1	10	
1831	46	75	49	152	13	68	60	
1832	3	270	1	1	1	1	10	
1833	208	2	2	2	6	3	2	
1834	8	2	2	2	6	203	2	
1835	1	1	245	1	1	1	1	
1836	6	79	246	2	7	70	152	
1837	1	4	247	4	12	1	10	
1838	197	1	238	141	201	189	195	
1839	7	7	5	5	8	8	6	
1840	2	2	2	43	6	3	2	
1841	20	5	16	2	7	14	34	
1842	8	271	2	2	6	3	2	
1843	18	18	6	59	13	205	18	
1844	13	1	4	1	5	11	4	
1845	7	5	6	2	8	14	6	
1846	3	3	49	1	4	4	3	
1847	63	1	68	1	1	1	1	
1848	36	272	43	34	107	116	105	
1850	36	273	43	34	39	52	49	
1851	197	1	230	140	26	98	184	
1852	1	49	1	15	28	38	185	
1853	198	1	231	19	190	189	186	
1854	197	1	231	141	193	189	184	
1855	1	257	1	14	11	51	10	
1856	1	3	1	1	11	1	11	
1857	206	274	248	142	202	202	209	
1858	6	66	249	2	7	50	18	
1859	3	1	1	153	1	5	3	
1860	1	4	1	8	4	1	3	
1861	210	3	1	14	11	51	10	
1862	1	4	1	8	12	1	3	
1863	1	4	1	4	4	1	10	
1864	1	275	1	4	12	1	10	
1865	2	2	250	2	6	3	2	
1866	1	4	1	4	79	1	10	
1867	13	13	251	1	12	11	13	
1870	2	2	2	2	209	3	2	
1871	10	14	8	6	6	3	2	
1872	206	282	253	143	196	202	197	
1873	206	268	253	143	195	210	199	
1874	206	283	254	144	196	202	197	
1875	12	4	156	4	12	1	194	
1876	13	13	1	1	204	11	210	
1877	10	276	8	6	10	3	2	
1878	10	14	8	6	203	3	2	
1879	2	2	2	2	205	2	2	
1880	16	16	12	2	13	206	15	
1881	10	14	8	6	10	3	211	
1882	13	13	1	1	171	11	13	
1883	10	277	8	6	10	3	2	
1884	2	2	2	2	6	207	2	
1885	209	2	2	2	6	3	2	
1886	13	13	1	1	206	11	13	
1887	3	278	14	15	11	19	3	
1888	2	2	2	2	207	2	2	
1889	2	2	2	156	6	3	2	
1890	2	2	2	2	6	3	212	
1891	10	14	8	6	210	3	2	
1892	10	14	209	6	10	3	2	
1893	13	13	1	1	12	208	13	
1894	1	279	1	4	12	1	10	
1895	8	2	252	2	6	3	213	
1896	10	280	8	6	208	3	2	
1897	10	281	8	6	10	3	2	
1898	13	13	1	1	12	209	13	
1899	3	1	14	15	11	212	3	
1900	60	1	99	1	1	1	1	
1901	2	285	2	2	6	3	2	
1902	2	2	2	2	6	215	2	
1903	12	287	1	4	12	1	3	
1904	13	286	1	1	12	11	13	
1905	13	284	1	1	12	11	13	
1906	13	13	1	1	10	11	13	
1907	3	1	256	15	212	19	3	
1908	1	1	1	1	211	1	1	
1909	1	1	1	1	1	1	217	
1910	1	4	1	4	12	1	216	
1911	7	6	1	5	8	213	6	
1912	10	47	8	26	26	32	215	
1913	7	6	1	5	8	216	6	
1914	10	14	8	6	1	214	2	
1915	13	288	1	1	12	11	13	
1916	1	1	1	1	1	217	1	
1917	1	1	257	1	1	1	1	
1918	1	1	257	1	1	218	1	
1919	3	1	1	8	1	99	1	
1920	1	1	1	157	1	1	1	
1921	4	9	1	8	1	10	218	
1922	3	1	1	15	100	26	219	
1923	2	3	1	1	4	26	3	
1924	2	3	1	1	4	20	3	
1925	201	256	236	66	194	219	204	
1926	3	223	1	19	4	4	31	
1927	151	47	20	101	145	150	3	
1928	202	197	237	27	213	220	207	
1929	22	1	14	23	214	4	31	
1930	12	289	37	15	11	1	40	
1931	1	3	1	14	11	221	10	
1932	1	1	1	1	1	222	1	
1933	12	4	164	4	12	1	3	
1934	3	290	1	1	1	5	3	
1935	7	6	258	5	8	5	6	
1936	8	7	6	6	9	9	7	
1937	3	37	19	6	20	26	32	
1938	10	14	8	6	10	3	220	
1939	4	3	1	1	11	4	11	
1940	213	1	4	1	5	5	4	
1941	7	1	1	1	1	1	1	
1942	2	2	259	2	6	3	2	
1943	18	153	260	18	7	223	5	
1944	6	57	45	2	216	58	52	
1945	6	57	45	2	215	58	52	
1946	18	153	260	18	217	223	5	
1947	1	6	1	5	8	8	64	
1948	3	1	26	1	29	224	3	
1949	1	1	1	1	1	1	221	
1950	214	9	1	8	1	10	8	
1951	8	7	6	2	9	9	222	
1953	16	16	261	2	13	13	15	
1954	1	3	31	8	11	5	11	
1955	215	6	1	5	8	8	6	
1956	6	291	6	2	7	225	5	
1957	216	16	11	2	13	12	14	
1958	3	3	1	1	4	226	3	
1959	6	291	6	2	7	225	2	
1960	6	8	6	2	7	225	5	
1961	10	47	8	26	10	16	2	
1962	14	146	262	18	218	110	5	
1963	69	1	14	1	11	19	3	
1964	3	5	6	2	7	14	5	
1965	3	35	263	2	26	20	39	
1966	3	35	264	2	26	20	39	
1967	217	35	19	2	26	20	39	
1968	3	35	19	2	26	20	223	
1969	3	35	19	2	26	20	224	
1970	10	14	8	6	10	214	2	
1971	218	3	1	1	4	4	3	
1972	13	13	149	1	12	11	13	
1973	1	26	28	18	18	11	27	
1974	10	4	1	1	1	1	1	
1975	3	1	1	1	1	11	3	
1976	13	13	1	1	12	11	27	
1977	10	13	1	1	10	11	13	
1978	10	40	1	6	220	33	2	
1979	1	40	8	6	220	3	10	
1980	13	13	14	1	13	11	13	
1981	13	13	28	1	12	11	13	
1982	1	4	1	1	12	5	3	
1983	10	40	8	1	10	3	2	
1984	13	13	1	1	12	3	2	
1985	1	26	28	1	18	33	27	
1986	3	13	1	1	18	11	3	
1987	4	2	2	2	12	11	4	
1988	10	47	8	26	26	3	2	
1989	3	1	14	1	29	5	3	
1990	13	1	1	1	12	11	3	
1991	3	3	1	1	4	5	3	
1992	22	1	8	18	12	4	31	
1993	1	13	1	4	12	1	10	
1994	1	1	1	4	12	11	10	
1995	1	1	4	1	5	5	4	
1996	1	3	1	1	11	27	10	
1997	13	13	1	1	1	33	13	
1998	1	4	1	4	10	1	10	
1999	3	1	94	1	1	5	3	
2000	4	4	1	4	12	11	3	
2001	10	13	1	1	1	11	13	
2002	1	1	1	4	5	1	10	
2003	1	4	1	4	97	1	100	
2004	13	13	1	1	12	11	35	
2005	1	1	28	18	18	33	162	
2006	1	26	28	18	18	33	13	
2007	3	3	265	1	1	1	10	
2008	6	5	6	2	7	14	225	
2009	16	16	266	2	13	13	15	
2010	3	78	1	158	1	5	3	
2011	200	57	45	2	7	14	52	
2012	18	95	45	2	189	15	5	
2014	3	3	268	1	4	4	3	
2015	3	3	1	1	222	4	3	
2016	219	16	12	2	13	13	15	
2017	2	3	1	1	4	19	227	
2018	1	4	1	4	12	227	17	
2019	3	292	267	66	221	82	226	
2020	12	34	1	4	12	1	3	
2021	3	293	1	1	4	4	3	
2022	206	294	242	142	195	202	228	
2023	202	258	237	27	223	220	192	
2024	6	57	45	2	219	58	52	
2025	10	14	8	6	10	230	2	
2026	1	4	1	4	12	231	10	
2027	22	1	14	23	224	4	31	
2028	3	295	1	1	4	4	3	
2029	5	4	1	4	4	6	229	
2030	1	3	1	14	11	51	230	
2031	7	6	1	5	8	229	6	
2032	220	14	8	6	10	3	2	
2033	6	298	6	2	7	17	19	
2034	2	297	2	2	6	3	2	
2035	10	14	270	6	10	3	2	
2036	1	4	1	4	225	1	10	
2037	7	296	1	5	8	8	6	
2038	7	6	1	5	8	228	6	
2039	1	1	1	159	1	1	1	
2040	1	4	1	160	12	1	10	
2041	19	23	15	2	19	232	15	
2042	8	2	2	27	6	3	2	
2043	36	14	271	34	107	116	105	
2044	36	298	43	34	107	116	105	
2045	1	4	159	4	12	109	10	
2046	7	6	1	5	8	8	232	
2047	2	2	2	2	226	3	2	
2048	221	47	8	26	26	32	2	
2049	14	146	262	18	7	110	5	
2050	3	3	1	162	4	4	3	
2051	181	14	8	6	10	3	2	
2052	2	2	2	2	173	3	2	
2053	1	4	1	8	8	4	3	
2054	222	4	1	4	12	1	10	
2055	1	31	1	4	227	1	10	
2056	18	95	272	2	7	15	5	
2057	18	95	45	2	7	233	5	
2058	211	302	255	143	195	211	214	
2059	212	303	255	142	195	211	206	
2060	1	4	214	4	12	1	10	
2061	3	300	1	1	1	5	3	
2064	12	304	1	4	12	1	3	
2065	223	2	2	2	6	3	2	
2066	22	1	14	23	12	4	233	
2067	206	274	273	163	195	235	193	
2068	6	301	236	66	228	234	234	
2069	2	2	2	2	229	3	25	
2070	1	233	1	4	12	1	2	
2071	206	305	253	143	195	202	193	
2072	211	307	274	142	195	211	235	
2074	206	306	254	147	195	236	186	
2075	2	2	2	2	168	26	2	
2078	18	95	45	2	4	233	5	
2079	18	95	45	2	218	15	5	
2081	224	4	275	1	11	1	11	
2082	2	2	2	2	6	3	236	
2083	225	3	1	1	4	4	3	
2084	1	299	1	8	4	4	3	
2085	3	308	1	1	1	5	3	
2086	1	4	1	4	230	1	10	
2087	226	1	1	9	1	9	1	
2088	1	4	1	4	12	1	237	
2089	1	1	61	9	1	1	1	
2090	1	40	8	6	10	3	2	
2091	3	147	61	8	1	1	1	
2092	1	4	1	4	12	25	40	
2093	10	309	1	6	10	3	2	
2096	1	115	129	2	13	4	11	
2097	10	35	19	2	20	26	2	
2098	19	14	276	2	10	3	2	
2099	10	2	8	2	10	3	2	
2100	10	2	8	2	10	3	238	
2101	7	6	1	5	12	8	16	
2102	2	1	2	2	6	3	2	
2103	3	35	16	2	20	26	39	
2104	4	1	4	1	5	5	239	
2105	3	37	277	164	49	26	39	
2106	19	122	276	19	10	237	190	
2107	4	152	1	105	6	47	35	
2108	227	9	1	15	11	5	40	
2109	18	115	6	1	109	50	2	
2110	5	4	1	4	15	6	3	
2111	6	66	46	2	7	50	7	
2112	1	1	1	4	12	1	10	
2113	18	33	6	20	231	50	48	
2114	12	4	1	4	12	239	3	
2115	1	4	1	8	12	1	10	
2116	4	71	6	2	7	58	2	
2117	1	310	28	18	18	33	50	
2118	10	14	8	6	10	3	75	
2119	1	123	1	105	1	238	13	
2120	4	152	6	105	6	32	35	
2121	2	2	2	2	7	3	2	
2122	1	4	1	4	232	1	1	
2123	2	3	1	1	4	4	10	
2124	7	59	1	5	8	5	6	
2125	1	1	1	1	1	1	3	
2126	13	13	1	1	12	112	13	
2127	1	3	1	8	11	5	1	
2128	1	1	1	1	1	1	11	
2129	1	1	1	1	34	1	1	
2130	1	311	1	8	4	4	3	
2131	228	14	8	6	10	3	2	
2132	229	3	1	1	4	4	3	
2133	2	3	1	1	233	240	3	
2134	10	14	8	26	10	3	2	
2135	1	4	1	4	234	1	56	
2137	13	13	1	165	12	11	13	
2138	19	23	15	4	19	20	15	
2139	3	1	1	1	1	1	1	
2140	3	35	19	1	20	26	39	
2141	22	1	14	2	12	4	31	
2142	4	9	1	2	1	10	218	
2143	1	1	1	165	1	1	1	
2144	1	4	1	165	12	1	10	
2145	13	13	278	1	12	11	13	
2146	3	1	1	4	100	241	219	
2147	13	23	1	2	19	20	13	
2148	3	1	14	23	12	4	31	
2149	3	3	1	1	4	4	240	
2150	6	66	46	2	7	242	18	
2151	6	79	1	47	89	242	61	
2152	12	312	45	18	109	14	2	
2153	230	2	2	2	6	3	2	
2154	1	1	98	1	1	1	1	
2155	6	5	6	2	7	12	5	
2157	13	13	1	1	12	1	1	
2158	46	75	1	44	13	68	11	
2159	46	75	49	44	13	68	13	
2160	6	5	6	2	13	14	5	
2162	46	75	49	44	13	220	60	
2163	13	13	49	1	12	11	13	
2164	46	75	49	44	13	3	60	
2165	3	1	1	1	1	5	241	
2166	52	79	54	18	236	32	65	
2167	231	1	14	23	12	4	31	
2168	3	1	1	1	237	5	3	
2169	232	35	19	2	20	26	39	
2170	19	314	15	2	19	20	15	
2171	233	23	15	2	19	20	15	
2172	2	2	2	2	6	3	242	
2173	18	313	260	18	235	223	5	
2174	18	313	279	18	7	223	5	
2175	8	2	2	166	6	8	2	
2176	3	3	1	1	4	243	3	
2177	6	5	6	2	7	244	34	
2178	2	2	2	167	6	3	2	
2179	6	316	6	2	7	32	5	
2180	1	1	1	1	1	1	243	
2181	7	6	46	5	8	8	6	
2182	234	1	280	168	1	5	3	
2183	5	4	275	4	4	6	3	
2184	12	109	1	1	40	4	3	
2185	236	72	12	43	49	67	59	
2186	3	72	12	43	49	67	59	
2187	3	317	1	1	1	5	3	
2189	3	78	1	169	1	5	245	
2190	3	78	1	169	1	5	3	
2191	3	78	1	1	238	5	3	
2192	235	35	19	2	20	26	39	
2193	8	2	2	2	6	98	244	
2194	3	27	1	1	239	1	10	
2195	13	13	1	1	20	11	13	
2196	151	4	215	34	175	180	169	
2197	3	35	19	170	20	26	39	
2198	36	269	43	34	107	116	105	
2199	3	35	19	2	20	5	39	
2200	2	31	1	1	4	4	3	
2201	3	1	1	8	1	14	1	
2202	6	3	6	2	7	4	2	
2203	6	5	1	2	7	20	37	
2204	3	1	4	1	5	5	3	
2205	12	3	1	1	4	1	3	
2206	3	1	1	8	12	14	1	
2207	19	23	15	2	19	4	15	
2208	3	1	6	8	1	14	1	
2209	6	5	6	2	7	14	31	
2210	6	5	1	2	7	1	2	
2211	1	4	15	4	119	4	10	
2212	1	4	6	4	12	1	10	
2213	6	5	6	2	7	1	2	
2214	4	1	14	171	5	26	4	
2215	3	3	109	1	4	4	3	
2216	237	3	1	8	11	5	11	
2217	1	318	1	4	12	1	10	
2218	1	320	28	18	18	33	50	
2219	3	1	280	168	1	5	3	
2220	238	2	2	2	6	3	2	
2221	23	321	269	161	1	47	231	
2222	13	13	1	1	12	11	246	
2223	2	3	1	1	12	4	3	
2224	16	16	281	2	13	13	15	
2225	151	23	15	2	145	20	11	
2226	1	4	1	6	12	1	10	
2227	2	2	2	172	240	3	2	
2228	10	14	8	4	10	3	2	
2229	12	4	1	4	12	1	10	
2230	2	2	2	2	6	1	10	
2231	10	14	1	1	10	3	2	
2232	3	4	1	1	4	4	11	
2233	23	321	269	160	1	47	231	
2234	3	124	1	1	66	1	40	
2235	3	3	1	1	4	4	137	
2236	1	4	168	4	12	1	10	
2237	3	1	1	1	241	5	3	
2238	151	1	20	1	145	150	131	
2239	1	4	1	15	12	1	28	
2240	3	138	1	15	100	246	10	
2241	2	322	2	2	6	3	2	
2242	10	14	282	6	10	3	2	
2243	10	14	8	6	10	247	2	
2244	239	1	14	15	11	19	3	
2245	1	3	1	8	11	248	11	
2246	2	323	1	1	4	4	3	
2247	3	324	1	1	4	4	3	
2248	3	3	1	173	4	4	16	
2249	2	14	8	6	10	3	3	
2250	151	325	215	34	175	180	169	
2251	23	321	269	160	1	47	247	
2252	1	1	1	1	6	1	1	
2253	240	3	1	1	4	4	3	
2254	3	3	1	1	242	4	3	
2255	13	13	1	174	12	11	13	
2256	2	2	2	2	6	249	2	
2257	7	6	1	5	30	8	6	
2258	151	1	4	34	175	180	169	
2259	151	1	1	34	175	180	169	
2260	151	23	15	34	175	180	169	
2261	151	13	1	34	175	180	169	
2262	151	4	2	34	175	180	169	
2263	241	4	1	4	12	1	10	
2264	198	1	238	175	190	189	184	
2265	10	14	8	6	10	3	25	
2266	242	3	1	1	4	4	3	
2267	243	2	2	2	6	3	2	
2268	10	35	19	2	20	26	39	
2269	1	4	1	4	243	250	10	
2270	244	68	1	4	1	5	40	
2271	100	1	1	1	1	1	40	
2272	3	37	129	2	49	26	39	
2273	14	16	11	2	244	12	14	
2274	245	6	1	5	8	8	6	
2275	2	327	1	1	4	4	3	
2276	6	5	6	2	7	251	19	
2277	151	167	43	34	175	180	169	
2278	3	3	1	1	1	1	248	
2279	102	146	6	18	7	50	2	
2280	3	3	1	1	4	252	3	
2281	6	5	6	176	7	14	5	
2282	19	23	15	2	245	20	15	
2283	4	1	4	1	5	253	4	
2284	6	5	6	2	246	14	5	
2285	10	14	8	6	10	3	249	
2286	246	6	1	5	8	8	6	
2287	13	13	1	1	12	11	250	
2288	4	328	4	1	5	5	4	
2289	8	7	283	2	9	9	7	
2290	4	1	4	1	5	5	251	
2291	1	4	1	2	4	4	3	
2292	3	1	94	1	29	4	3	
2293	3	3	1	1	33	5	3	
2294	18	146	45	2	13	153	5	
2295	206	329	253	142	195	236	205	
2296	206	282	253	143	248	202	193	
2297	2	2	2	2	6	256	2	
2298	3	27	1	1	247	255	10	
2299	19	23	15	2	19	254	15	
2300	3	293	284	1	4	4	3	
2301	3	1	1	8	249	1	1	
2302	1	3	1	8	1	257	11	
2303	13	13	1	1	12	11	252	
2304	247	4	1	4	12	1	10	
2305	54	66	46	2	7	260	18	
2306	4	9	1	178	1	10	8	
2307	14	57	1	2	109	50	2	
2308	18	330	46	2	7	50	253	
2309	248	3	1	1	40	4	3	
2310	1	1	1	157	1	258	1	
2311	158	5	14	2	7	14	5	
2312	4	1	1	157	1	1	1	
2313	1	4	285	4	12	1	10	
2314	2	3	1	1	4	4	254	
2315	1	1	1	177	12	1	1	
2316	10	14	8	26	10	3	255	
2317	1	115	4	2	13	259	11	
2318	249	35	19	2	20	26	39	
2319	3	326	1	1	4	4	3	
2320	250	2	2	2	6	3	2	
2321	13	13	201	1	12	11	13	
2322	3	3	1	12	12	4	16	
2323	3	3	1	12	1	4	16	
2324	10	14	286	6	4	3	2	
2325	2	3	1	1	250	4	3	
2326	1	331	1	4	12	1	40	
2327	5	4	1	179	4	6	3	
2328	251	66	46	2	7	50	2	
2329	252	291	6	2	7	32	2	
2330	5	4	287	4	4	6	3	
2331	2	2	2	180	2	2	2	
2332	12	4	1	4	251	1	3	
2333	253	13	1	1	12	11	13	
2334	1	4	1	4	12	1	257	
2335	3	138	65	15	100	1	256	
2336	6	332	6	2	7	14	5	
2337	3	38	1	1	1	1	258	
2338	4	55	288	1	12	4	259	
2339	2	3	1	182	4	4	3	
2340	255	23	15	2	19	20	15	
2341	2	3	1	181	4	4	3	
2342	1	4	1	4	254	1	10	
2343	3	333	1	1	1	1	10	
2344	2	334	1	1	4	4	3	
2345	19	23	15	2	252	20	15	
2346	2	3	1	1	253	4	3	
2347	254	3	1	1	4	4	3	
2348	19	335	15	2	19	20	15	
2349	10	40	8	183	255	3	2	
2350	1	1	1	1	1	1	260	
2351	151	23	15	2	256	261	15	
2352	22	1	14	23	12	262	31	
2353	206	4	1	142	195	263	209	
2354	1	336	1	8	4	4	3	
2355	1	1	1	1	12	1	261	
2356	2	2	289	2	6	3	262	
2357	1	233	1	1	12	1	10	
2358	3	3	1	184	1	22	10	
2359	3	3	1	1	1	137	10	
2360	3	1	1	1	257	5	3	
2361	18	313	260	18	7	223	5	
2362	3	55	1	1	29	5	3	
2363	25	26	28	18	18	33	263	
2364	3	1	14	15	11	19	264	
2365	3	337	1	1	4	4	3	
2366	3	338	1	1	1	1	10	
2367	18	71	290	2	7	58	2	
2368	3	240	280	168	258	5	3	
2369	256	2	2	2	6	3	2	
2370	257	339	1	1	12	4	259	
2371	258	6	1	5	8	8	6	
2372	1	13	1	1	12	1	13	
2373	2	3	1	1	1	19	3	
2374	2	2	291	2	6	3	2	
2375	1	43	1	4	12	1	265	
2376	3	340	1	1	4	4	3	
2377	3	35	19	2	20	26	266	
2378	2	341	2	2	6	3	2	
2379	93	1	1	1	1	5	3	
2380	18	33	6	20	7	50	3	
2381	1	4	1	4	12	264	10	
2382	3	1	18	8	1	1	1	
2383	1	1	1	1	1	1	267	
2384	3	3	292	1	4	4	3	
2385	259	2	2	2	6	3	2	
2386	2	342	2	2	6	3	2	
2387	19	35	15	2	19	20	37	
2388	1	2	2	2	6	3	39	
2389	260	4	1	4	12	1	10	
2392	3	35	19	4	20	26	39	
2393	3	1	1	2	1	1	1	
2394	1	4	1	157	12	1	10	
2395	23	4	1	1	11	4	11	
2396	10	26	28	126	10	3	2	
2397	4	4	1	4	11	4	118	
2398	10	14	8	6	12	99	11	
2399	1	2	1	1	1	99	1	
2400	3	1	1	1	4	62	3	
2401	7	1	1	1	224	170	1	
2402	25	23	1	18	4	33	3	
2403	3	3	1	1	118	4	3	
2404	3	13	1	1	12	11	13	
2405	1	45	1	1	12	99	37	
2406	3	3	1	1	4	170	11	
2407	111	3	1	1	4	240	3	
2408	3	3	1	1	4	99	3	
2409	3	3	1	1	11	169	3	
2410	261	1	4	1	5	5	4	
2411	1	344	1	4	12	1	10	
2412	3	3	293	1	4	4	3	
2413	6	57	294	2	7	58	52	
2414	10	14	295	6	10	3	2	
2415	90	345	1	1	4	4	3	
2416	3	3	1	185	4	4	3	
2417	3	3	1	1	4	4	268	
2418	1	1	1	1	259	1	1	
2419	4	9	296	8	1	75	8	
2420	18	346	6	20	7	50	48	
2421	2	2	2	2	6	265	2	
2422	6	5	6	2	7	14	54	
2423	262	3	1	1	1	1	10	
2424	19	5	6	2	7	14	2	
2425	6	158	6	2	7	26	5	
2426	2	2	2	2	6	266	2	
2427	3	3	297	1	4	4	3	
2428	2	347	2	2	6	3	2	
2429	10	349	6	2	260	95	2	
2430	6	5	6	98	7	14	5	
2431	201	348	236	66	82	267	269	
2432	263	75	298	44	261	68	270	
2433	264	5	6	2	7	14	5	
2434	13	13	299	1	12	11	13	
2435	3	1	1	15	262	1	271	
2436	3	350	1	186	25	5	3	
2437	1	351	1	4	12	1	10	
2438	4	352	1	8	1	10	8	
2439	4	353	1	8	1	10	8	
2440	265	3	1	1	4	4	3	
2441	13	354	1	1	12	11	13	
2442	2	2	300	2	6	268	2	
2443	10	14	8	13	263	3	2	
2444	2	2	2	187	2	2	2	
2445	13	355	1	1	12	11	13	
2446	266	40	8	6	10	3	2	
2447	10	14	301	6	10	3	2	
2448	1	4	1	8	4	269	3	
2449	23	321	269	160	1	47	40	
2450	2	2	302	2	6	3	2	
2451	2	343	1	1	4	4	3	
2452	237	4	1	4	12	1	10	
2453	3	1	280	168	1	5	178	
2454	3	3	1	1	264	1	10	
2455	3	3	1	2	7	1	3	
2456	6	66	46	1	1	50	18	
2457	3	1	1	1	1	5	272	
2458	3	240	280	168	1	5	273	
2459	3	240	280	168	1	5	3	
2460	267	4	6	105	265	1	10	
2461	268	33	6	20	7	50	48	
2462	269	7	157	2	9	9	7	
2463	211	303	303	142	195	211	274	
2464	270	305	248	188	266	202	186	
2465	211	305	248	188	195	202	275	
2466	270	307	304	143	195	202	276	
2467	271	356	248	189	267	202	186	
2468	2	2	305	2	6	3	2	
2469	1	4	1	4	12	5	10	
2470	272	357	306	190	268	270	277	
2471	101	3	1	1	4	4	3	
2472	4	1	4	1	5	1	4	
2473	273	358	307	66	269	271	278	
2474	206	282	253	188	195	202	186	
2475	206	274	308	142	271	202	186	
2476	206	359	253	142	272	202	205	
2477	206	360	253	188	248	236	279	
2478	206	282	253	142	273	273	280	
2479	23	13	269	5	1	1	40	
2480	10	14	8	6	263	3	2	
2481	1	31	1	1	11	41	3	
2482	1	141	1	1	124	8	3	
2483	151	1	215	34	175	180	169	
2484	1	4	1	4	12	274	29	
2485	276	35	19	2	20	26	39	
2486	45	57	45	2	7	58	10	
2487	1	3	1	14	11	25	10	
2488	6	66	46	2	270	50	18	
2489	18	95	45	191	7	15	5	
2490	6	57	45	2	7	14	52	
2491	6	66	46	2	7	272	18	
2492	10	40	8	192	10	32	2	
2493	1	1	1	1	1	1	284	
2494	10	362	1	8	1	1	2	
2495	10	14	8	6	10	249	2	
2496	6	115	311	2	7	32	5	
2497	18	153	312	18	7	223	5	
2498	277	40	8	6	10	3	2	
2499	7	363	1	2	8	8	6	
2500	111	71	6	1	7	58	110	
2501	267	1	1	8	1	1	1	
2502	278	13	299	1	12	11	13	
2503	69	1	14	15	11	26	39	
2504	3	35	19	2	20	19	39	
2505	3	35	19	2	20	26	40	
2506	3	35	19	2	20	26	10	
2507	2	3	1	42	4	4	3	
2508	6	364	6	2	7	32	5	
2509	10	365	8	2	10	3	2	
2510	1	4	313	4	12	1	10	
2511	3	3	1	1	4	275	3	
2512	7	6	314	5	8	8	6	
2513	279	4	1	4	12	1	10	
2514	1	4	1	4	12	276	10	
2515	3	3	1	1	4	4	285	
2516	280	3	1	1	4	4	3	
2517	1	366	1	4	12	1	10	
2518	1	1	1	1	1	1	286	
2519	3	1	1	1	275	5	3	
2520	281	367	1	1	1	5	92	
2521	3	1	315	1	1	5	3	
2522	3	3	316	1	4	4	3	
2523	274	75	237	105	11	1	11	
2524	274	75	237	105	11	1	40	
2525	274	75	1	4	12	1	3	
2526	275	75	237	44	13	68	270	
2527	275	75	6	1	11	1	40	
2528	275	75	237	122	13	3	270	
2529	275	75	237	44	13	68	281	
2530	275	45	310	1	274	195	11	
2531	275	361	310	1	274	1	11	
2532	274	75	237	2	11	5	282	
2533	274	75	237	105	11	1	283	
2534	274	75	237	2	11	5	3	
2535	284	14	8	6	10	3	2	
2536	2	2	2	2	6	279	2	
2537	285	14	8	6	10	3	2	
2538	286	4	1	4	12	1	10	
2539	287	4	1	4	12	1	10	
2540	288	14	8	6	4	3	2	
2541	4	1	4	1	5	280	4	
2542	4	1	4	1	5	280	5	
2543	1	3	1	8	11	5	288	
2544	3	3	1	1	4	1	289	
2545	289	370	1	4	12	1	10	
2546	10	14	8	6	10	3	287	
2547	4	1	4	1	276	5	4	
2548	282	14	8	6	10	3	287	
2549	10	368	8	6	10	3	2	
2550	18	18	6	195	13	15	18	
2551	18	103	6	9	13	15	18	
2552	283	369	19	2	20	26	39	
2553	10	14	317	6	10	214	2	
2554	3	4	1	19	36	4	3	
2555	3	59	1	1	4	4	11	
2556	10	3	1	1	187	278	11	
2557	1	4	93	169	4	1	11	
2558	13	3	1	1	12	4	3	
2559	1	31	1	1	6	4	11	
2560	3	3	132	1	4	4	3	
2561	10	40	8	6	19	3	2	
2562	290	4	1	4	12	1	10	
2563	1	3	1	196	11	51	10	
2564	275	75	310	193	274	195	11	
2565	275	75	237	193	274	99	3	
2566	275	361	310	194	274	195	11	
2567	275	45	310	193	274	195	11	
2568	275	75	237	193	274	1	3	
2569	275	361	310	194	274	277	11	
2570	274	75	237	105	274	1	283	
2571	3	31	1	4	4	44	3	
2572	3	1	1	8	277	1	1	
2573	6	193	45	2	7	58	290	
2574	291	193	45	2	7	58	52	
2575	6	56	6	2	7	14	5	
2576	6	5	318	2	7	14	5	
2577	6	5	6	2	278	14	5	
2578	3	124	1	1	279	1	40	
2579	292	23	15	2	19	20	15	
2580	293	2	2	2	6	3	291	
2581	1	372	1	4	12	1	10	
2582	2	3	319	1	4	4	3	
2583	1	1	1	197	1	1	1	
2584	22	1	14	23	280	4	31	
2585	1	4	1	4	281	1	10	
2586	2	3	1	1	282	4	3	
2587	2	3	1	1	283	4	3	
2588	2	3	1	1	4	281	3	
2589	2	3	1	1	4	4	292	
2590	1	4	1	4	12	1	293	
2591	19	23	15	2	19	20	294	
2592	1	1	1	1	1	1	295	
2593	3	3	1	1	1	1	296	
2594	1	4	320	4	12	1	10	
2595	2	2	2	2	285	2	2	
2596	151	123	321	34	256	261	49	
2597	3	1	1	93	1	5	3	
2598	2	2	2	6	2	3	2	
2599	1	31	1	4	12	1	28	
2600	10	14	8	6	161	240	2	
2601	294	1	37	15	11	1	40	
2602	36	1	43	34	107	116	105	
2603	202	373	239	18	213	283	298	
2604	2	3	1	198	4	4	3	
2605	1	4	1	1	12	1	3	
2606	295	11	8	6	10	3	2	
2607	1	4	322	4	12	1	10	
2608	1	4	1	4	12	24	299	
2609	2	3	1	1	286	4	3	
2610	19	23	15	103	19	20	15	
2611	1	4	1	4	12	1	300	
2612	2	2	2	2	6	3	301	
2613	1	374	1	4	12	1	10	
2614	1	375	28	18	18	33	50	
2615	296	4	1	1	12	1	10	
2616	8	33	323	2	10	50	5	
2617	36	123	43	34	107	116	105	
2618	4	1	4	199	5	5	4	
2619	6	5	6	2	6	3	2	
2620	6	57	45	2	288	58	57	
2621	203	373	324	27	289	220	303	
2622	1	376	1	200	1	1	1	
2623	3	3	1	66	4	19	3	
2624	1	123	1	1	12	1	40	
2625	1	377	1	4	12	1	10	
2626	1	4	325	4	12	1	10	
2627	297	4	1	4	12	1	28	
2628	1	378	1	4	12	1	10	
2629	1	4	1	4	12	284	10	
2630	3	3	1	201	1	1	10	
2631	4	168	1	8	290	10	8	
2632	5	31	1	4	4	6	3	
2633	1	4	1	4	12	285	10	
2634	3	379	19	2	20	26	39	
2635	298	1	1	202	1	1	1	
2636	7	6	326	5	8	8	6	
2637	12	371	111	1	4	5	90	
2638	8	2	2	2	6	3	297	
2639	12	89	111	1	4	5	90	
2640	18	33	6	20	7	282	48	
2641	8	55	45	2	109	14	5	
2642	3	3	1	1	4	4	305	
2643	301	3	1	1	4	4	3	
2644	18	18	6	2	13	286	18	
2645	3	3	1	1	4	4	306	
2646	3	3	328	1	4	4	3	
2647	22	1	329	23	12	4	31	
2648	3	27	1	1	1	1	307	
2649	300	2	2	2	6	3	2	
2650	302	3	1	1	4	4	3	
2651	3	385	1	1	4	4	3	
2652	10	14	330	6	10	3	308	
2653	1	4	8	4	12	1	40	
2654	10	4	1	15	12	1	10	
2655	1	14	1	6	10	3	2	
2656	303	3	1	1	4	4	3	
2657	304	152	331	1	12	4	309	
2658	3	35	19	2	292	26	39	
2659	1	4	1	4	12	1	310	
2660	3	3	1	1	4	4	312	
2661	1	387	1	4	12	1	10	
2662	46	75	1	1	13	68	60	
2663	46	75	49	1	12	68	60	
2664	3	388	1	1	1	5	3	
2665	2	75	2	2	3	3	2	
2666	13	13	1	1	12	11	313	
2667	8	2	2	2	6	3	122	
2668	3	1	1	1	233	99	3	
2669	305	18	6	2	13	15	7	
2670	1	4	1	205	12	1	10	
2671	6	380	6	18	62	70	304	
2672	3	78	1	203	1	5	3	
2673	6	381	45	18	10	14	52	
2674	1	4	327	4	12	1	54	
2675	299	33	6	20	7	50	48	
2676	6	382	45	2	7	58	52	
2677	6	66	46	204	91	50	18	
2678	202	383	239	66	12	220	198	
2679	6	384	113	83	7	114	102	
2680	2	2	2	1	291	3	72	
2681	10	40	8	6	284	3	2	
2682	6	389	46	2	7	50	18	
2683	52	386	54	18	56	32	65	
2684	3	35	19	2	20	26	311	
2685	10	14	332	6	10	3	2	
2686	1	4	333	4	12	1	10	
2687	60	1	334	1	1	1	1	
2688	12	1	1	15	11	1	314	
2689	1	4	1	4	293	1	10	
2690	1	4	1	4	12	11	10	
2691	6	79	12	2	7	13	153	
2692	3	1	1	1	294	287	3	
2693	8	2	2	6	6	3	2	
2694	6	18	6	59	13	15	18	
2695	2	271	2	6	6	3	2	
2696	6	5	6	6	7	14	5	
2697	19	23	15	2	19	288	15	
2698	22	1	14	109	12	53	31	
2699	306	2	2	2	6	3	2	
2700	4	1	1	14	1	1	1	
2701	1	1	1	1	12	1	13	
2702	6	5	6	2	7	14	315	
2703	12	4	1	4	12	1	316	
2704	1	4	335	4	12	1	10	
2705	2	390	2	2	6	3	2	
2706	2	2	2	2	6	289	2	
2707	2	2	2	2	295	2	2	
2708	1	4	1	4	296	1	10	
2709	46	75	49	44	13	68	317	
2710	18	95	45	206	7	15	5	
2711	12	3	1	1	297	4	3	
2712	3	1	1	1	298	5	3	
2713	63	1	1	1	22	1	1	
2714	3	391	1	15	100	1	10	
2715	10	14	23	19	10	3	2	
2716	7	59	1	105	247	5	6	
2717	6	57	1	105	247	5	6	
2718	2	3	1	1	300	4	3	
2719	1	26	336	18	18	33	50	
2720	3	1	1	1	299	291	3	
2721	308	392	230	207	301	189	184	
2722	3	124	1	1	1	1	318	
2723	19	23	15	2	19	292	15	
2724	1	26	337	18	18	33	50	
2725	1	1	41	1	1	1	1	
2726	309	5	6	2	7	14	5	
2727	1	102	1	4	12	1	319	
2728	8	71	338	2	7	58	2	
2729	307	35	19	2	20	26	39	
2730	13	13	1	1	302	11	13	
2731	151	23	20	101	145	150	131	
2732	2	3	1	2	4	4	3	
2733	4	4	1	4	11	293	10	
2734	3	35	339	19	20	26	39	
2735	19	122	340	2	13	89	15	
2736	310	13	1	1	12	11	13	
2737	311	394	11	2	13	12	14	
2738	1	395	1	105	11	4	10	
2739	1	396	1	4	12	1	10	
2740	1	397	1	4	12	1	10	
2741	10	14	8	209	14	3	2	
2742	1	4	341	8	4	4	3	
2743	7	6	19	2	8	26	39	
2744	10	393	6	2	260	58	2	
2745	312	6	1	5	8	8	6	
2746	10	14	342	6	10	3	2	
2747	1	398	1	4	12	276	10	
2748	10	14	8	6	303	3	2	
2749	2	2	2	208	6	3	2	
2750	1	4	1	4	12	1	3	
2751	313	23	15	2	19	20	15	
2752	6	2	46	2	7	50	18	
2753	2	2	2	2	304	3	2	
2754	13	149	1	1	305	11	13	
2755	314	4	1	4	12	1	10	
2756	1	4	1	4	12	1	320	
2757	315	399	1	2	11	294	3	
2758	2	2	2	210	168	3	2	
2759	3	35	19	2	20	295	39	
2760	3	1	132	8	1	1	1	
2761	18	146	45	2	13	297	5	
2763	1	1	345	1	1	1	1	
2764	1	1	346	1	1	1	1	
2765	1	4	347	8	4	4	3	
2766	316	291	6	2	7	225	5	
2767	102	146	6	18	7	50	48	
2768	3	35	19	2	20	296	39	
2769	3	35	343	2	20	26	39	
2770	1	3	1	4	12	1	321	
2771	4	1	4	171	5	5	4	
2772	3	35	344	2	20	26	39	
2773	5	400	1	4	4	6	3	
2774	19	401	15	2	19	20	15	
2775	4	402	1	1	11	72	11	
2776	1	4	1	4	119	113	10	
2777	1	4	348	4	12	1	10	
2778	1	4	1	4	73	1	10	
2779	1	4	1	4	12	1	17	
2780	1	403	1	1	1	1	1	
2781	3	1	1	1	1	298	3	
2782	6	5	6	2	7	14	322	
2783	3	37	19	2	306	26	32	
2784	3	392	1	8	1	1	1	
2785	3	1	14	15	307	19	3	
2786	18	71	350	2	7	58	2	
2787	3	1	14	15	11	299	3	
2788	267	404	1	8	1	1	1	
2789	1	49	178	1	1	1	1	
2790	263	405	309	44	228	68	281	
2791	3	1	1	8	12	1	1	
2792	3	35	351	2	20	26	39	
2793	151	406	321	34	256	261	323	
2794	1	1	1	211	1	1	1	
2795	13	13	352	1	12	11	13	
2796	299	18	6	2	13	15	18	
2797	4	1	4	212	5	5	4	
2798	6	5	6	2	7	14	324	
2799	1	4	1	8	308	4	3	
2800	19	23	15	2	19	300	15	
2801	3	3	1	213	4	4	3	
2802	3	3	1	1	4	4	325	
2803	263	407	309	44	13	220	281	
2804	12	4	1	4	12	1	8	
2805	4	1	4	1	5	5	3	
2806	12	4	1	4	12	1	4	
2807	19	401	15	2	19	20	8	
2808	19	23	15	2	19	20	39	
2809	1	4	357	4	12	1	10	
2810	1	408	28	18	18	33	50	
2811	3	3	1	1	282	4	3	
2812	2	2	2	2	6	3	327	
2813	22	1	14	23	12	301	31	
2814	12	409	1	4	12	1	3	
2815	16	410	12	2	13	13	15	
2816	1	68	359	15	310	5	2	
2817	1	14	360	214	10	303	329	
2818	1	4	1	4	311	1	10	
2819	3	35	19	215	20	26	39	
2820	1	4	361	4	12	1	10	
2821	6	66	353	2	7	50	18	
2822	6	262	46	2	7	50	18	
2823	6	72	354	43	52	67	59	
2824	3	1	355	1	1	5	3	
2825	1	4	1	4	12	1	326	
2826	3	1	1	1	309	5	3	
2827	317	16	356	2	13	13	15	
2828	1	331	1	4	12	1	10	
2829	12	1	1	105	1	1	1	
2830	1	4	1	4	233	1	10	
2831	2	3	15	1	4	4	3	
2832	19	23	15	48	4	20	15	
2833	5	4	114	4	4	6	3	
2834	3	411	14	15	11	19	3	
2835	1	1	1	1	1	1	331	
2836	1	43	1	4	313	1	54	
2837	1	412	1	4	12	1	10	
2838	3	413	1	1	4	4	332	
2839	3	3	1	1	4	4	333	
2840	3	3	1	1	4	4	334	
2841	19	23	15	2	19	20	335	
2842	19	23	15	2	19	305	15	
2843	10	40	8	6	10	3	336	
2844	19	23	15	2	314	20	15	
2845	10	40	8	216	10	3	2	
2846	1	414	1	4	12	1	10	
2847	318	1	1	1	1	1	1	
2848	2	415	1	1	4	4	3	
2849	3	1	1	15	100	1	10	
2850	3	416	19	2	20	26	39	
2851	1	417	1	1	1	1	1	
2852	13	13	1	1	12	11	337	
2853	1	43	1	4	12	1	319	
2854	36	406	321	34	287	52	302	
2855	12	1	1	15	11	1	338	
2856	1	1	362	1	1	1	331	
2857	19	418	15	2	19	20	15	
2858	2	2	363	2	6	3	2	
2859	4	1	4	1	315	5	4	
2860	10	14	8	6	10	3	339	
2861	13	13	364	1	12	11	13	
2862	2	419	2	2	6	3	2	
2863	10	14	8	217	10	3	2	
2864	2	2	365	2	6	3	2	
2865	13	13	1	218	12	11	13	
2866	3	35	19	2	316	26	39	
2867	1	152	1	8	1	5	11	
2868	2	420	2	2	6	3	2	
2869	1	4	1	8	317	4	3	
2870	1	4	1	4	12	1	340	
2871	13	421	1	1	12	11	13	
2872	3	422	19	2	20	26	341	
2873	1	423	1	1	1	1	1	
2874	13	13	1	126	12	11	13	
2875	321	1	1	1	1	1	1	
2876	277	40	8	6	10	3	342	
2877	7	6	1	5	8	8	343	
2878	1	3	1	8	11	5	344	
2879	2	2	2	2	6	307	2	
2880	6	5	6	2	7	14	345	
2881	8	2	2	219	6	3	2	
2882	12	43	1	4	12	1	3	
2883	1	4	1	4	12	25	346	
2884	22	1	14	220	12	4	31	
2885	4	4	1	1	1	1	11	
2886	12	424	37	15	11	1	40	
2887	322	13	1	1	12	10	13	
2888	323	2	2	2	6	3	2	
2889	324	2	2	2	6	3	2	
2890	326	4	1	4	12	1	10	
2891	325	2	2	2	6	3	350	
2892	7	426	1	5	8	8	6	
2893	7	427	1	5	8	8	6	
2894	7	428	1	5	8	8	6	
2895	4	429	4	1	5	5	4	
2896	2	425	2	2	6	3	2	
2897	2	430	2	2	6	3	2	
2898	111	2	2	2	6	3	2	
2899	6	193	45	2	7	58	355	
2900	7	6	154	5	8	8	6	
2901	2	2	371	2	6	3	2	
2902	10	14	366	6	10	3	2	
2903	10	14	368	6	10	3	2	
2904	10	14	369	6	10	3	2	
2905	1	4	370	4	12	1	10	
2906	19	23	367	2	19	20	15	
2907	1	3	1	224	11	5	11	
2908	7	6	1	221	8	8	6	
2909	7	6	1	21	8	8	6	
2910	7	6	1	223	8	8	6	
2911	1	1	1	1	319	1	1	
2912	3	1	1	8	322	1	1	
2913	3	1	1	8	309	1	1	
2914	7	6	1	5	323	8	6	
2915	7	6	1	5	324	8	6	
2916	7	6	1	5	328	8	6	
2917	2	2	2	2	326	3	2	
2918	8	2	2	2	320	3	2	
2919	3	3	1	1	318	4	3	
2920	3	3	1	1	321	4	3	
2921	3	3	1	1	322	4	3	
2922	1	1	1	1	1	169	1	
2923	1	3	1	8	11	309	11	
2924	1	3	1	8	11	257	11	
2925	7	6	1	5	8	308	6	
2926	7	6	1	5	8	316	6	
2927	10	11	8	6	10	311	2	
2928	1	4	1	4	12	314	10	
2929	3	3	1	1	4	312	3	
2930	3	3	1	1	4	317	3	
2931	3	3	1	1	1	310	10	
2932	3	1	1	1	1	313	3	
2933	23	321	269	160	1	315	40	
2934	3	27	1	1	1	1	356	
2935	7	6	1	5	8	8	351	
2936	2	2	2	2	6	3	354	
2937	2	2	2	2	3	3	347	
2938	2	2	2	2	3	3	348	
2939	2	2	2	2	3	3	352	
2940	10	11	8	6	10	3	353	
2941	1	4	1	4	12	1	349	
2942	1	431	1	4	12	41	10	
2943	22	2	14	23	327	4	31	
2944	6	57	45	2	7	318	52	
2945	4	3	372	1	11	72	64	
2946	320	303	373	143	312	211	357	
2947	22	1	14	23	329	4	31	
2948	3	114	1	1	4	319	3	
2949	2	2	2	2	6	146	358	
2950	7	6	1	5	8	8	359	
2951	3	3	57	104	4	4	67	
2952	327	23	15	2	19	20	15	
2953	1	432	1	1	12	1	1	
2954	2	2	2	2	6	3	330	
2955	319	4	1	4	4	4	3	
2956	1	4	1	4	12	304	29	
2957	2	2	2	2	6	306	2	
2958	2	2	2	2	6	320	2	
2959	6	5	1	2	7	14	5	
2960	2	2	2	2	6	268	2	
2961	19	433	15	2	19	20	15	
2962	19	23	15	225	19	20	15	
2963	6	79	6	2	13	50	48	
2964	10	47	22	26	26	321	2	
2965	1	26	28	226	18	33	27	
2966	328	35	48	19	20	26	39	
2967	1	4	374	4	12	1	10	
2968	329	1	14	15	11	19	3	
2969	6	5	375	2	7	14	5	
2970	227	1	1	15	330	293	360	
2971	3	38	1	1	1	11	40	
2972	3	37	19	2	20	26	39	
2973	2	2	2	6	6	3	361	
2974	6	434	6	2	7	14	5	
2975	1	4	1	4	331	1	10	
2976	6	5	6	2	7	322	5	
2977	10	47	8	227	26	32	2	
2978	3	35	376	2	20	26	39	
2980	1	435	1	1	1	1	1	
2981	1	1	1	1	1	323	1	
2982	19	23	15	96	19	20	15	
2983	12	1	1	105	1	324	1	
2984	1	3	1	8	4	5	35	
2985	3	1	1	8	1	109	1	
2986	13	13	1	12	12	11	13	
2987	3	68	1	4	1	5	3	
2988	330	68	1	4	1	5	40	
2989	1	4	8	8	10	4	329	
2990	1	1	1	1	330	1	10	
2991	5	4	377	4	4	6	3	
2992	3	1	378	1	1	5	3	
2993	331	3	379	1	4	4	3	
2994	332	2	2	2	6	3	2	
2995	333	2	2	2	6	3	2	
2996	334	2	2	2	6	3	2	
2997	335	23	15	2	19	20	15	
2998	336	13	1	1	12	11	13	
2999	1	436	1	4	12	1	28	
3000	3	3	380	1	4	4	3	
3001	3	3	381	1	4	4	3	
3002	1	4	382	8	4	4	3	
3003	63	4	383	4	12	1	28	
3004	1	4	384	4	12	1	10	
3005	1	4	1	228	12	1	10	
3006	1	4	1	4	333	1	10	
3007	3	3	1	1	334	4	3	
3008	3	3	1	1	335	4	3	
3009	10	14	8	6	10	325	2	
3010	3	3	1	1	4	4	365	
3011	4	429	4	1	5	5	366	
3012	2	2	2	2	6	3	367	
3013	13	13	1	186	12	11	13	
3014	1	304	1	4	12	1	10	
3015	22	3	1	1	4	4	3	
3016	10	14	8	6	10	3	348	
3017	10	40	8	6	10	98	2	
3018	1	4	127	4	12	1	10	
3019	10	14	8	6	10	3	368	
3020	3	317	385	1	1	5	3	
3021	3	78	386	1	1	5	3	
3022	337	78	1	1	1	5	3	
3023	10	437	8	6	10	3	2	
3024	3	438	1	1	1	5	3	
3025	6	72	50	43	49	67	369	
3026	6	72	12	43	49	67	370	
3027	6	72	12	43	49	152	59	
3028	3	317	1	184	1	5	3	
3029	338	89	1	4	336	303	11	
3030	12	1	1	15	11	26	338	
3031	19	23	15	230	19	20	15	
3032	340	3	1	14	11	51	10	
3033	14	33	45	18	340	50	371	
3034	14	439	11	2	13	12	372	
3035	4	1	389	1	5	5	4	
3036	3	440	14	15	11	19	3	
3037	341	1	1	1	1	5	3	
3038	1	3	390	8	11	5	11	
3039	342	3	1	1	4	4	3	
3040	12	4	1	4	341	1	3	
3041	1	3	1	8	342	5	374	
3042	18	146	45	18	343	329	375	
3043	10	14	8	6	10	3	376	
3044	6	57	45	2	7	95	377	
3045	18	95	45	2	7	15	52	
3046	6	66	46	2	344	50	18	
3047	18	33	6	20	7	330	48	
3048	6	441	6	2	7	14	5	
3049	151	6	20	101	145	150	131	
3050	10	4	8	6	10	3	2	
3051	3	3	391	1	4	4	3	
3052	4	9	1	8	1	331	378	
3053	343	3	1	1	4	4	3	
3054	13	13	1	1	12	328	13	
3055	13	13	370	1	12	11	13	
3056	10	35	19	2	332	26	39	
3057	344	1	1	1	1	1	1	
3058	6	66	392	2	7	50	18	
3059	1	4	1	4	12	332	10	
3060	10	14	8	6	10	92	2	
3061	6	57	393	2	215	58	52	
3062	3	35	19	2	10	26	2	
3063	6	442	6	2	7	14	5	
3064	8	2	2	2	6	3	379	
3065	3	4	1	4	12	1	39	
3066	1	35	1	4	12	1	10	
3067	1	4	15	4	12	1	10	
3068	19	23	15	2	1	20	15	
3069	19	23	15	2	12	20	15	
3070	2	3	1	1	19	4	3	
3071	3	35	19	231	20	26	39	
3072	53	14	8	6	10	3	2	
3073	3	1	1	8	345	1	1	
3074	345	4	1	4	12	1	10	
3075	1	423	1	21	1	333	40	
3076	1	443	1	1	1	1	1	
3077	3	1	1	1	1	5	380	
3078	3	1	1	1	346	5	3	
3079	3	3	1	1	347	4	3	
3080	6	66	46	2	7	5	18	
3081	3	4	1	4	12	1	10	
3082	6	66	72	43	7	67	59	
3083	6	57	45	2	7	15	52	
3084	3	78	1	1	1	32	3	
3085	1	1	1	1	1	5	3	
3086	10	47	8	232	26	32	2	
3087	346	1	1	1	1	5	3	
3088	347	4	1	4	12	25	10	
3089	349	57	45	2	7	58	52	
3090	18	444	260	18	7	223	5	
3091	18	445	260	18	7	223	5	
3092	18	446	6	20	7	50	48	
3093	6	447	46	2	91	50	18	
3094	6	448	45	2	7	58	52	
3095	6	449	45	2	7	58	52	
3096	3	450	19	2	20	26	39	
3097	18	33	394	20	7	50	48	
3098	8	2	395	2	6	3	2	
3099	6	72	396	43	49	67	59	
3100	6	79	397	7	7	70	61	
3101	3	35	398	2	20	26	39	
3102	3	35	399	2	20	26	39	
3103	1	1	372	1	1	1	1	
3104	18	1	1	233	1	5	3	
3105	18	33	228	234	7	50	48	
3106	14	16	11	235	13	12	14	
3107	6	57	45	236	7	58	52	
3108	6	57	45	237	7	58	52	
3109	3	1	1	238	1	5	3	
3110	3	1	1	239	1	5	3	
3111	182	57	45	2	348	58	52	
3112	18	1	1	1	349	5	3	
3113	7	6	1	5	350	8	6	
3114	6	57	45	2	351	58	52	
3115	6	57	45	2	352	58	52	
3116	4	1	4	1	353	5	4	
3117	1	1	1	9	354	1	1	
3118	1	4	1	8	355	4	3	
3119	18	153	260	18	7	334	5	
3120	18	33	6	20	7	335	48	
3121	14	16	11	2	13	336	14	
3122	7	6	1	5	8	337	6	
3123	6	57	45	2	7	338	52	
3124	6	57	45	2	7	339	52	
3125	3	1	1	1	1	340	3	
3126	3	37	19	2	20	341	32	
3127	18	1	1	1	1	5	381	
3128	14	16	11	2	13	12	382	
3129	3	3	1	1	4	4	383	
3130	1	4	1	4	12	1	384	
3131	6	57	45	2	7	58	385	
3132	6	57	45	2	7	58	386	
3133	6	57	45	2	7	58	387	
3134	6	72	12	43	49	67	388	
3135	349	357	400	240	356	342	389	
3136	7	6	218	5	8	8	6	
3137	6	66	46	176	7	50	18	
3138	6	57	45	2	288	58	52	
3139	6	57	45	2	99	58	52	
3140	6	72	72	43	52	152	59	
3141	1	1	164	1	1	1	1	
3142	1	4	1	8	1	51	11	
3143	2	2	2	2	6	68	162	
3144	6	5	6	2	7	199	5	
3145	8	7	6	2	9	343	7	
3147	3	3	45	1	4	4	3	
3148	14	33	1	18	7	50	373	
3149	6	5	401	2	7	14	5	
3150	6	5	6	2	357	14	5	
3151	3	35	402	2	20	26	39	
3152	3	35	19	2	358	26	39	
3153	3	451	19	2	20	26	39	
3154	10	14	8	6	359	3	2	
3155	3	3	1	8	1	1	1	
3156	3	1	15	8	1	1	1	
3157	5	4	15	4	4	6	3	
3158	12	4	361	4	12	1	3	
3159	12	1	1	1	4	4	3	
3160	19	23	15	2	360	20	15	
3161	2	2	403	2	6	3	2	
3162	1	4	404	4	12	1	10	
3163	2	2	2	2	6	344	2	
3164	1	452	1	4	12	1	10	
3165	2	453	2	2	6	3	2	
3166	1	4	1	4	12	1	390	
3167	350	3	1	1	4	4	3	
3168	3	35	405	2	20	26	39	
3169	18	1	45	2	7	15	5	
3170	3	1	406	1	1	5	3	
3171	6	72	12	241	49	67	59	
3172	3	1	406	1	1	5	391	
3173	18	1	1	1	1	5	392	
3174	6	179	12	43	49	67	393	
3175	18	1	1	1	1	5	394	
3176	351	1	280	1	20	5	395	
3177	10	14	407	6	10	3	2	
3178	10	14	408	6	10	3	2	
3179	10	14	409	6	10	3	2	
3180	6	5	6	242	7	14	5	
3181	3	3	1	1	361	345	3	
3182	352	14	8	13	10	3	2	
3183	3	1	1	1	1	346	3	
3184	353	66	46	2	7	50	18	
3185	22	454	14	23	12	4	31	
3186	19	455	15	2	19	20	15	
3187	19	23	410	2	19	20	15	
3188	19	23	411	2	19	20	15	
3189	19	23	15	2	19	20	396	
3190	1	3	1	1	1	4	3	
3191	19	23	15	2	19	347	15	
3192	1	233	1	8	12	1	10	
3193	19	457	15	2	19	20	15	
3194	1	4	1	4	362	1	10	
3195	19	458	15	2	19	20	15	
3196	1	4	412	4	12	1	10	
3197	7	6	1	5	8	348	6	
3198	1	4	1	4	12	1	397	
3199	22	1	14	23	12	4	398	
3200	1	1	413	1	12	1	1	
3201	7	6	111	5	363	8	6	
3202	13	459	1	1	12	11	13	
3203	5	460	1	4	4	6	3	
3204	13	461	1	1	12	11	13	
3205	19	23	15	2	364	20	15	
3206	1	1	1	1	4	4	1	
3207	3	35	19	2	20	26	399	
3208	1	1	414	1	1	1	1	
3209	3	35	415	2	20	26	39	
3210	3	1	1	1	1	350	3	
3211	7	462	1	5	8	8	6	
3212	102	146	416	18	7	50	48	
3213	6	5	6	2	365	14	5	
3214	12	4	1	4	12	1	400	
3215	3	3	1	1	4	4	227	
3216	13	13	362	1	12	11	13	
3217	1	3	1	14	11	351	10	
3218	1	4	417	4	12	1	10	
3219	18	1	26	1	1	5	3	
3220	251	66	418	2	7	50	2	
3221	3	1	1	1	1	5	391	
3222	6	79	419	243	367	50	401	
3223	18	33	6	20	7	50	402	
3224	354	256	358	66	221	302	328	
3225	6	146	66	47	366	70	153	
3226	3	35	19	2	20	352	39	
3227	3	463	19	2	20	26	39	
3228	1	4	420	4	12	25	10	
3229	1	1	421	1	22	1	1	
3230	2	3	1	1	4	4	403	
3231	19	23	15	2	19	20	404	
3232	10	14	422	6	368	3	2	
3233	10	464	8	6	10	3	2	
3234	22	1	14	23	12	26	31	
3235	1	1	1	9	1	1	405	
3236	3	3	1	244	1	353	10	
3237	6	380	6	18	62	70	406	
3238	18	66	46	2	369	50	2	
3239	1	4	1	4	1	1	1	
3240	151	325	260	34	175	180	169	
3241	22	1	14	23	22	4	31	
3242	2	3	1	1	22	4	3	
3243	1	1	1	1	1	354	1	
3244	12	4	1	4	370	1	3	
3245	3	3	296	1	1	19	10	
3246	1	4	1	4	12	355	10	
3247	1	3	1	14	11	356	10	
3248	1	465	1	1	1	1	1	
3249	13	13	1	1	371	11	13	
3250	6	5	6	2	7	14	407	
3251	1	224	1	8	4	4	3	
3252	6	291	6	2	7	225	408	
3253	12	4	423	4	12	1	3	
3254	355	2	2	2	6	3	72	
3255	102	146	45	129	7	110	2	
3256	1	3	424	8	11	5	11	
3257	3	1	429	1	1	5	3	
3258	3	468	1	1	1	5	3	
3259	12	36	428	246	1	27	10	
3260	19	23	15	2	375	20	15	
3261	151	469	20	101	145	150	131	
3262	12	3	1	1	4	4	410	
3263	3	470	19	2	20	357	39	
3264	22	1	14	23	376	4	31	
3265	1	4	1	247	12	1	10	
3266	10	40	8	248	10	3	2	
3267	2	471	2	2	6	3	2	
3268	1	14	430	214	10	303	329	
3269	6	66	46	2	372	50	18	
3270	6	66	46	2	373	50	18	
3271	12	20	6	14	11	32	2	
3272	6	72	12	43	377	67	59	
3273	3	78	431	1	1	5	3	
3274	3	1	1	37	378	5	3	
3275	3	114	1	1	4	4	3	
3276	3	473	1	1	4	4	3	
3277	3	3	1	1	4	4	411	
3278	356	23	15	2	19	20	15	
3279	1	4	1	8	4	359	3	
3280	1	4	1	4	12	1	412	
3281	2	2	432	2	6	3	2	
3282	2	2	2	176	6	3	2	
3283	1	1	1	1	257	1	1	
3284	10	14	8	6	10	87	2	
3285	3	35	19	167	20	26	39	
3286	3	3	1	1	4	4	413	
3287	3	474	1	1	4	4	3	
3288	10	14	8	6	10	360	2	
3289	10	47	433	26	26	32	2	
3290	10	475	8	6	10	3	2	
3291	19	23	15	2	379	20	15	
3292	10	14	8	6	208	3	2	
3293	6	476	6	2	7	14	5	
3294	1	4	1	4	380	1	10	
3295	6	5	6	2	104	14	5	
3296	1	1	1	58	1	1	1	
3297	1	4	1	8	4	4	414	
3298	3	3	1	1	4	358	3	
3299	10	14	8	6	10	3	415	
3300	3	3	1	1	4	4	2	
3301	12	36	428	8	1	27	10	
3302	12	36	435	8	1	27	10	
