ST	gyrB	groL	gltA	metG	ppsA	recA
1	1	1	1	1	1	1
2	2	2	2	2	2	2
3	4	3	4	3	3	3
4	5	4	5	4	4	4
5	6	5	6	5	5	5
6	7	6	7	6	6	6
7	8	7	8	7	7	7
8	9	8	9	8	8	8
9	10	9	10	9	9	9
10	11	10	11	10	10	10
11	12	11	12	11	11	11
12	13	12	13	12	12	12
13	14	13	14	13	13	13
14	15	14	15	14	14	14
15	16	15	16	15	15	15
16	18	17	18	17	16	17
17	19	18	19	18	16	18
18	20	19	20	19	17	19
19	21	20	21	20	18	20
20	22	21	22	21	19	21
21	23	22	23	22	20	22
22	24	23	24	23	21	23
23	25	24	25	24	22	24
24	26	25	26	25	23	25
25	27	26	27	26	24	26
26	28	27	28	27	25	27
27	29	28	17	21	26	28
28	30	29	29	28	27	29
29	31	30	30	29	28	30
30	24	31	31	30	29	31
31	25	32	32	31	30	32
32	26	33	33	32	31	33
33	32	34	34	33	32	34
34	33	35	35	34	33	35
35	34	36	36	35	34	36
36	35	37	37	36	35	37
37	36	38	38	37	36	38
38	37	39	39	38	37	39
39	38	40	40	39	38	40
40	39	41	41	40	39	41
41	40	42	42	41	40	42
42	41	43	43	42	41	43
43	42	44	44	43	42	44
44	43	45	45	27	43	45
45	44	46	46	44	44	46
46	45	47	47	45	45	47
47	46	48	48	46	46	48
48	47	49	49	47	47	49
49	48	50	50	48	48	50
50	49	51	51	49	49	51
51	50	52	50	50	50	52
52	51	53	52	51	51	53
53	52	54	31	52	52	54
54	14	55	14	53	53	13
55	53	56	53	54	54	55
56	54	57	54	55	55	56
57	9	58	55	8	56	57
58	55	59	56	56	57	58
59	56	60	57	57	58	59
60	57	61	58	58	59	60
61	58	62	59	59	60	61
62	38	63	60	60	61	62
63	59	64	61	61	62	63
64	60	65	62	62	63	64
65	61	66	63	63	64	65
66	62	67	64	64	65	66
67	38	40	40	39	66	40
68	63	68	65	65	67	67
69	64	69	66	66	68	68
70	65	70	67	67	69	69
71	66	71	68	68	70	70
72	67	72	69	69	71	71
73	68	73	70	70	72	11
74	69	74	71	71	73	72
75	70	75	72	72	74	73
76	71	76	73	73	75	74
77	66	77	74	74	76	75
78	72	78	75	44	77	76
79	73	79	76	75	78	77
80	14	80	14	13	79	13
81	74	81	77	76	80	78
82	75	82	78	20	81	79
83	76	83	39	77	82	80
84	77	84	79	78	83	81
85	78	85	80	79	84	82
86	79	86	81	80	85	83
87	66	87	82	81	86	84
88	80	88	83	82	87	85
89	81	89	84	83	88	86
90	82	90	85	84	89	87
91	83	91	86	85	90	88
92	84	92	87	86	91	89
93	85	93	88	87	90	90
94	86	94	89	88	92	91
95	86	94	90	88	92	91
96	87	95	91	89	90	92
97	87	96	92	90	93	93
98	88	97	93	91	94	94
99	89	98	94	92	95	95
100	90	99	92	93	95	92
101	91	100	92	94	96	96
102	92	101	95	95	93	97
103	93	102	96	96	97	98
104	94	103	97	97	98	99
105	95	104	98	98	99	100
106	96	105	99	99	100	101
107	85	104	98	87	101	90
108	97	106	100	100	102	102
109	98	107	88	101	103	103
110	99	108	101	102	104	100
111	85	93	88	87	105	90
112	88	109	102	103	106	104
113	100	110	103	104	107	105
114	54	57	54	105	108	56
115	101	111	104	106	109	106
116	23	112	105	55	64	107
117	102	113	106	107	110	108
118	103	114	107	108	111	109
119	104	115	108	109	112	110
120	105	116	109	110	113	111
121	22	117	110	111	114	112
122	106	118	111	112	67	113
123	107	119	112	113	115	114
124	108	120	113	114	116	115
125	109	121	114	115	117	116
126	110	122	115	116	118	117
127	22	117	56	117	119	112
128	111	124	116	118	120	118
129	112	125	117	119	121	119
130	113	126	118	120	122	120
131	114	127	119	121	123	121
132	115	128	120	117	124	112
133	116	129	121	122	125	122
134	117	130	122	123	126	123
135	118	42	123	113	40	42
136	116	117	124	117	114	112
137	116	117	120	117	124	112
138	97	128	56	117	127	112
139	119	131	51	124	128	124
140	22	117	56	117	129	112
141	120	96	125	125	130	125
142	121	132	126	126	131	126
143	122	133	127	127	132	127
144	123	134	128	128	110	128
145	124	135	129	129	133	129
146	125	136	130	130	134	130
147	122	137	131	131	135	131
148	115	117	56	117	136	112
149	126	138	132	132	137	132
150	127	139	133	133	40	133
151	128	140	134	134	138	134
152	129	141	135	135	139	135
153	130	142	136	136	140	136
154	131	143	137	137	141	137
155	132	144	99	138	100	138
156	133	145	138	139	142	139
157	134	125	139	140	143	140
158	109	119	140	113	144	141
159	135	146	141	119	145	142
160	136	141	142	141	146	117
161	137	147	143	142	147	143
162	138	139	133	133	40	133
163	139	148	144	143	148	136
164	140	149	145	64	149	144
165	141	150	146	144	150	145
166	19	18	19	18	17	18
167	142	151	147	145	151	146
168	15	152	148	146	152	147
169	143	153	149	147	153	148
170	68	154	150	148	154	149
171	144	155	151	149	155	150
172	145	156	152	150	156	151
173	146	157	153	151	157	152
174	147	158	154	152	158	153
175	146	159	155	153	159	154
176	54	57	54	154	108	56
177	148	160	156	155	160	155
178	149	19	157	156	161	156
179	150	161	158	157	162	157
180	151	162	159	158	163	158
181	152	163	96	159	164	159
182	132	164	160	160	165	160
183	153	165	161	161	166	161
184	132	166	162	162	167	162
185	154	167	163	163	168	163
186	155	168	164	164	169	164
187	156	169	165	165	170	165
188	157	170	166	166	171	166
189	158	102	96	96	172	167
190	159	171	167	154	173	168
191	160	172	168	167	174	169
192	161	100	169	168	175	170
193	162	173	170	169	176	171
194	163	102	96	159	177	158
195	164	3	171	170	178	172
196	165	102	96	159	179	173
197	166	174	172	171	180	174
198	167	175	173	172	181	175
199	32	176	174	173	182	176
200	168	177	175	174	183	177
201	169	178	176	175	184	178
202	170	179	177	94	185	179
203	171	3	178	176	186	180
204	172	180	179	176	187	181
205	126	181	22	177	188	182
206	173	182	180	178	189	183
207	78	85	80	179	90	149
208	174	86	181	63	190	184
209	174	183	181	63	190	184
210	175	184	182	180	191	47
211	176	185	183	181	192	185
212	177	186	184	182	193	186
213	178	187	185	183	194	187
214	179	188	186	184	195	188
215	180	189	187	185	196	189
216	181	190	188	186	197	190
217	102	191	189	187	198	191
218	182	192	190	188	199	192
219	183	193	191	189	200	193
220	184	194	192	190	201	194
221	185	195	193	191	202	195
222	186	196	194	192	64	196
223	187	197	89	193	163	197
224	188	162	195	194	203	198
225	189	198	196	195	204	199
226	190	199	184	196	205	200
227	191	200	197	197	206	201
228	151	96	198	198	97	94
229	192	201	199	199	207	202
230	193	162	168	167	163	158
231	194	202	200	96	208	203
232	193	203	168	167	163	158
233	195	204	92	200	209	204
234	196	6	7	6	6	6
235	194	94	96	96	208	205
236	197	205	201	201	111	206
237	198	206	96	94	210	207
238	199	207	202	202	163	208
239	200	202	203	203	211	203
240	201	208	204	167	212	205
241	202	192	205	204	213	209
242	196	6	7	205	6	210
243	203	209	174	206	214	211
244	204	210	206	207	215	212
245	183	211	207	208	216	213
246	205	115	208	209	217	214
247	206	94	89	159	218	159
248	207	212	92	159	219	215
249	208	213	209	210	179	216
250	209	156	210	145	220	151
251	210	214	122	211	221	217
252	211	143	211	212	222	218
253	78	215	212	79	84	219
254	212	216	151	213	84	220
255	115	117	213	117	124	221
256	213	217	214	214	223	222
257	66	71	110	215	224	223
258	214	218	151	216	225	224
259	215	219	44	217	226	225
260	214	220	117	218	227	226
261	216	221	85	117	226	227
262	108	222	215	92	228	228
263	217	223	216	219	229	229
264	218	224	217	220	230	230
265	115	117	120	117	124	221
266	216	221	85	124	119	227
267	219	71	218	221	231	231
268	78	71	80	215	226	223
269	87	225	219	222	232	232
270	220	215	80	223	226	54
271	221	226	212	79	233	233
272	222	117	220	224	234	234
273	223	91	221	225	235	235
274	78	215	80	223	226	236
275	224	227	222	226	133	237
276	225	226	80	79	236	233
277	78	226	80	219	237	238
278	226	215	85	227	119	239
279	227	228	223	228	238	240
280	212	216	224	213	233	241
281	66	71	212	219	239	223
282	115	229	110	229	124	112
283	115	117	213	117	129	221
284	224	227	222	226	133	115
285	201	213	101	230	240	216
286	213	230	225	231	241	243
287	122	231	226	232	242	244
288	219	71	218	233	231	231
289	228	232	227	234	243	245
290	229	233	96	235	244	246
291	230	234	228	103	245	247
292	231	143	228	236	246	248
293	78	215	80	79	84	249
294	78	215	80	79	236	219
295	232	223	229	46	226	86
296	233	235	230	237	247	250
297	115	117	120	117	248	115
298	234	234	231	238	249	252
299	235	216	151	217	84	220
300	78	215	80	79	236	115
301	236	108	232	239	96	94
302	237	234	233	240	250	96
303	238	236	13	241	251	254
304	99	108	234	102	252	94
305	170	179	235	242	185	179
306	239	143	236	243	253	242
307	240	123	237	244	254	251
308	241	237	238	245	255	253
309	242	71	239	175	124	255
310	201	213	101	230	256	216
311	243	164	240	246	257	256
312	244	238	241	124	258	87
313	151	179	198	198	252	207
314	245	102	101	247	96	257
315	246	239	242	219	259	49
316	247	223	243	248	260	249
317	248	240	244	249	261	258
318	169	241	245	250	262	259
319	249	242	246	251	263	260
320	250	243	247	94	264	261
321	251	244	248	252	265	262
322	210	245	249	211	266	263
323	252	246	250	253	267	264
324	251	246	250	253	267	265
325	253	247	251	181	268	266
326	254	248	252	254	269	267
327	255	245	249	211	270	268
328	210	214	122	211	271	217
329	131	249	137	137	272	137
330	256	250	253	255	273	269
331	257	251	16	256	274	270
332	253	252	254	257	275	271
333	66	71	255	175	124	255
334	66	71	255	175	276	255
335	132	253	256	258	277	272
336	258	253	257	259	278	273
337	259	254	258	260	279	274
338	260	255	259	261	280	275
339	261	256	260	262	281	276
340	262	257	261	246	282	277
341	263	143	160	262	283	278
342	264	258	262	260	284	279
343	265	260	263	264	286	280
344	263	259	160	263	285	162
345	266	256	264	262	281	276
346	267	253	265	259	278	273
347	258	143	160	262	283	278
348	261	261	266	265	287	281
349	263	107	267	266	100	282
350	268	261	266	268	287	283
351	258	164	160	267	288	160
352	269	103	268	266	277	284
353	270	262	268	269	289	285
354	153	237	269	258	277	272
355	255	245	270	211	292	268
356	267	164	160	270	290	160
357	271	263	99	271	291	286
358	239	143	99	272	253	287
359	272	260	271	273	293	262
360	210	245	249	211	266	288
361	265	260	272	274	294	280
362	273	264	273	275	295	289
363	274	265	274	276	296	290
364	275	125	275	277	297	291
365	158	102	96	159	298	167
366	276	248	252	254	299	292
367	277	266	276	278	300	293
368	278	267	96	159	97	294
369	279	248	277	279	301	295
370	117	248	252	254	302	296
371	167	268	278	280	303	297
372	93	269	110	281	304	298
373	280	270	279	149	118	299
374	281	271	280	282	29	300
375	275	125	275	277	297	301
376	282	272	96	159	97	261
377	89	273	94	92	95	95
378	283	274	281	283	305	302
379	1	275	282	284	306	303
380	284	276	283	285	307	267
381	285	277	284	286	308	304
382	286	278	284	287	309	305
383	287	279	285	288	310	306
384	2	280	286	289	311	307
385	288	116	287	290	312	308
386	289	134	106	291	313	309
387	290	116	288	292	314	310
388	291	81	289	293	315	311
389	102	281	290	294	316	308
390	123	134	106	295	313	312
391	292	282	291	296	312	313
392	293	283	292	297	317	181
393	294	284	291	298	318	310
394	295	285	293	299	319	314
395	296	286	294	300	320	315
396	297	287	295	301	321	316
397	247	288	296	302	322	249
398	151	12	297	159	323	317
399	78	289	298	303	324	318
400	298	290	299	170	325	3
401	299	71	300	175	326	255
402	300	291	301	304	327	319
403	301	102	96	96	164	159
404	302	215	80	79	236	82
405	303	292	44	305	158	320
406	304	293	56	92	225	321
407	305	294	160	306	328	322
408	306	71	302	68	329	323
409	308	102	101	308	179	94
410	309	296	304	309	161	324
411	310	297	305	310	330	325
412	311	298	306	311	331	326
413	312	299	307	224	332	327
414	313	300	308	312	40	328
415	314	301	309	313	333	94
416	132	302	310	314	334	329
417	68	154	311	116	335	330
418	152	102	96	315	164	159
419	315	303	312	217	336	44
420	95	304	313	316	337	331
421	46	305	314	317	338	332
422	316	306	315	318	33	333
423	317	307	316	149	336	334
424	318	256	317	319	340	335
425	319	154	311	148	341	330
426	320	308	318	263	342	336
427	122	309	218	320	343	337
428	233	310	138	321	344	338
429	317	89	319	322	228	149
430	321	48	48	323	345	339
431	322	311	320	324	346	340
432	322	311	320	324	346	341
433	323	312	240	325	347	103
434	147	313	110	326	348	136
435	324	314	96	159	97	98
436	317	89	44	149	349	342
437	325	315	321	327	350	343
438	326	316	322	328	84	344
439	327	317	323	116	351	345
440	328	318	324	329	352	346
441	319	96	101	329	93	347
442	329	319	325	330	353	348
443	330	320	326	331	354	349
444	18	321	327	17	355	350
445	95	104	328	332	356	100
446	331	322	329	333	357	351
447	145	299	152	145	156	255
448	332	323	330	334	358	352
449	223	158	331	18	336	353
450	313	300	308	312	144	328
451	333	324	332	335	359	49
452	256	325	333	336	360	354
453	112	44	48	337	361	355
454	130	44	334	337	362	356
455	130	326	335	338	363	357
456	334	327	336	339	364	358
457	68	154	311	124	335	330
458	149	17	337	17	161	353
459	335	57	54	340	108	56
460	336	328	338	341	365	360
461	68	329	339	342	232	353
462	168	330	331	343	366	361
463	337	154	49	344	367	362
464	304	293	340	345	368	363
465	334	327	336	339	364	359
466	338	331	334	337	361	355
467	339	332	341	11	345	364
468	66	71	255	175	369	255
469	272	333	272	346	370	365
470	340	334	342	218	90	49
471	341	335	96	96	97	366
472	342	336	343	347	210	96
473	343	337	344	17	371	49
474	344	338	345	117	372	367
475	246	239	346	348	259	49
476	323	339	347	97	373	99
477	345	277	284	349	374	99
478	184	340	192	190	375	368
479	346	233	348	159	376	369
480	347	341	349	350	377	370
481	348	342	350	351	70	371
482	349	343	351	352	378	372
483	350	110	352	353	379	373
484	200	202	353	203	353	203
485	126	154	354	16	353	374
486	126	344	151	83	380	375
487	217	223	216	219	381	376
488	351	3	355	209	3	377
489	352	345	356	354	382	378
490	353	273	357	355	383	379
491	315	346	358	124	119	380
492	112	347	44	217	384	381
493	354	303	359	356	385	112
494	355	348	360	357	380	382
495	356	32	212	124	336	383
496	357	349	361	208	386	384
497	358	350	362	358	387	6
498	220	351	363	359	388	385
499	359	17	364	17	161	386
500	307	295	303	307	389	387
501	360	352	365	360	97	388
502	152	233	348	159	376	389
503	361	353	101	361	390	94
504	326	316	322	328	84	345
505	362	354	153	362	391	390
506	363	355	366	117	392	391
507	364	356	367	363	393	392
508	365	266	276	278	300	293
509	366	357	368	159	394	393
510	124	358	369	364	395	394
511	267	164	160	267	165	160
512	78	239	242	348	259	49
513	120	96	198	347	130	125
514	66	71	303	175	235	255
515	377	313	380	371	411	404
516	380	369	383	374	414	406
517	381	370	384	377	416	408
518	241	262	386	375	415	407
519	382	371	385	376	417	409
520	138	53	52	51	51	53
521	384	107	160	378	418	411
522	385	374	388	379	419	412
523	386	105	389	260	420	413
524	387	312	390	380	421	285
525	132	143	391	381	422	414
526	132	262	256	378	423	415
527	268	261	266	268	287	416
528	388	372	253	382	424	417
529	241	253	392	267	425	418
530	268	261	266	268	287	419
531	389	373	160	383	352	420
532	390	373	393	384	426	421
533	241	312	394	385	427	422
534	132	143	236	386	428	242
535	384	253	392	387	429	418
536	267	164	395	388	430	160
537	391	375	396	260	100	248
538	376	376	397	389	431	423
539	392	253	389	390	279	424
540	258	107	388	266	100	282
541	85	93	88	87	432	90
542	393	377	398	391	433	425
543	394	378	259	392	434	426
544	395	253	256	393	352	427
545	396	379	399	272	435	428
546	397	380	211	386	436	276
547	132	381	256	378	352	415
548	132	382	400	394	437	429
549	398	383	261	245	438	430
550	399	143	401	395	439	420
551	400	384	160	396	440	431
552	38	385	402	397	441	432
553	387	253	403	380	421	433
554	387	253	390	380	421	420
555	388	143	404	398	442	434
556	401	374	405	399	442	435
557	241	294	88	400	105	436
558	402	386	406	284	443	437
559	403	387	160	401	440	438
560	201	101	101	95	164	207
561	194	94	200	167	208	205
562	194	179	159	308	400	216
563	199	267	235	90	398	96
564	199	267	168	308	398	96
565	93	367	377	96	398	402
566	404	388	96	347	444	480
567	93	364	168	402	104	317
568	220	226	331	124	388	124
569	152	102	96	457	164	216
570	452	12	96	443	487	94
571	451	433	446	456	499	493
572	267	164	160	388	457	160
573	450	425	96	159	498	216
574	449	245	447	455	497	492
575	448	432	448	454	496	491
576	447	424	449	442	495	490
577	446	213	200	443	487	216
578	445	403	407	416	458	489
579	12	431	450	453	224	488
580	444	259	451	452	438	487
581	66	430	452	451	494	486
582	443	228	453	450	493	339
583	442	312	454	449	492	485
584	93	102	96	347	97	159
585	94	105	455	245	491	99
586	441	415	418	430	446	469
587	440	145	456	448	490	484
588	93	428	198	96	96	159
589	122	137	457	447	84	483
590	269	427	458	388	489	482
591	438	426	459	446	147	481
592	404	233	188	445	488	480
593	450	425	92	444	172	216
594	152	163	96	159	97	479
595	93	94	430	159	164	159
596	447	424	407	442	486	490
597	437	122	408	441	260	478
598	436	423	409	440	485	477
599	435	241	110	439	484	476
600	434	422	410	438	483	475
601	433	421	411	437	477	470
602	432	420	412	436	455	474
603	431	419	413	435	482	461
604	95	104	98	434	481	100
605	430	418	414	433	480	473
606	429	417	415	432	479	472
607	428	416	416	431	478	471
608	251	244	417	274	477	470
609	66	71	255	175	476	255
610	427	414	419	429	475	468
611	426	413	421	428	473	467
612	425	400	420	427	474	466
613	426	413	421	426	473	465
614	356	221	110	411	224	383
615	424	412	422	224	472	464
616	398	383	261	245	470	430
617	429	410	424	424	469	463
618	422	239	242	348	468	49
619	87	300	425	423	467	462
620	421	409	426	422	466	461
621	420	408	120	421	465	460
622	419	407	427	420	464	459
623	418	406	56	419	463	458
624	46	305	314	317	462	332
625	89	273	152	92	95	95
626	417	405	428	418	461	457
627	122	137	48	417	460	456
628	416	404	429	437	459	455
629	213	273	340	415	384	114
630	414	402	432	414	456	453
631	130	399	435	224	454	450
632	413	401	433	412	452	452
633	423	400	434	413	455	451
634	412	398	436	266	453	449
635	423	397	437	412	452	448
636	40	139	438	133	40	447
637	411	396	439	410	451	446
638	410	395	440	409	450	445
639	409	394	441	408	449	444
640	408	393	442	407	448	443
641	126	392	443	406	348	442
642	407	391	444	405	447	441
643	406	390	445	404	446	440
644	405	389	51	403	445	439
645	404	434	460	458	488	480
646	453	435	461	459	500	494
647	455	436	463	461	502	496
648	454	96	462	460	501	495
649	439	429	198	198	174	498
650	423	411	423	425	471	497
651	445	403	464	416	458	454
652	415	437	431	267	457	160
653	456	438	465	462	503	499
654	275	392	154	118	225	481
655	276	161	1	366	404	400
656	415	164	160	267	457	160
657	465	445	473	470	512	519
658	466	446	474	471	513	520
659	251	246	475	472	514	521
660	467	447	476	376	515	522
661	468	448	477	473	299	523
662	469	365	478	474	516	122
663	470	244	479	475	517	524
664	471	449	71	476	518	525
665	272	246	480	477	519	365
666	472	450	481	478	520	526
667	473	451	482	479	521	527
668	474	214	483	480	522	528
669	475	286	294	300	405	529
670	476	448	484	1	523	530
671	477	452	485	481	524	531
672	451	71	446	482	499	493
673	275	453	486	483	241	532
674	112	219	44	217	384	381
675	478	454	487	484	49	533
676	140	149	64	64	65	54
677	479	455	340	485	525	534
678	68	456	488	486	526	535
679	480	457	489	487	527	536
680	481	458	490	488	528	537
681	42	71	218	489	529	538
682	482	71	218	221	231	231
683	483	459	491	490	530	539
684	66	456	492	491	531	540
685	484	460	493	492	532	541
686	485	141	494	493	129	542
687	486	461	495	494	533	543
688	487	462	496	495	534	544
689	286	362	429	184	77	307
690	86	367	89	88	92	91
691	132	253	503	388	277	548
692	415	164	160	267	541	160
693	264	468	504	501	542	547
694	268	469	505	268	543	416
695	495	470	506	502	544	343
696	415	469	431	267	457	160
697	444	259	324	503	545	487
698	415	164	507	267	541	549
699	267	164	160	267	413	160
700	376	143	508	245	352	550
701	496	472	510	505	100	430
702	498	253	405	325	547	551
703	499	253	405	325	548	551
704	500	474	512	507	549	552
705	490	143	498	497	535	546
706	323	143	211	97	550	552
707	501	253	513	508	542	553
708	132	471	509	504	440	554
709	497	473	511	506	546	555
710	464	463	497	496	422	545
711	489	464	394	388	352	274
712	376	325	240	267	536	160
713	399	143	401	498	439	548
714	491	143	499	499	537	413
715	442	253	256	378	352	415
716	493	465	500	97	538	547
717	494	466	501	500	539	438
718	251	246	250	264	267	265
719	492	467	502	301	540	453
720	126	154	354	16	551	374
721	277	266	276	278	396	293
722	460	441	472	466	507	509
723	122	137	48	417	460	500
724	408	393	442	407	448	501
725	126	392	443	406	348	502
726	459	440	468	463	504	440
727	458	214	469	464	505	503
728	130	399	435	224	454	504
729	422	239	242	348	468	505
730	450	425	92	444	172	506
731	122	137	457	447	84	507
732	450	425	96	159	498	506
733	438	426	459	446	147	508
734	457	439	470	465	506	513
735	441	415	418	430	446	512
736	463	444	471	469	511	511
737	86	94	89	88	92	510
738	229	443	348	347	509	516
739	462	186	184	468	508	515
740	452	12	96	443	487	514
741	212	216	467	467	84	518
742	461	442	466	180	510	517
743	163	479	96	516	96	556
744	194	172	378	198	96	158
745	54	57	54	55	108	56
746	194	172	378	96	407	158
747	370	361	372	347	400	98
748	368	360	371	159	398	396
749	163	102	96	159	174	402
750	370	361	96	347	400	98
751	97	490	100	100	102	102
752	516	163	377	347	174	169
753	517	491	542	531	565	560
754	518	479	96	532	97	561
755	519	267	543	533	398	96
756	194	492	159	534	400	562
757	520	493	544	535	566	563
758	521	233	297	347	323	317
759	439	494	372	94	567	564
760	522	495	96	536	583	565
761	151	12	545	537	185	566
762	523	490	100	100	102	102
763	524	496	546	538	584	567
764	525	497	548	157	576	289
765	507	481	528	518	396	571
766	426	413	529	426	568	437
767	508	253	405	519	547	551
768	239	143	236	388	253	242
769	270	143	160	97	273	572
770	477	253	513	508	542	573
771	476	448	530	520	569	574
772	509	482	531	521	570	122
773	506	93	266	505	559	430
774	496	472	510	505	215	430
775	267	325	395	267	555	434
776	376	315	321	370	571	403
777	231	373	532	522	284	575
778	241	463	533	523	572	576
779	241	483	534	400	573	580
780	132	253	400	394	352	547
781	510	484	535	524	559	577
782	132	466	256	525	574	161
783	504	253	324	394	552	101
784	94	471	390	380	575	103
785	511	485	536	526	576	578
786	94	103	347	97	100	99
787	508	249	537	325	577	551
788	132	253	268	527	578	101
789	512	486	538	377	579	408
790	241	487	539	522	580	579
791	513	372	540	528	581	580
792	514	488	541	529	582	581
793	515	489	71	530	587	437
794	501	253	513	508	542	573
795	496	472	510	505	591	430
796	132	466	256	525	590	161
797	267	470	395	267	563	160
798	388	372	514	382	424	417
799	500	475	160	505	281	272
800	503	325	515	394	457	557
801	504	476	324	394	552	101
802	491	143	517	510	537	413
803	505	375	160	514	554	274
804	503	325	519	394	246	557
805	241	262	520	515	564	407
806	241	93	522	511	556	558
807	263	143	523	262	557	162
808	256	253	268	393	558	101
809	401	253	392	512	558	513
810	279	325	524	513	560	559
811	132	253	256	258	277	548
812	270	262	525	269	289	285
813	152	102	96	159	97	585
814	502	143	527	509	562	584
815	264	477	516	264	440	583
816	386	478	518	541	553	586
817	324	102	96	96	174	159
818	278	267	96	96	172	294
819	170	179	96	159	185	179
820	193	502	96	159	592	587
821	530	503	92	220	593	588
822	229	12	96	159	174	173
823	404	443	96	94	488	207
824	152	94	96	96	594	159
825	152	102	96	96	594	158
826	152	314	96	159	174	585
827	529	94	553	542	252	366
828	218	504	348	543	595	589
829	93	102	96	159	407	98
830	193	102	96	544	174	158
831	229	443	372	159	488	207
832	152	314	96	159	444	589
833	152	102	96	159	130	159
834	531	505	554	545	596	590
835	439	501	550	96	592	587
836	527	171	547	539	585	568
837	477	154	549	148	537	330
838	229	233	550	159	174	158
839	193	233	377	96	252	561
840	522	498	551	540	583	570
841	163	102	377	96	97	207
842	93	367	377	96	97	402
843	229	233	96	96	408	158
844	535	267	547	539	398	568
845	477	499	96	235	537	96
846	194	494	377	96	487	216
847	439	500	495	159	444	207
848	368	109	96	546	407	207
849	370	361	96	547	400	98
850	532	1	555	548	540	591
851	533	506	7	6	402	592
852	534	1	556	549	597	591
853	368	507	550	96	598	216
854	519	267	543	550	398	96
855	536	508	167	551	173	168
856	342	179	96	94	599	593
857	537	267	557	552	249	594
858	194	96	159	534	400	216
859	538	172	550	159	592	587
860	373	365	375	366	404	400
861	482	454	141	51	129	255
862	109	156	38	223	482	458
863	383	460	327	51	204	541
864	40	457	467	141	511	361
865	418	156	64	371	395	32
866	418	156	64	371	528	49
867	110	456	369	488	384	439
868	465	21	86	321	140	11
869	223	44	127	119	411	371
870	223	273	56	117	115	362
871	339	223	127	451	411	16
872	307	295	229	451	156	44
873	340	145	127	119	51	28
874	405	310	369	51	70	44
875	480	54	110	421	462	363
876	539	511	37	555	600	597
877	540	509	559	553	601	596
878	541	510	560	554	602	596
879	543	513	562	556	604	599
880	544	514	563	557	605	600
881	542	512	561	340	603	598
882	545	515	564	558	606	601
883	546	173	565	559	607	602
884	151	314	567	560	608	246
885	93	367	96	96	252	402
886	66	517	568	561	140	223
887	547	516	566	349	609	603
888	548	110	569	562	610	604
889	719	655	724	730	181	152
890	102	656	725	731	790	767
891	720	659	729	732	793	769
892	721	660	730	733	113	770
893	722	148	731	734	67	771
894	135	662	578	736	796	773
895	637	523	124	735	341	772
896	119	664	110	737	797	775
897	147	551	110	326	798	136
898	726	665	735	738	799	776
899	729	668	697	741	646	780
900	728	117	736	739	84	777
901	502	667	737	740	341	778
902	731	670	739	743	800	782
903	232	223	229	742	462	86
904	732	300	740	737	801	783
905	733	657	741	744	802	784
906	232	671	742	745	341	785
907	42	117	467	746	641	786
908	734	122	650	747	803	787
909	732	300	740	737	809	124
910	122	137	744	734	804	789
911	169	241	599	250	805	639
912	147	313	745	326	806	136
913	126	21	746	748	188	790
914	643	672	747	617	807	791
915	443	431	701	749	808	792
916	736	673	339	750	810	484
917	737	674	572	565	811	793
918	637	523	748	735	341	772
919	556	300	613	751	812	118
920	201	676	460	94	210	794
921	108	120	113	217	814	115
922	740	365	750	474	516	122
923	568	137	457	447	816	483
924	40	137	752	734	804	789
925	746	682	280	759	818	797
926	223	576	221	225	235	538
927	68	680	753	755	794	751
928	218	625	694	701	748	735
929	317	32	319	756	228	795
930	744	17	328	17	161	386
931	745	681	754	757	817	796
932	334	327	715	758	364	358
933	152	94	96	159	164	159
934	616	122	340	760	819	798
935	687	102	92	443	752	159
936	747	683	755	761	820	799
937	641	108	95	762	639	800
938	670	500	756	687	251	726
939	110	122	115	116	26	801
940	635	12	651	240	697	703
941	195	619	757	642	743	94
942	78	85	80	79	236	82
943	348	342	367	351	641	371
944	748	543	758	763	821	802
945	170	179	377	167	488	179
946	122	271	759	764	822	803
947	749	684	760	765	823	136
948	738	154	311	148	341	330
949	201	272	101	683	611	216
950	750	685	761	766	824	779
951	135	686	110	767	825	804
952	46	687	762	126	826	805
953	214	226	302	768	827	806
954	568	688	49	768	367	333
955	169	241	763	769	262	259
956	751	102	96	96	164	158
957	752	689	312	18	336	44
958	12	431	350	770	828	776
959	450	425	96	159	172	807
960	753	690	140	771	829	808
961	68	329	733	342	232	353
962	754	691	764	772	830	809
963	68	310	303	755	794	751
964	756	239	32	774	725	49
965	757	643	766	775	692	810
966	445	539	453	684	628	724
967	670	125	756	777	251	16
968	497	473	767	506	546	811
969	733	202	367	776	831	812
970	334	327	336	339	832	358
971	758	692	768	778	143	813
972	132	693	390	508	542	814
973	169	91	586	85	90	229
974	66	694	769	779	833	229
975	308	102	101	159	179	94
976	323	253	256	378	352	415
977	66	695	87	780	834	716
978	599	696	56	781	835	362
979	616	697	110	124	225	233
980	759	698	770	782	836	815
981	760	699	769	783	837	816
982	761	664	578	224	838	817
983	304	293	772	785	840	321
984	643	700	771	784	839	818
985	751	102	96	159	244	158
986	762	125	773	786	841	16
987	68	332	341	11	345	364
988	763	92	774	406	670	819
989	151	179	198	159	252	207
990	764	701	775	224	842	820
991	340	223	721	729	787	765
992	304	293	340	345	789	363
993	87	158	723	644	232	595
994	108	120	726	217	116	115
995	145	661	152	145	156	151
996	66	657	727	49	791	143
997	108	658	728	216	792	768
998	68	310	303	18	794	751
999	723	271	280	489	795	31
1000	724	457	732	175	384	362
1001	727	221	85	124	119	383
1002	147	313	255	326	348	136
1003	346	233	348	159	172	369
1004	68	523	124	148	381	779
1005	87	158	558	222	232	595
1006	263	259	160	262	438	162
1007	730	669	738	630	532	781
1008	169	241	588	250	262	259
1009	735	148	743	79	40	788
1010	214	226	85	216	124	233
1011	415	164	507	267	541	160
1012	739	179	96	445	174	207
1013	279	143	277	279	301	295
1014	145	156	152	145	389	151
1015	194	492	159	534	400	216
1016	765	702	331	737	843	821
1017	718	654	722	787	788	766
1018	725	663	734	326	844	774
1019	718	666	722	787	788	766
1020	437	675	749	752	813	824
1021	741	678	751	753	815	823
1022	742	679	87	754	565	825
1023	743	147	143	579	462	822
1024	733	694	110	307	140	361
1025	128	273	765	659	511	775
1026	733	239	736	48	344	653
1027	87	295	558	222	232	595
1028	764	300	558	222	232	458
1029	348	342	350	531	797	371
1030	356	215	80	79	236	82
1031	479	490	775	735	718	53
1032	733	460	646	112	304	532
1033	235	215	70	79	236	82
1034	633	122	701	780	810	801
1035	635	5	578	735	691	773
1036	242	634	705	737	66	784
1037	87	24	726	685	797	476
1038	87	551	726	531	642	326
1039	87	24	726	175	642	476
1040	128	140	134	134	718	134
1041	326	158	300	574	642	182
1042	115	117	56	117	114	112
1043	115	117	120	117	124	86
1044	111	289	129	141	810	801
1045	633	694	140	531	691	365
1046	145	694	152	145	156	151
1047	87	639	558	222	232	595
1048	356	221	358	780	810	383
1049	22	117	120	780	124	112
1050	40	700	467	141	511	784
1051	722	182	761	685	691	183
1052	111	289	740	780	797	801
1053	733	117	124	117	114	112
1054	319	154	311	148	843	168
1055	766	703	776	647	845	826
1056	230	190	777	788	249	658
1057	93	12	778	544	846	173
1058	463	154	311	148	341	330
1059	229	172	377	96	408	158
1060	767	705	761	789	847	623
1061	161	267	779	696	249	658
1062	768	706	780	637	848	827
1063	769	707	781	790	849	828
1064	120	96	96	791	130	125
1065	672	179	96	159	850	696
1066	770	708	372	125	851	173
1067	690	709	96	94	97	829
1068	771	710	782	792	852	830
1069	93	364	13	96	104	317
1070	711	643	570	563	651	605
1071	712	644	536	157	778	527
1072	713	645	571	548	779	606
1073	714	646	556	564	780	607
1074	715	647	720	728	781	764
1075	449	648	572	565	782	608
1076	283	649	536	566	783	609
1077	283	650	573	567	783	610
1078	716	651	574	181	784	611
1079	381	652	575	301	785	612
1080	274	265	375	366	404	400
1081	253	247	251	181	268	614
1082	717	653	576	568	786	615
1083	276	248	252	254	269	267
1084	535	267	543	533	398	96
1085	627	179	377	445	174	207
1086	93	179	96	445	174	569
1087	774	716	551	800	853	839
1088	93	12	543	544	846	158
1089	773	479	96	347	104	94
1090	774	717	790	801	758	839
1091	775	718	791	802	855	840
1092	774	717	790	800	854	839
1093	193	494	96	96	174	207
1094	165	102	96	96	97	94
1095	229	388	372	94	488	480
1096	471	719	71	803	857	841
1097	152	94	348	96	856	159
1098	152	94	96	96	856	159
1099	223	531	312	18	336	285
1100	66	71	255	755	476	255
1101	304	293	704	403	146	321
1102	779	649	536	566	783	609
1103	714	646	536	564	780	607
1104	283	651	574	181	784	611
1105	780	221	358	224	859	239
1106	781	633	159	366	767	400
1107	779	233	372	797	860	832
1108	82	90	85	794	868	613
1109	779	265	375	366	404	400
1110	779	247	251	181	268	266
1111	779	712	785	797	861	833
1112	782	21	786	795	862	11
1113	598	431	241	796	869	383
1114	356	117	94	92	95	229
1115	779	721	457	797	132	832
1116	779	721	457	798	132	832
1117	779	76	787	797	863	834
1118	251	713	358	799	859	239
1119	712	644	356	157	778	835
1120	712	370	384	377	416	408
1121	712	644	536	157	778	836
1122	251	713	788	471	864	837
1123	776	714	789	192	865	838
1124	777	46	792	44	866	842
1125	778	720	793	184	870	843
1126	783	125	794	805	871	741
1127	784	722	795	371	462	844
1128	785	723	796	806	549	845
1129	711	643	570	563	651	846
1130	196	6	370	6	397	6
1131	229	233	96	96	252	158
1132	151	364	13	96	104	317
1133	627	179	377	347	174	207
1134	522	495	790	801	872	565
1135	93	179	96	96	873	569
1136	786	12	96	347	407	173
1137	533	731	797	6	6	592
1138	93	233	96	202	104	158
1139	519	94	96	159	97	159
1140	93	100	377	198	104	480
1141	787	732	798	807	874	847
1142	788	707	799	790	875	848
1143	152	364	96	159	97	849
1144	772	711	800	793	758	831
1145	93	102	96	808	104	159
1146	276	248	252	254	299	296
1147	217	44	473	492	467	54
1148	617	676	8	166	616	458
1149	132	318	160	329	352	346
1150	115	128	120	117	229	112
1151	512	275	334	367	443	367
1152	355	473	477	310	307	453
1153	114	115	466	518	3	384
1154	68	115	108	488	32	142
1155	66	71	224	411	233	223
1156	509	129	273	479	409	122
1157	182	193	466	45	216	377
1158	172	129	531	474	125	522
1159	119	310	22	214	344	53
1160	135	71	116	221	145	462
1161	307	455	549	112	149	54
1162	307	480	56	304	499	519
1163	480	303	452	16	26	89
1164	482	630	141	51	129	255
1165	382	369	349	301	269	453
1166	126	154	242	141	65	374
1167	465	247	432	518	497	1
1168	277	331	334	337	361	355
1169	317	460	331	92	65	229
1170	126	154	616	686	65	374
1171	785	735	812	827	891	729
1172	801	331	334	337	361	355
1173	301	367	96	96	210	402
1174	802	736	783	828	892	688
1175	229	233	96	235	252	158
1176	229	233	788	96	96	173
1177	277	266	276	278	406	293
1178	535	267	371	533	398	96
1179	768	96	813	829	893	865
1180	803	57	173	172	895	56
1181	804	369	814	301	896	608
1182	194	737	159	830	400	216
1183	772	711	783	793	895	831
1184	772	711	783	793	894	831
1185	151	367	96	96	172	98
1186	93	162	377	96	174	207
1187	533	6	7	205	6	210
1188	229	172	378	544	174	158
1189	565	179	664	198	174	207
1190	229	172	778	96	96	158
1191	533	506	797	6	886	592
1192	201	94	200	159	394	205
1193	805	700	815	832	897	867
1194	194	96	159	833	400	216
1195	324	102	377	96	96	868
1196	237	504	816	834	898	587
1197	193	94	96	831	208	866
1198	93	233	96	96	104	158
1199	401	739	348	835	104	745
1200	749	738	367	836	262	323
1201	522	495	790	801	758	565
1202	774	527	551	800	583	839
1203	522	715	790	540	899	570
1204	775	740	817	837	900	870
1205	806	128	818	838	901	871
1206	93	233	819	96	96	158
1207	533	6	7	205	902	210
1208	820	176	808	847	918	176
1209	820	741	472	839	903	872
1210	17	28	29	840	26	28
1211	101	108	99	841	104	656
1212	821	742	807	842	904	873
1213	198	12	808	198	174	94
1214	268	253	132	527	578	874
1215	304	243	309	309	161	324
1216	617	561	606	577	227	87
1217	822	743	574	576	905	350
1218	313	744	95	316	337	875
1219	823	745	809	843	906	876
1220	578	746	377	49	907	877
1221	824	747	810	844	250	658
1222	96	102	152	457	97	159
1223	200	12	452	443	487	94
1224	825	425	450	159	97	807
1225	377	233	342	638	917	723
1226	92	425	450	444	172	233
1227	826	154	811	148	908	233
1228	827	748	812	845	909	878
1229	636	12	612	241	679	587
1230	311	154	813	148	910	330
1231	195	162	93	96	677	98
1232	334	331	814	337	361	355
1233	828	749	815	411	124	879
1234	390	250	323	395	911	728
1235	92	96	816	347	912	94
1236	252	248	276	254	269	853
1237	372	179	404	347	210	173
1238	188	750	817	846	913	880
1239	89	751	768	595	914	675
1240	829	488	818	842	915	881
1241	93	179	96	198	97	159
1242	201	208	839	633	218	205
1243	785	259	812	827	928	729
1244	439	429	198	198	174	207
1245	368	100	372	537	394	207
1246	194	172	96	235	407	158
1247	830	691	840	859	929	893
1248	592	761	453	582	613	622
1249	555	743	841	576	930	894
1250	93	102	92	96	97	98
1251	93	102	96	159	97	159
1252	93	179	96	347	97	159
1253	93	179	96	159	97	159
1254	267	762	403	511	931	895
1255	151	179	198	167	252	207
1256	690	179	96	202	592	96
1257	526	154	549	148	586	330
1258	193	233	377	96	252	569
1259	151	562	198	198	252	207
1260	359	17	842	860	932	896
1261	831	162	843	167	755	158
1262	672	96	664	235	398	317
1263	565	429	198	198	174	96
1264	93	314	620	560	933	197
1265	832	631	96	861	96	96
1266	151	172	657	198	97	216
1267	169	691	764	862	929	897
1268	93	179	198	198	97	159
1269	833	472	844	863	934	898
1270	834	12	92	864	398	170
1271	528	499	96	235	588	96
1272	583	763	372	347	174	397
1273	835	764	56	865	935	899
1274	549	100	96	235	398	96
1275	194	494	377	96	589	216
1276	249	765	845	866	727	900
1277	439	500	552	159	444	207
1278	262	257	846	266	100	901
1279	521	766	847	159	323	902
1280	521	109	348	867	174	197
1281	536	508	860	551	173	168
1282	401	767	848	868	936	903
1283	537	774	557	552	249	594
1284	152	179	96	347	97	159
1285	842	251	861	881	954	918
1286	132	768	534	400	415	732
1287	496	325	310	541	937	547
1288	369	597	849	445	938	904
1289	83	91	86	723	90	381
1290	93	172	96	347	97	216
1291	836	769	850	869	249	905
1292	843	775	16	882	955	919
1293	233	310	138	224	939	906
1294	616	289	110	175	393	907
1295	161	190	851	595	249	908
1296	201	102	657	198	940	158
1297	837	325	852	870	506	909
1298	500	143	261	396	941	276
1299	838	691	764	871	942	910
1300	521	172	198	198	174	569
1301	198	179	664	347	210	207
1302	14	80	14	13	79	78
1303	74	81	77	76	80	79
1304	132	144	99	138	100	436
1305	241	105	853	245	943	911
1306	839	143	508	245	352	912
1307	93	314	620	560	210	197
1308	75	82	78	20	81	80
1309	76	83	39	77	82	81
1310	805	770	854	872	944	618
1311	93	102	96	457	97	159
1312	77	84	79	78	83	82
1313	78	85	80	79	84	83
1314	79	86	81	80	85	84
1315	66	87	82	81	86	85
1316	565	314	96	873	733	98
1317	304	48	56	874	225	321
1318	521	179	188	159	210	207
1319	830	234	819	683	916	616
1320	80	88	83	82	87	86
1321	151	172	198	198	252	207
1322	194	102	855	159	97	745
1323	839	143	508	245	945	912
1324	81	89	84	83	88	87
1325	102	113	102	107	110	108
1326	115	117	124	117	114	112
1327	115	117	120	117	124	112
1328	151	179	348	198	252	207
1329	196	163	7	6	6	6
1330	94	103	347	875	946	913
1331	115	229	110	229	124	242
1332	115	117	120	117	248	251
1333	132	143	238	388	947	914
1334	651	743	856	876	764	915
1335	93	314	620	560	948	197
1336	236	108	232	239	96	253
1337	439	429	198	167	398	96
1338	93	102	96	347	172	587
1339	163	102	96	96	97	161
1340	282	272	96	159	97	216
1341	338	331	334	337	361	255
1342	97	456	154	84	225	460
1343	268	261	505	268	949	416
1344	201	771	101	683	611	738
1345	248	240	857	877	261	155
1346	279	772	519	513	560	559
1347	565	429	198	167	174	207
1348	383	198	199	199	225	187
1349	43	35	33	27	71	25
1350	205	115	208	209	122	214
1351	565	429	198	198	398	96
1352	132	253	324	878	552	916
1353	533	506	362	6	503	210
1354	511	473	511	506	546	555
1355	93	364	374	445	104	317
1356	198	233	101	167	174	744
1357	190	6	370	6	6	6
1358	565	233	377	347	174	744
1359	840	253	405	879	950	551
1360	218	364	374	96	104	317
1361	196	6	184	6	387	6
1362	533	510	370	6	397	6
1363	95	624	685	700	705	738
1364	298	407	355	45	3	174
1365	367	6	184	6	387	6
1366	125	273	369	323	129	387
1367	204	198	196	195	204	199
1368	659	752	689	848	652	882
1369	66	230	87	488	145	52
1370	97	106	100	345	344	53
1371	317	89	319	322	155	426
1372	69	473	476	473	576	453
1373	339	156	127	451	411	16
1374	66	151	154	531	225	462
1375	375	365	379	369	409	122
1376	831	753	821	849	919	883
1377	68	226	452	483	511	124
1378	49	67	135	92	151	378
1379	212	216	302	213	124	220
1380	125	271	139	323	476	54
1381	242	139	473	92	303	488
1382	517	136	151	453	532	32
1383	625	754	822	852	920	884
1384	463	303	369	397	138	410
1385	800	733	379	825	889	527
1386	92	94	823	851	921	317
1387	252	248	276	254	299	853
1388	96	100	218	159	398	173
1389	96	367	152	159	97	402
1390	261	383	398	245	100	430
1391	574	755	69	852	922	885
1392	832	102	188	853	96	257
1393	281	756	824	854	923	157
1394	782	710	771	792	404	830
1395	833	757	825	855	924	886
1396	834	540	633	593	620	887
1397	483	482	826	518	540	888
1398	835	758	827	842	925	889
1399	836	759	92	856	93	890
1400	837	5	828	857	926	891
1401	838	760	829	858	927	892
1402	335	175	173	172	951	175
1403	194	172	96	873	952	706
1404	841	207	96	368	667	294
1405	251	773	858	880	953	917
1406	775	740	859	837	900	870
1407	522	717	790	800	899	839
1408	93	102	96	808	104	569
1409	774	717	790	800	872	839
1410	93	102	96	808	96	159
1411	93	179	96	445	104	569
1412	522	495	790	801	583	565
1413	93	179	862	96	174	207
1414	845	12	96	198	407	921
1415	93	777	377	96	407	158
1416	370	100	96	650	398	173
1417	206	162	96	159	97	94
1418	496	143	310	541	937	547
1419	401	143	261	396	941	276
1420	470	244	485	880	283	148
1421	277	246	481	264	370	635
1422	470	244	485	880	283	275
1423	436	418	413	48	956	471
1424	491	318	812	306	753	732
1425	251	246	385	471	321	524
1426	496	778	310	541	937	547
1427	846	143	261	396	941	276
1428	470	779	863	884	957	922
1429	847	246	864	264	370	923
1430	504	250	324	394	552	430
1431	848	780	865	885	958	924
1432	849	318	812	886	959	925
1433	850	246	866	887	960	926
1434	404	179	664	198	174	207
1435	775	740	859	172	900	870
1436	91	12	603	198	185	658
1437	91	12	603	198	635	647
1438	91	100	96	94	408	96
1439	93	94	553	550	593	366
1440	93	100	96	706	174	480
1441	93	102	96	652	97	159
1442	93	179	198	198	252	207
1443	93	213	96	347	498	569
1444	99	108	101	102	104	656
1445	151	172	198	167	252	207
1446	151	179	101	198	252	207
1447	151	179	198	167	712	207
1448	151	179	198	198	96	207
1449	151	179	198	198	210	207
1450	151	179	198	347	252	207
1451	151	233	96	198	408	197
1452	151	233	699	347	408	747
1453	151	608	377	96	179	566
1454	152	102	96	159	97	159
1455	152	102	96	532	758	745
1456	161	190	598	595	629	587
1457	163	367	96	94	398	402
1458	170	179	177	94	185	593
1459	193	94	96	542	593	366
1460	193	162	195	652	593	197
1461	194	367	680	159	97	402
1462	198	12	96	159	174	197
1463	198	12	96	621	174	197
1464	198	179	96	94	174	197
1465	198	179	372	94	614	96
1466	198	521	96	347	174	197
1467	198	590	348	235	706	317
1468	198	617	580	94	614	96
1469	201	179	655	662	104	705
1470	201	208	204	633	394	205
1471	201	213	92	569	611	216
1472	201	213	101	603	611	216
1473	201	213	101	683	611	216
1474	201	479	693	347	677	690
1475	206	162	631	634	593	197
1476	206	429	348	198	210	207
1477	218	190	696	705	751	587
1478	218	233	96	96	398	170
1479	218	429	198	198	174	96
1480	218	479	348	159	595	207
1481	218	577	188	645	685	680
1482	234	12	661	666	709	561
1483	234	580	231	653	671	561
1484	234	621	89	699	746	737
1485	236	615	95	692	738	340
1486	342	233	343	638	210	96
1487	366	109	368	682	394	640
1488	366	109	600	159	394	640
1489	368	101	96	638	711	207
1490	368	109	348	624	174	197
1491	368	179	96	347	714	641
1492	762	117	742	344	447	850
1493	368	179	372	94	647	207
1494	368	179	603	625	394	207
1495	368	179	664	159	210	96
1496	368	179	718	727	777	207
1497	368	206	96	648	210	207
1498	368	233	96	445	210	207
1499	368	367	96	536	185	402
1500	368	598	96	662	713	711
1501	368	598	689	532	740	173
1502	368	610	96	532	96	96
1503	401	588	92	186	721	170
1504	404	179	672	675	394	658
1505	404	233	96	445	488	480
1506	404	388	372	458	488	480
1507	439	12	92	368	680	692
1508	439	102	96	457	174	402
1509	439	429	198	198	174	96
1510	439	588	96	578	588	170
1511	439	596	96	365	444	207
1512	450	425	96	159	172	216
1513	452	12	200	443	487	94
1514	452	233	200	443	667	94
1515	452	233	200	626	667	679
1516	519	233	96	159	97	159
1517	537	12	662	667	710	644
1518	537	571	636	637	679	644
1519	549	100	577	235	398	96
1520	549	518	577	235	398	96
1521	550	12	188	571	249	616
1522	560	528	581	202	616	625
1523	565	179	96	457	742	197
1524	565	179	348	198	252	207
1525	565	179	645	94	210	207
1526	565	179	645	94	690	207
1527	565	233	96	94	757	744
1528	565	233	96	96	177	158
1529	565	233	96	159	174	744
1530	565	233	96	347	174	197
1531	565	233	96	347	174	744
1532	565	233	372	347	174	744
1533	565	233	693	159	174	197
1534	565	429	198	198	174	207
1535	851	781	867	888	961	186
1536	93	233	778	96	174	207
1537	565	564	620	543	662	216
1538	565	567	96	445	671	684
1539	565	617	96	159	174	674
1540	565	617	96	347	174	569
1541	229	96	96	235	96	173
1542	565	617	372	347	174	197
1543	565	617	600	347	174	197
1544	565	622	96	347	174	744
1545	567	532	188	662	97	593
1546	572	179	645	235	671	207
1547	580	12	372	597	631	480
1548	581	12	601	598	632	644
1549	581	12	702	598	632	644
1550	583	617	96	159	174	197
1551	587	96	92	603	638	649
1552	588	96	101	604	639	651
1553	588	632	706	713	765	393
1554	602	96	125	125	130	125
1555	608	500	619	240	661	675
1556	609	563	96	347	398	246
1557	610	12	601	598	774	644
1558	610	108	621	220	663	676
1559	610	529	582	580	617	626
1560	610	640	714	537	773	712
1561	612	109	92	235	394	170
1562	613	12	625	624	666	678
1563	614	213	96	627	398	680
1564	619	12	664	159	595	173
1565	619	564	96	543	662	216
1566	620	568	632	624	674	687
1567	621	602	96	445	676	170
1568	621	602	634	445	676	689
1569	623	12	188	368	680	692
1570	627	267	96	642	684	696
1571	627	627	101	704	750	216
1572	628	502	619	643	685	697
1573	631	502	642	650	592	587
1574	634	585	649	656	694	702
1575	640	588	96	664	703	170
1576	641	96	657	308	704	706
1577	642	589	658	368	705	94
1578	647	179	198	198	252	207
1579	648	595	188	668	685	709
1580	650	597	663	670	249	710
1581	652	599	96	445	210	480
1582	653	600	667	671	716	712
1583	656	601	668	673	719	96
1584	658	179	96	650	210	207
1585	660	213	620	676	723	715
1586	664	429	96	198	174	207
1587	664	429	198	198	174	207
1588	666	190	679	720	251	723
1589	666	190	679	720	772	723
1590	669	96	682	308	614	725
1591	670	500	683	687	251	726
1592	671	234	684	688	732	727
1593	672	314	96	159	733	98
1594	673	611	168	689	735	216
1595	679	619	92	368	743	734
1596	680	625	694	701	748	735
1597	681	267	690	696	744	561
1598	683	162	692	698	177	197
1599	683	611	708	167	400	216
1600	684	96	695	702	212	726
1601	685	623	101	361	747	340
1602	685	624	95	700	705	738
1603	686	626	13	703	749	739
1604	690	629	96	532	96	96
1605	690	631	96	94	394	96
1606	691	589	636	368	755	742
1607	693	625	698	707	759	746
1608	695	96	92	707	762	94
1609	699	101	705	711	747	752
1610	701	633	159	460	767	754
1611	703	109	348	624	174	197
1612	703	109	348	669	174	197
1613	703	233	348	159	376	389
1614	681	207	878	901	667	294
1615	703	637	713	668	251	758
1616	704	638	101	443	770	759
1617	705	213	101	719	611	216
1618	94	103	347	97	771	430
1619	96	373	596	592	457	637
1620	132	262	211	162	753	740
1621	231	143	644	236	246	427
1622	241	103	654	661	700	430
1623	241	144	622	97	253	430
1624	267	164	395	388	687	415
1625	376	253	710	266	98	756
1626	385	616	405	266	739	731
1627	390	325	318	380	541	732
1628	391	315	238	714	766	279
1629	415	469	431	267	457	545
1630	496	472	510	505	730	430
1631	503	613	687	269	542	101
1632	654	250	321	255	717	269
1633	674	143	685	690	736	728
1634	675	612	686	691	737	729
1635	697	437	703	710	98	580
1636	250	243	157	646	734	699
1637	250	243	247	249	741	699
1638	309	557	330	613	652	665
1639	332	432	448	454	496	17
1640	334	327	707	339	364	358
1641	554	524	579	575	364	620
1642	555	525	609	576	161	621
1643	562	530	583	581	618	627
1644	573	534	593	587	625	633
1645	574	535	594	588	626	634
1646	584	543	18	600	634	646
1647	591	549	607	607	643	655
1648	593	17	609	17	645	659
1649	604	525	615	618	261	670
1650	607	525	618	155	659	673
1651	624	573	246	639	681	693
1652	639	524	656	663	702	17
1653	644	592	659	454	161	350
1654	651	17	665	17	161	386
1655	651	322	675	454	727	719
1656	651	578	18	649	688	700
1657	689	628	448	19	754	699
1658	700	243	313	712	764	753
1659	707	641	715	724	775	761
1660	708	243	618	725	652	762
1661	709	17	716	310	358	325
1662	632	579	643	651	689	527
1663	413	401	413	412	761	749
1664	551	520	413	572	449	617
1665	571	416	591	586	623	632
1666	575	536	595	589	471	635
1667	582	542	602	599	633	645
1668	585	544	604	601	636	648
1669	597	553	611	610	648	662
1670	622	570	635	636	678	691
1671	626	575	639	641	683	477
1672	659	603	671	674	722	714
1673	661	604	641	430	446	466
1674	661	604	673	677	724	466
1675	662	606	434	679	726	717
1676	665	607	678	681	728	722
1677	615	566	626	628	668	681
1678	694	566	700	708	760	748
1679	559	527	719	540	615	624
1680	12	403	666	416	715	630
1681	327	32	223	622	660	652
1682	327	540	592	583	624	630
1683	327	560	666	617	656	669
1684	327	587	223	582	656	698
1685	443	32	223	622	673	718
1686	445	403	223	416	458	489
1687	445	539	223	591	628	652
1688	445	539	453	582	628	643
1689	445	546	223	582	640	652
1690	445	572	453	416	628	75
1691	445	572	453	721	640	75
1692	445	572	637	416	628	75
1693	445	581	453	654	628	75
1694	556	526	453	582	613	622
1695	563	531	584	582	620	628
1696	577	540	597	593	624	630
1697	579	541	223	596	630	642
1698	590	548	666	606	642	654
1699	590	548	666	620	642	654
1700	596	403	223	416	458	724
1701	618	403	630	632	673	686
1702	633	584	648	129	693	75
1703	645	593	453	416	628	75
1704	649	531	592	694	89	733
1705	649	539	223	632	628	75
1706	657	545	605	579	720	650
1707	657	545	670	579	720	650
1708	706	584	592	722	613	622
1709	323	569	633	635	675	688
1710	601	558	640	647	619	667
1711	522	717	790	202	976	839
1712	93	233	96	202	975	158
1713	617	555	163	611	650	682
1714	617	559	163	615	654	682
1715	710	642	163	726	776	763
1716	17	154	653	660	699	374
1717	38	634	709	716	768	755
1718	40	574	80	640	682	694
1719	66	71	110	411	224	223
1720	66	71	300	685	140	53
1721	66	91	677	85	90	381
1722	66	145	650	658	696	535
1723	66	538	110	215	224	223
1724	66	605	87	678	725	716
1725	68	583	646	304	692	701
1726	82	91	647	655	90	229
1727	115	117	56	117	124	112
1728	122	319	623	330	664	677
1729	126	48	48	411	384	721
1730	126	71	110	215	224	223
1731	137	91	586	85	90	229
1732	138	586	32	657	695	32
1733	169	241	542	531	348	259
1734	169	241	599	250	383	639
1735	213	92	628	630	670	683
1736	213	217	697	715	649	483
1737	214	522	302	216	124	233
1738	217	223	717	219	114	229
1739	219	48	48	411	658	672
1740	317	89	319	322	228	760
1741	364	551	367	363	393	392
1742	364	551	367	363	393	661
1743	552	523	669	574	144	114
1744	553	300	85	46	227	619
1745	557	409	688	577	228	112
1746	558	223	302	579	124	623
1747	561	91	674	573	90	618
1748	564	391	585	631	621	629
1749	564	635	711	717	90	672
1750	564	639	711	717	621	118
1751	566	91	587	573	90	229
1752	568	241	588	250	262	259
1753	569	533	589	584	622	334
1754	570	91	590	585	84	631
1755	576	537	473	590	627	636
1756	578	71	110	594	224	638
1757	586	300	340	602	637	143
1758	589	547	606	605	641	653
1759	592	550	608	608	644	657
1760	594	552	610	609	646	660
1761	595	223	467	582	646	244
1762	598	300	629	631	672	685
1763	598	554	612	630	649	663
1764	599	556	127	612	651	664
1765	600	300	613	614	653	666
1766	603	540	614	616	655	668
1767	605	125	616	619	657	671
1768	606	561	617	577	227	87
1769	611	565	624	623	665	619
1770	616	230	627	629	669	638
1771	625	223	638	219	229	695
1772	629	147	239	644	686	623
1773	630	576	56	495	225	698
1774	636	92	652	659	698	704
1775	637	551	367	116	701	392
1776	638	576	151	495	84	698
1777	643	591	340	614	707	707
1778	646	594	660	665	708	708
1779	649	300	85	46	227	619
1780	649	519	578	570	612	87
1781	655	523	669	672	718	713
1782	655	582	669	672	691	114
1783	663	426	676	680	147	720
1784	667	351	660	222	729	432
1785	668	609	681	686	731	560
1786	676	614	688	322	359	730
1787	677	91	711	693	90	229
1788	682	620	691	697	745	736
1789	688	92	697	630	670	741
1790	692	73	70	348	756	743
1791	696	630	701	709	763	750
1792	698	125	704	175	86	751
1793	702	636	712	718	769	757
1794	21	20	21	890	18	20
1795	480	782	868	891	962	75
1796	418	273	869	892	963	927
1797	852	783	870	893	964	928
1798	853	143	871	386	965	732
1799	2	2	872	2	966	2
1800	854	784	873	894	967	929
1801	471	785	874	895	968	930
1802	463	786	278	896	843	931
1803	480	457	489	487	969	932
1804	213	217	697	630	649	933
1805	561	91	674	573	90	229
1806	311	298	154	311	225	326
1807	123	787	106	897	113	934
1808	638	125	761	786	841	16
1809	855	94	89	88	92	91
1810	170	179	198	198	398	179
1811	856	627	875	898	212	935
1812	857	788	535	258	970	936
1813	213	789	610	818	971	937
1814	858	488	876	899	972	938
1815	20	19	20	19	973	19
1816	859	790	337	900	652	155
1817	860	791	877	118	974	939
1818	402	792	879	902	977	940
1819	861	5	48	602	978	941
1820	10	793	10	9	9	9
1821	862	794	880	903	979	942
1822	198	179	664	638	104	905
1823	863	795	881	904	980	943
1824	864	796	882	474	981	527
1825	152	367	96	159	97	402
1826	865	797	883	905	982	944
1827	659	604	884	906	724	945
1828	866	798	885	907	983	946
1829	480	457	489	908	984	53
1830	867	799	886	909	985	947
1831	868	789	610	577	225	948
1832	13	12	13	12	12	658
1833	565	102	96	96	594	159
1834	869	766	694	159	212	215
1835	612	12	887	241	679	587
1836	132	466	888	525	986	161
1837	301	102	96	159	164	159
1838	376	325	889	910	291	949
1839	370	233	377	96	408	950
1840	326	657	890	742	511	560
1841	870	801	891	911	988	951
1842	480	457	892	577	989	952
1843	17	154	354	16	353	374
1844	130	273	893	912	987	953
1845	871	471	519	913	334	954
1846	872	802	894	914	990	955
1847	8	7	8	7	7	956
1848	873	803	895	915	117	957
1849	874	804	896	916	991	958
1850	271	103	812	161	166	161
1851	875	170	897	166	992	565
1852	814	331	334	337	361	355
1853	876	805	898	46	993	959
1854	877	806	899	917	994	960
1855	878	807	141	343	995	961
1856	119	808	900	918	996	40
1857	879	800	901	919	80	181
1858	880	96	902	700	997	962
1859	764	809	467	224	998	963
1860	236	102	101	308	96	723
1861	537	774	557	701	249	594
1862	561	91	586	573	90	229
1863	565	810	96	347	742	197
1864	19	18	903	18	999	18
1865	881	164	160	920	457	160
1866	882	811	280	921	1000	964
1867	883	812	904	922	1001	229
1868	690	631	96	457	1002	96
1869	616	158	905	923	1003	751
1870	884	813	906	549	1004	965
1871	554	243	907	924	1005	620
1872	885	48	48	323	345	339
1873	886	463	99	925	1006	966
1874	509	482	483	926	1007	967
1875	68	154	311	124	353	779
1876	87	814	85	92	1008	968
1877	401	315	908	395	1009	969
1878	887	815	323	927	1010	970
1879	583	617	348	928	174	197
1880	201	314	96	347	174	569
1881	334	327	579	339	364	358
1882	565	314	96	159	733	98
1883	236	615	95	930	93	972
1884	889	817	349	931	377	973
1885	890	551	367	363	393	392
1886	606	561	910	932	1011	791
1887	335	818	547	933	1012	974
1888	891	89	911	934	1013	975
1889	565	521	372	347	174	197
1890	565	233	96	96	174	98
1891	651	243	247	935	741	699
1892	892	442	739	743	1014	976
1893	893	819	912	936	1015	977
1894	93	162	664	445	1016	158
1895	152	102	96	634	185	216
1896	894	108	878	94	1017	167
1897	895	820	174	937	1018	176
1898	151	102	96	198	407	98
1899	896	821	913	938	1019	978
1900	132	437	396	386	1020	729
1901	418	273	869	892	1021	927
1902	14	822	14	13	1022	13
1903	830	823	764	939	1023	910
1904	683	824	89	698	177	723
1905	897	825	96	650	398	587
1906	93	102	96	159	394	216
1907	522	826	719	800	1024	570
1908	93	179	377	532	174	159
1909	898	655	724	940	181	979
1910	15	827	15	14	1025	14
1911	451	828	914	145	1026	980
1912	899	829	915	941	1027	981
1913	900	246	272	264	1028	982
1914	236	625	92	308	1029	479
1915	901	830	916	942	1030	983
1916	170	179	198	167	185	179
1917	902	136	917	943	1031	984
1918	155	168	164	164	169	985
1919	381	370	538	377	1032	408
1920	161	267	918	696	1033	658
1921	903	831	919	944	1034	986
1922	151	179	198	308	252	207
1923	904	832	920	199	1035	987
1924	905	91	86	723	90	381
1925	906	833	921	264	1036	988
1926	218	834	625	552	772	402
1927	907	572	688	945	1011	799
1928	908	835	922	349	1037	398
1929	909	836	923	946	1038	35
1930	370	100	377	536	398	173
1931	830	823	584	947	1039	989
1932	151	179	198	198	97	207
1933	910	650	573	948	783	610
1934	94	262	88	162	753	740
1935	218	837	92	443	1040	990
1936	381	370	538	949	579	408
1937	559	527	719	950	1041	624
1938	911	838	663	103	1042	991
1939	123	839	924	951	1043	992
1940	912	840	925	952	1044	993
1941	241	250	238	245	255	253
1942	94	143	347	97	98	99
1943	703	100	92	652	846	158
1944	435	842	926	344	1046	995
1945	913	843	927	953	1047	996
1946	91	844	96	532	398	96
1947	683	162	642	634	400	480
1948	736	230	928	954	1048	652
1949	914	12	696	955	772	997
1950	915	594	747	411	1049	998
1951	256	325	253	255	542	269
1952	123	841	373	286	1045	994
1953	916	150	146	144	150	145
1954	262	845	318	246	100	999
1955	917	171	860	956	585	568
1956	218	750	188	957	1050	1000
1957	918	233	348	159	376	389
1958	919	846	929	958	1051	1001
1959	920	847	11	10	10	10
1960	9	8	9	8	8	1002
1961	921	551	367	959	1052	1003
1962	334	848	930	960	1053	1004
1963	922	849	931	961	1054	1005
1964	923	503	198	198	1055	990
1965	924	139	932	962	529	1006
1966	925	850	171	963	1056	1007
1967	926	12	636	534	679	1008
1968	927	234	168	664	1057	616
1969	928	431	624	964	1058	129
1970	38	851	467	965	1059	1009
1971	82	273	933	750	225	1010
1972	708	790	675	966	1060	1011
1973	2	2	934	2	2	2
1974	929	852	935	967	239	801
1975	16	15	16	15	1061	1012
1976	930	662	215	968	1062	488
1977	296	286	294	300	405	315
1978	931	243	583	969	1063	1013
1979	689	853	313	970	1064	699
1980	932	854	292	971	317	1014
1981	95	744	313	316	337	875
1982	641	108	95	762	1065	800
1983	933	294	321	388	1066	1015
1984	157	170	166	166	171	1016
1985	598	554	697	630	649	483
1986	934	855	936	49	1067	1017
1987	935	50	937	972	1068	334
1988	936	551	938	81	1069	1018
1989	401	856	99	973	1070	1019
1990	756	539	939	974	1071	619
1991	541	510	560	554	1072	596
1992	689	543	157	646	734	659
1993	153	256	161	161	166	161
1994	743	230	154	579	260	652
1995	733	299	746	51	128	318
1996	307	455	549	767	149	784
1997	735	148	743	644	40	788
1998	791	406	367	836	980	371
1999	119	664	60	737	910	775
2000	600	300	613	405	869	143
2001	348	342	350	219	70	371
2002	712	449	874	975	1073	1020
2003	140	149	141	64	1074	1021
2004	784	657	940	49	791	1022
2005	937	857	941	976	1075	1023
2006	108	808	900	918	341	40
2007	938	858	942	565	1076	157
2008	108	289	736	977	897	777
2009	317	89	319	978	228	760
2010	939	859	943	979	149	1024
2011	940	860	483	980	1077	1025
2012	941	91	127	981	90	1026
2013	348	862	350	351	1078	371
2014	307	635	944	617	1079	1027
2015	353	861	945	723	897	49
2016	942	273	946	5	1080	48
2017	348	342	947	982	897	371
