ST	arcC	aroE	gtr	mutS	pyrR	tpiA	yqiL	clonal_complex
1	1	2	2	2	1	1	10	
2	7	1	2	2	4	1	1	
3	1	2	2	2	1	3	10	
4	1	1	6	6	2	1	1	
5	1	1	1	2	2	1	1	
6	1	1	2	2	2	1	1	
7	1	1	1	2	4	1	1	
8	2	1	7	1	1	1	1	
9	1	2	2	2	2	1	1	
10	1	1	1	1	3	1	1	
11	3	1	5	5	3	4	11	
12	2	6	2	1	1	3	1	
13	2	1	7	1	1	3	1	
14	1	1	2	1	1	1	1	
15	3	3	5	15	3	15	12	
16	2	1	2	2	15	1	1	
17	1	1	6	2	2	1	1	
18	3	5	5	15	11	4	11	
19	8	7	12	4	12	2	2	
20	1	1	2	2	1	1	3	
21	2	1	1	2	1	1	1	
22	7	1	2	2	4	7	1	
23	7	1	2	1	3	3	1	
24	3	1	5	5	11	16	11	
25	1	6	2	1	1	1	3	
26	1	2	2	1	1	3	1	
27	1	2	2	2	2	3	1	
28	7	1	2	2	4	3	1	
29	1	2	2	2	16	3	10	
30	1	6	2	1	1	3	3	
31	1	6	2	1	1	3	10	
32	1	1	7	1	3	5	14	
33	12	10	5	5	13	5	21	
34	1	1	2	2	1	13	3	
35	2	1	2	2	4	1	1	
36	11	6	2	1	1	13	1	
37	18	1	5	5	11	4	20	
38	1	2	2	5	1	1	10	
39	22	1	5	5	10	13	12	
40	1	1	2	1	3	1	1	
41	1	1	1	1	3	1	11	
42	1	6	2	1	1	13	1	
43	7	1	2	2	1	1	1	
44	1	6	6	2	1	1	1	
45	20	1	2	2	4	1	1	
46	1	1	1	2	2	1	7	
47	12	1	5	5	13	5	21	
48	7	1	2	2	4	1	4	
49	12	1	5	5	3	4	20	
50	3	1	5	5	3	4	4	
51	7	1	2	2	1	1	8	
52	2	2	1	2	1	1	1	
53	3	1	5	5	11	4	11	
54	1	1	2	2	4	1	1	
55	1	2	1	1	2	1	10	
56	8	15	9	11	9	10	13	
57	1	1	1	1	2	1	1	
58	1	1	2	2	2	13	1	
59	2	1	1	1	2	1	1	
60	1	1	2	6	2	1	16	
61	2	1	6	6	2	1	1	
62	3	21	5	5	3	4	4	
63	22	1	2	2	4	13	1	
64	12	1	5	5	11	4	20	
65	1	19	17	4	9	10	2	
66	12	3	5	5	7	14	11	
67	7	1	18	2	4	1	1	
68	12	3	5	5	7	1	11	
69	1	18	6	2	2	1	1	
70	7	1	2	2	14	7	1	
71	3	1	5	5	3	1	11	
72	8	2	2	4	9	6	9	
73	1	5	2	6	2	1	6	
74	7	1	2	12	4	1	1	
75	7	1	2	2	4	13	1	
76	7	1	2	14	4	1	1	
77	23	1	1	2	2	1	1	
78	21	1	2	2	4	13	1	
79	21	1	2	1	3	3	1	
80	21	1	2	2	4	1	1	
81	2	17	1	1	2	1	1	
82	17	20	5	5	3	4	4	
83	1	2	1	2	1	1	10	
84	12	2	5	5	3	4	20	
85	1	1	2	2	1	1	1	
86	1	2	2	1	1	1	1	
87	7	1	1	2	2	1	1	
88	1	1	2	1	2	1	7	
89	1	1	2	1	2	1	1	
90	16	1	2	1	2	12	1	
91	1	1	2	2	20	1	18	
92	12	25	5	5	7	5	4	
93	1	13	2	2	21	1	7	
94	1	1	6	20	2	1	1	
95	2	1	2	2	15	1	2	
96	1	6	1	6	2	1	1	
97	60	52	2	2	2	1	3	
98	1	2	2	5	17	1	10	
99	1	1	1	6	2	1	10	
100	2	1	1	2	20	1	1	
101	1	1	2	5	2	1	1	
102	1	1	2	6	2	11	10	
103	1	13	2	2	21	16	7	
104	1	1	1	1	20	1	1	
105	2	1	1	1	20	1	1	
106	1	1	2	19	2	16	19	
107	1	1	20	6	21	16	10	
108	1	1	6	20	2	16	7	
109	1	1	20	6	2	16	10	
110	1	1	1	6	2	1	1	
111	1	13	2	2	2	1	7	
112	1	1	21	2	2	16	7	
113	14	1	2	2	2	1	1	
114	1	1	2	6	2	1	7	
115	1	1	2	1	2	1	6	
116	7	1	2	1	3	1	6	
117	1	1	1	1	2	3	1	
118	1	1	1	1	1	1	10	
119	1	1	1	1	2	1	8	
120	1	1	1	1	2	1	10	
121	1	1	2	8	4	3	1	
122	1	1	6	4	2	1	1	
123	12	1	5	5	2	16	4	
124	1	1	6	6	1	1	1	
125	1	1	1	1	1	1	1	
126	7	1	1	1	3	1	1	
127	3	1	2	7	2	1	11	
128	2	1	1	1	3	1	1	
129	7	1	2	1	4	7	1	
130	1	1	1	2	1	1	1	
131	3	1	1	1	4	1	1	
132	1	5	2	6	2	1	1	
133	1	2	1	2	1	1	1	
134	1	1	22	2	2	1	1	
135	7	1	2	1	3	1	1	
136	1	1	7	2	2	1	1	
137	3	1	5	5	7	1	1	
138	1	1	9	8	2	1	8	
139	8	19	1	4	9	2	9	
140	1	1	12	2	2	1	1	
141	1	2	9	1	1	1	3	
142	2	1	2	2	2	1	1	
143	2	1	2	1	2	1	1	
144	7	1	12	2	4	1	1	
145	8	1	12	2	2	1	1	
146	8	1	2	6	2	1	1	
147	8	7	12	4	1	2	2	
148	1	1	1	5	2	1	11	
149	1	1	1	2	2	1	10	
150	1	1	2	6	2	5	1	
151	1	5	2	6	2	1	4	
152	1	1	2	6	2	1	1	
153	2	1	6	2	2	1	1	
154	1	2	1	1	1	1	1	
155	1	1	2	1	4	1	10	
156	1	2	6	2	1	1	11	
157	1	23	3	6	2	1	1	
158	1	2	6	2	22	1	1	
159	2	1	23	1	2	1	1	
160	8	1	12	4	2	6	2	
161	8	1	12	2	4	1	1	
162	3	16	12	5	8	1	4	
163	1	1	1	1	2	1	13	
164	8	7	12	4	1	3	1	
165	1	1	2	2	12	1	1	
166	1	1	2	2	2	1	3	
167	1	6	1	6	2	1	22	
168	7	1	2	22	4	1	1	
169	2	1	6	2	4	1	1	
170	25	19	17	4	23	10	2	
171	25	19	17	4	9	10	2	
172	1	2	1	2	2	1	1	
173	1	6	6	1	2	1	10	
174	3	25	16	5	11	4	4	
175	26	1	1	1	2	1	1	
176	3	1	24	5	7	4	11	
177	1	1	1	24	2	1	1	
178	24	26	2	23	24	1	24	
179	1	2	2	2	1	1	1	
180	7	1	6	2	4	1	10	
181	3	1	1	5	11	1	11	
182	12	1	5	2	3	1	20	
183	8	19	17	4	9	10	2	
184	16	1	2	1	2	1	1	
185	27	1	2	2	4	1	1	
186	7	1	2	2	4	7	23	
187	29	1	27	4	9	10	26	
188	15	1	2	2	4	1	1	
189	1	1	2	2	2	16	1	
190	1	1	1	2	5	1	1	
191	7	1	6	2	4	7	1	
192	30	1	9	8	6	5	27	
193	12	1	9	8	6	5	8	
194	7	1	2	2	4	1	13	
195	1	1	1	2	26	1	1	
196	1	2	1	1	1	1	7	
197	12	1	16	5	3	1	11	
198	7	1	6	2	2	1	1	
199	1	2	6	2	3	1	7	
200	1	1	2	2	3	1	3	
201	1	1	2	2	4	1	7	
202	29	3	27	4	9	10	26	
203	3	16	9	5	3	4	5	
204	2	1	2	6	2	1	7	
205	28	10	5	5	13	5	21	
206	12	10	9	9	25	16	21	
207	2	1	2	25	4	1	1	
208	3	3	13	5	7	4	4	
209	3	1	2	5	7	17	11	
210	1	1	1	2	2	1	25	
211	1	1	25	2	2	1	1	
212	1	6	26	2	1	1	1	
213	1	1	2	2	1	1	10	
214	3	6	5	5	7	16	4	
215	1	6	2	1	1	16	1	
216	1	1	2	1	1	16	1	
217	2	1	1	6	3	1	7	
218	1	1	2	6	2	16	1	
219	3	25	5	5	3	4	1	
220	12	10	5	5	10	16	10	
221	1	1	2	2	2	1	28	
222	1	1	1	2	2	18	1	
223	7	27	2	2	4	1	1	
224	19	16	19	6	3	19	10	
225	1	13	7	2	2	1	29	
226	28	3	5	5	8	19	11	
227	12	10	5	5	10	16	21	
228	13	5	2	6	2	1	6	
229	1	28	2	1	1	16	1	
230	3	29	5	5	3	4	11	
231	7	1	2	26	3	3	1	
232	1	1	1	2	2	21	1	
233	31	1	1	1	2	1	1	
234	31	1	1	6	2	1	1	
235	31	1	1	2	2	1	1	
236	1	1	1	6	3	1	1	
237	7	1	2	2	4	16	1	
238	1	1	5	1	2	1	1	
239	12	1	5	5	7	22	11	
240	1	1	1	2	1	1	30	
241	2	1	1	1	27	1	1	
242	7	1	1	2	4	1	1	
243	1	1	6	1	2	1	10	
244	1	1	2	1	2	16	30	
245	2	1	1	1	2	21	1	
246	32	10	9	5	10	16	21	
247	12	1	5	5	11	4	4	
248	1	1	2	2	1	16	3	
249	12	10	9	9	10	16	31	
250	1	1	1	2	1	1	3	
251	1	1	6	1	2	1	1	
252	1	1	1	2	2	16	1	
253	1	5	2	6	2	1	32	
254	1	2	28	2	2	1	3	
255	2	1	1	6	2	1	1	
256	1	1	2	6	2	1	33	
257	1	1	2	1	1	1	10	
258	19	15	5	5	3	9	10	
259	12	1	2	1	2	1	1	
260	12	1	2	1	1	1	1	
261	2	1	2	6	1	16	1	
262	19	16	9	5	8	1	12	
263	3	1	16	5	11	4	4	
264	28	3	13	5	8	9	35	
265	33	1	29	5	11	23	11	
266	1	1	1	2	2	1	34	
267	12	29	5	5	7	4	12	
268	12	29	5	5	11	4	21	
269	1	1	2	2	28	16	1	
270	1	32	31	6	9	16	38	
271	1	1	32	6	2	16	1	
272	2	1	1	27	1	1	1	
273	37	33	7	2	2	25	33	
274	35	31	17	4	29	10	37	
275	1	1	3	2	2	26	10	
276	34	10	1	5	10	16	21	
277	1	2	2	1	1	27	1	
278	1	1	1	1	1	1	14	
279	1	1	2	2	2	24	1	
280	7	1	2	2	2	1	1	
281	2	1	3	1	2	1	1	
282	28	3	5	5	11	5	4	
283	1	2	2	1	2	1	1	
284	1	1	9	5	2	1	1	
285	2	1	7	2	2	1	8	
286	8	30	1	23	9	6	9	
287	8	30	1	5	7	6	36	
288	1	1	1	23	9	1	1	
289	3	3	13	1	2	4	4	
290	12	29	5	5	11	4	4	
291	2	1	1	2	2	1	1	
292	1	1	2	5	4	1	10	
293	1	1	2	6	2	1	10	
294	1	1	2	6	2	1	6	
295	1	1	3	6	2	1	1	
296	7	1	6	2	4	1	1	
297	1	2	2	2	2	1	3	
298	12	1	5	5	11	1	4	
299	7	1	2	2	2	7	1	
300	1	1	2	1	4	1	6	
301	1	2	2	2	2	1	7	
302	7	1	2	2	4	1	3	
303	1	1	2	6	2	1	3	
304	12	25	5	5	11	1	4	
305	12	25	15	5	11	5	12	
306	7	1	2	2	30	1	1	
307	2	1	3	2	4	1	7	
308	28	25	5	5	11	4	4	
309	38	1	1	2	2	1	1	
310	39	5	2	6	2	1	6	
311	1	1	6	2	31	1	1	
312	1	2	1	1	2	1	39	
313	1	1	1	6	2	5	29	
314	40	1	2	1	1	1	4	
315	12	25	9	8	6	5	8	
316	19	10	9	9	10	16	10	
317	28	2	15	5	32	1	40	
318	41	1	1	2	4	1	1	
319	1	2	2	28	1	1	1	
320	7	1	2	2	4	29	1	
321	42	10	5	5	13	5	21	
322	3	34	9	5	33	28	12	
323	1	1	7	6	2	1	41	
324	1	13	6	6	2	20	1	
325	12	29	9	8	6	5	27	
326	19	16	5	6	3	19	10	
327	1	1	2	1	4	1	1	
328	12	29	5	5	7	5	4	
329	12	29	9	8	6	5	8	
330	2	1	2	2	34	1	1	
331	12	35	5	5	10	16	21	
332	28	29	5	5	11	4	4	
333	2	1	2	1	2	1	7	
334	1	1	33	6	2	16	1	
335	12	1	2	5	3	4	11	
336	7	1	2	2	4	1	42	
337	32	10	10	9	10	16	31	
338	1	1	2	2	4	1	43	
339	7	1	2	2	3	1	8	
340	3	1	5	5	3	4	1	
341	7	36	2	2	4	7	1	
342	7	1	2	5	4	1	1	
343	31	1	1	6	1	1	1	
344	2	1	1	1	2	1	3	
345	1	5	2	6	2	1	16	
346	7	1	2	29	4	1	1	
347	1	1	9	5	6	5	8	
348	3	5	16	2	11	4	4	
349	2	1	6	1	2	1	1	
350	1	1	6	1	4	1	7	
351	1	2	6	2	1	1	10	
352	1	2	6	1	1	1	1	
353	1	1	6	2	4	1	1	
354	3	25	5	5	11	4	4	
355	2	1	6	6	2	1	7	
356	1	1	6	1	1	1	1	
357	1	1	1	1	4	1	7	
358	1	1	7	1	3	30	14	
359	43	1	1	2	2	1	1	
360	3	3	5	5	7	4	4	
361	44	1	2	2	4	1	1	
362	3	6	6	5	8	1	12	
363	12	16	5	1	12	8	6	
364	1	1	7	2	5	1	1	
365	3	25	5	5	3	4	4	
366	7	1	34	2	4	1	1	
367	1	2	2	6	2	1	44	
368	12	29	5	5	3	4	11	
369	3	29	5	5	3	4	4	
370	12	10	5	5	10	16	12	
371	12	25	5	5	11	4	4	
372	12	25	5	5	3	4	11	
373	12	25	15	5	11	10	11	
374	1	6	2	2	2	1	33	
375	12	1	15	5	11	4	11	
376	1	6	1	2	1	1	1	
377	12	10	2	5	10	1	1	
378	1	5	2	6	2	1	33	
379	3	1	2	5	4	7	1	
380	12	37	5	5	11	4	4	
381	2	38	2	6	4	1	1	
382	45	29	15	30	2	5	45	
383	1	5	2	31	2	1	6	
384	1	1	22	2	2	1	25	
385	46	1	2	6	2	1	16	
386	1	1	6	1	1	1	14	
387	1	1	7	6	2	1	33	
388	7	1	6	2	2	1	10	
389	25	19	17	4	23	10	9	
390	3	3	5	6	2	22	4	
391	23	2	2	1	1	1	1	
392	1	39	2	2	1	1	1	
393	19	3	9	32	8	22	1	
394	1	1	1	1	35	1	1	
395	1	39	1	32	2	1	4	
396	48	1	2	1	2	1	7	
397	1	39	1	2	2	1	1	
398	1	39	7	6	2	1	1	
399	24	39	6	4	29	31	13	
400	49	10	9	5	7	31	46	
401	12	39	35	5	7	31	11	
402	47	40	29	5	3	31	4	
403	47	1	29	5	3	31	1	
404	48	10	16	5	35	31	1	
405	30	1	9	8	6	31	8	
406	1	1	9	5	6	31	8	
407	49	3	9	5	3	31	4	
408	12	1	5	5	7	31	4	
409	1	1	2	2	20	1	1	
410	50	41	5	7	3	32	11	
411	1	1	3	6	2	1	47	
412	1	42	2	1	1	16	1	
413	1	6	2	2	2	1	1	
414	1	1	1	1	2	1	4	
415	12	3	16	2	3	33	12	
416	28	1	15	7	3	34	11	
417	1	6	2	33	1	16	1	
418	7	43	2	2	4	1	1	
419	37	16	9	5	8	16	12	
420	51	25	5	5	3	4	4	
421	33	44	29	5	11	23	11	
422	1	1	1	2	2	1	16	
423	1	1	7	6	2	1	1	
424	12	1	9	6	6	5	8	
425	1	1	1	2	1	1	10	
426	1	1	1	2	4	16	21	
427	1	6	2	1	1	1	1	
428	7	6	2	2	4	1	1	
429	1	1	1	2	36	1	1	
430	1	1	1	34	2	1	1	
431	53	1	2	2	2	1	1	
432	1	45	2	2	2	1	3	
433	1	46	7	6	2	1	4	
434	1	6	36	1	1	16	1	
435	1	1	2	1	37	16	1	
436	1	47	7	6	2	1	33	
437	1	29	2	2	1	4	11	
438	3	25	5	5	11	4	11	
439	28	41	5	5	38	5	11	
440	1	1	37	1	2	1	1	
441	28	16	5	5	3	19	49	
442	28	29	15	5	3	4	8	
443	19	1	5	5	2	9	10	
444	12	6	9	8	6	5	8	
445	1	1	1	35	2	1	1	
446	7	1	38	2	4	1	1	
447	7	2	2	2	4	1	1	
448	8	1	17	23	9	6	9	
449	1	2	2	2	2	1	50	
450	54	1	1	2	1	1	1	
451	12	1	16	5	3	33	9	
452	2	1	1	2	2	16	1	
453	1	1	39	36	2	1	1	
454	1	1	2	1	2	1	8	
455	1	1	1	2	4	36	1	
456	1	2	2	1	1	1	8	
457	3	16	16	5	3	19	31	
458	50	1	5	5	39	1	21	
459	1	1	2	6	1	1	33	
460	12	1	16	5	7	4	7	
461	12	1	8	5	7	5	11	
462	12	10	5	5	7	16	21	
463	55	3	15	5	7	5	11	
464	12	10	5	5	12	5	31	
465	3	1	15	5	7	5	11	
466	2	1	1	1	1	1	1	
467	1	2	7	1	1	1	14	
468	12	1	9	8	6	5	27	
469	1	1	40	6	2	1	51	
470	1	1	3	2	2	5	29	
471	1	38	2	6	2	16	1	
472	1	5	2	6	4	1	6	
473	12	32	9	9	40	1	21	
474	1	1	2	2	41	1	1	
475	8	1	42	37	42	16	13	
476	12	25	5	5	7	4	12	
477	1	13	41	6	2	37	1	
478	28	1	15	5	38	1	4	
479	35	3	6	38	3	38	2	
480	1	1	1	2	2	39	25	
481	12	1	6	1	11	38	4	
482	3	16	2	5	3	1	52	
483	2	1	1	6	1	2	1	
484	28	1	1	5	38	1	4	
485	8	7	1	4	12	2	2	
486	8	2	2	4	9	1	9	
487	1	1	1	5	2	1	1	
488	1	2	2	1	1	1	3	
489	12	10	5	5	10	5	31	
490	8	30	17	23	9	6	9	
491	1	1	43	2	1	16	3	
492	28	49	15	7	43	34	4	
493	1	2	2	2	9	6	53	
494	1	1	44	2	2	1	1	
495	28	10	5	5	10	40	31	
496	1	1	2	39	2	1	1	
497	7	5	2	6	2	1	6	
498	1	2	1	2	1	1	4	
499	1	1	2	1	1	1	3	
500	59	1	16	5	3	19	54	
501	7	1	2	1	4	3	1	
502	8	2	2	4	2	6	9	
503	7	1	2	1	9	3	1	
504	8	30	46	37	42	16	13	
505	50	17	1	5	7	1	11	
506	3	2	5	5	3	4	1	
507	8	30	17	40	29	16	36	
508	2	17	1	1	29	16	1	
509	8	51	45	37	29	6	13	
510	1	1	2	2	3	1	1	
511	1	1	2	6	6	1	1	
512	58	1	2	1	2	1	1	
513	1	50	33	1	2	1	10	
514	57	16	5	5	8	33	45	
515	28	25	5	5	7	5	11	
516	1	2	5	1	1	1	14	
517	1	2	2	6	2	16	1	
518	1	2	1	1	1	1	14	
519	2	2	1	1	2	1	1	
520	1	1	2	1	1	1	33	
521	1	23	3	6	2	1	10	
522	32	1	10	2	10	1	1	
523	1	6	2	5	1	16	1	
524	1	1	2	2	4	16	1	
525	1	2	1	1	2	1	1	
526	8	24	17	4	12	6	9	
527	43	6	6	1	2	1	10	
528	1	1	7	2	2	1	29	
529	1	2	2	6	2	1	10	
530	32	48	10	41	10	4	21	
531	8	7	12	4	12	41	2	
532	1	5	2	6	44	1	6	
533	1	1	2	6	4	1	16	
534	28	48	5	5	10	5	31	
535	1	2	6	2	2	1	1	
536	1	5	1	2	2	1	1	
537	28	10	5	5	10	1	31	
538	1	19	17	4	9	1	2	
539	28	1	47	5	7	5	1	
540	1	1	2	6	2	42	33	
541	2	17	1	1	1	1	1	
542	57	1	1	2	1	1	1	
543	1	2	6	2	22	1	10	
544	2	17	1	2	2	1	1	
545	1	1	2	1	45	1	33	
546	32	10	9	5	3	16	11	
547	12	10	5	5	10	16	31	
548	1	10	5	5	10	16	31	
549	1	2	1	2	4	1	10	
550	8	1	12	4	12	2	2	
551	3	25	5	5	11	16	11	
552	3	25	5	5	3	16	11	
553	7	1	48	2	4	7	1	
554	1	2	2	2	2	1	55	
555	60	2	2	2	2	1	3	
556	1	52	1	35	2	1	4	
557	2	17	1	42	2	1	1	
558	3	29	5	5	11	4	11	
559	12	44	5	5	3	4	20	
560	49	48	5	5	10	16	21	
561	49	3	9	5	8	4	4	
562	28	41	5	5	38	34	11	
563	12	3	15	5	7	33	11	
564	12	1	16	5	3	33	11	
565	12	1	5	5	3	33	4	
566	36	1	30	6	2	16	1	
567	1	1	1	6	2	16	1	
568	34	10	5	5	10	16	21	
569	61	1	6	2	1	1	1	
570	1	1	2	6	2	16	7	
571	3	19	4	1	9	16	9	
572	3	25	5	38	32	4	11	
573	49	2	9	30	7	5	56	
574	1	1	1	43	2	1	7	
575	1	1	1	6	2	1	7	
576	1	2	1	1	1	1	10	
577	1	2	2	2	9	6	9	
578	7	1	5	5	3	4	11	
579	8	51	45	4	29	6	13	
580	3	1	2	2	11	7	1	
581	1	1	1	44	2	1	1	
582	1	2	1	2	1	1	57	
583	1	10	9	5	10	5	21	
584	12	1	2	8	6	1	7	
585	12	1	2	8	6	5	1	
586	1	36	7	2	2	1	1	
587	12	1	1	5	10	1	21	
588	3	1	16	5	4	7	1	
589	1	1	7	1	1	1	14	
590	1	1	9	1	1	1	1	
591	1	1	2	2	4	1	6	
592	62	1	1	2	2	1	1	
593	7	1	2	2	46	1	1	
594	63	1	2	2	4	1	1	
595	49	3	9	5	3	4	4	
596	1	6	2	1	1	16	44	
597	1	51	2	2	2	1	1	
598	7	1	2	2	4	5	1	
599	57	17	5	5	3	4	31	
600	57	1	2	2	4	1	4	
601	57	25	9	5	6	1	8	
602	57	1	2	2	4	1	1	
603	57	10	5	5	10	16	21	
604	57	1	1	1	2	41	1	
605	57	1	1	2	2	1	1	
606	57	1	2	2	4	7	1	
607	57	1	22	2	2	16	1	
608	57	3	5	5	7	14	11	
609	19	34	5	5	3	19	10	
610	1	1	1	2	2	1	3	
611	30	1	9	8	6	1	8	
612	1	1	1	1	3	1	14	
613	1	1	1	2	3	1	1	
614	1	1	7	1	2	5	14	
615	1	1	7	6	2	1	7	
616	1	2	2	2	3	1	3	
617	1	2	2	2	4	1	1	
618	2	1	2	1	3	1	1	
619	2	1	7	2	4	1	8	
620	23	1	1	5	2	1	1	
621	7	1	1	6	2	1	1	
622	7	1	2	2	1	1	4	
623	7	1	2	2	4	1	6	
624	7	1	7	2	4	1	29	
625	1	1	1	2	18	1	1	
626	2	1	1	1	19	1	7	
627	1	1	2	2	1	44	3	
628	1	1	51	6	2	1	33	
629	1	2	50	2	2	1	3	
630	1	13	7	16	2	1	29	
631	1	53	2	1	2	1	7	
632	1	54	1	2	2	1	1	
633	2	17	1	1	2	43	1	
634	2	1	1	6	20	1	1	
635	1	1	22	2	1	1	1	
636	1	1	1	1	2	1	7	
637	1	1	6	1	2	1	7	
638	13	5	2	6	2	1	4	
639	7	1	2	6	2	1	1	
640	28	3	13	5	8	9	11	
641	1	32	6	1	43	1	10	
642	24	1	6	11	9	1	13	
643	2	1	6	6	4	1	1	
644	2	1	6	2	2	1	2	
645	1	2	1	4	9	1	53	
646	1	1	6	1	1	1	3	
647	16	1	22	1	2	1	1	
648	2	1	1	2	2	1	3	
649	2	1	2	2	15	24	3	
650	33	2	5	5	43	1	4	
651	2	1	2	2	4	39	1	
652	2	1	1	6	4	1	1	
653	1	2	17	6	43	16	10	
654	1	1	2	2	1	1	8	
655	1	21	2	6	2	1	1	
656	64	1	54	2	2	16	29	
657	1	1	2	1	1	1	15	
658	1	5	2	6	2	1	17	
659	7	1	53	2	4	1	1	
660	1	57	1	2	1	1	1	
661	54	1	1	6	2	1	1	
662	1	6	6	6	27	1	1	
663	54	2	2	2	15	1	1	
664	2	1	2	2	15	1	13	
665	56	1	2	42	27	1	53	
666	2	6	1	2	4	4	53	
667	16	1	2	6	15	1	1	
668	16	1	6	42	4	1	1	
669	33	1	1	5	3	1	3	
670	3	30	5	1	11	1	8	
671	1	32	6	1	2	1	10	
672	50	58	55	4	29	10	9	
673	8	24	12	23	49	46	58	
674	56	2	1	1	2	1	10	
675	15	1	2	2	48	1	1	
676	7	1	2	2	3	3	1	
677	8	2	1	1	2	1	1	
678	2	1	2	2	2	1	7	
679	3	29	16	5	11	4	4	
680	1	1	6	6	2	47	10	
681	2	1	6	6	50	1	1	
682	2	1	2	6	2	16	1	
683	7	1	2	2	4	1	10	
684	1	2	2	2	2	1	4	
685	2	1	2	6	2	1	1	
686	1	1	2	1	3	1	3	
687	2	1	1	5	1	1	10	
688	12	5	2	5	10	1	31	
689	7	1	3	1	3	3	1	
690	30	2	5	5	11	5	11	
691	28	41	5	5	38	34	4	
692	43	1	2	2	2	1	1	
693	1	1	6	6	2	47	1	
694	2	1	59	6	2	16	1	
695	2	1	58	6	2	1	1	
696	2	1	59	6	2	16	4	
697	7	1	2	2	53	1	1	
698	31	1	6	2	2	1	1	
699	1	1	6	2	2	1	3	
700	65	59	5	5	8	48	11	
701	1	5	61	6	2	1	6	
702	28	16	5	5	8	22	12	
703	3	10	5	5	10	5	31	
704	1	5	2	6	2	45	6	
705	12	10	9	9	52	16	21	
706	2	1	3	2	55	1	7	
707	1	1	2	2	2	1	14	
708	1	1	9	5	6	1	8	
709	2	1	1	17	20	1	1	
710	8	51	56	37	9	16	1	
711	1	1	57	6	2	16	7	
712	1	1	2	6	2	49	1	
713	66	1	1	2	2	1	1	
714	2	1	62	2	2	1	1	
715	1	1	2	6	2	16	59	
716	1	1	1	2	2	45	1	
717	1	1	2	6	2	50	1	
718	7	1	1	6	56	1	1	
719	1	62	9	5	6	5	8	
720	1	1	63	6	2	1	1	
721	1	5	2	6	57	1	6	
722	1	63	7	6	2	1	33	
723	1	62	9	5	6	1	8	
724	12	10	2	9	40	16	21	
725	1	1	2	18	1	1	33	
726	1	1	6	2	2	1	10	
727	2	13	7	2	2	25	29	
728	12	29	9	21	6	5	8	
729	1	1	1	45	2	1	1	
730	1	6	2	1	1	16	60	
731	7	1	2	2	58	1	1	
732	1	1	64	6	2	16	1	
733	1	1	65	6	59	16	1	
734	1	1	7	2	2	16	29	
735	15	1	66	2	4	1	1	
736	67	1	1	2	1	1	1	
737	1	1	67	2	2	1	1	
738	1	1	55	5	8	16	12	
739	12	1	2	5	3	4	21	
740	1	6	1	2	2	1	1	
741	28	1	16	5	11	5	4	
742	49	1	15	5	11	51	4	
743	65	1	5	5	8	22	11	
744	1	1	5	6	2	16	1	
745	1	2	1	2	1	16	10	
746	1	1	2	2	3	52	3	
747	12	1	68	5	6	34	8	
748	1	1	69	1	1	1	14	
749	1	2	2	46	2	1	3	
750	12	25	5	5	8	22	11	
751	12	1	9	5	11	4	21	
752	68	25	5	5	8	22	11	
753	7	64	2	2	4	1	1	
754	12	10	70	9	10	16	31	
755	1	2	71	2	2	1	3	
756	49	1	13	5	11	4	4	
757	2	2	13	2	1	1	1	
758	2	5	5	1	2	1	1	
759	2	5	1	1	2	1	1	
760	12	5	9	8	6	5	8	
761	28	3	5	5	11	4	4	
762	1	1	62	6	2	1	1	
763	19	34	16	47	61	19	4	
764	28	41	15	5	38	34	4	
765	12	48	5	5	10	16	12	
766	12	48	5	5	10	16	21	
767	28	48	5	5	10	40	31	
768	12	48	9	9	40	16	21	
769	1	1	2	1	2	1	45	
770	1	13	7	6	2	5	1	
771	1	18	6	2	2	1	20	
772	1	1	1	2	2	1	62	
773	1	1	7	1	60	5	14	
774	1	1	1	2	2	1	63	
775	2	1	6	2	2	1	64	
776	69	19	4	4	9	10	2	
777	8	7	12	4	12	53	2	
778	2	1	1	1	2	54	1	
779	1	1	1	2	1	1	65	
780	1	2	9	5	1	1	8	
781	0	1	2	2	4	1	1	
782	16	17	2	1	2	1	1	
783	8	19	17	4	62	10	2	
784	71	1	2	2	4	1	13	
785	70	1	1	2	1	1	3	
786	1	6	1	2	2	1	10	
787	12	48	5	5	10	5	21	
788	19	3	9	32	8	22	12	
789	28	1	5	5	11	4	4	
790	12	1	9	8	7	5	27	
791	12	10	9	9	10	16	21	
792	32	10	10	9	6	1	31	
793	12	10	5	9	3	16	21	
794	1	1	2	2	2	1	10	
795	12	1	5	5	3	4	11	
796	3	1	5	5	7	5	4	
797	7	1	72	2	4	1	1	
798	8	69	17	4	9	6	36	
799	1	67	2	1	2	1	7	
800	1	68	7	6	2	1	33	
801	3	1	55	5	8	5	1	
802	12	1	15	5	3	4	4	
803	19	1	9	8	6	5	27	
804	1	1	1	5	1	1	1	
805	28	1	16	5	11	4	4	
806	12	1	5	5	7	4	12	
807	30	10	10	9	3	16	21	
808	12	16	9	5	8	16	12	
809	12	1	9	5	6	5	8	
810	52	16	9	5	8	16	12	
811	30	10	16	5	43	19	11	
812	19	16	55	5	3	19	5	
813	12	25	15	5	3	4	4	
814	12	46	9	8	6	5	27	
815	3	10	16	15	11	5	21	
816	3	44	55	5	8	5	1	
817	30	1	9	5	6	5	8	
818	12	65	9	9	10	16	31	
819	19	16	9	5	8	16	12	
820	1	1	9	5	1	1	8	
821	7	2	2	2	2	1	3	
822	1	1	1	1	2	1	3	
823	1	1	5	5	3	4	3	
824	7	1	9	5	6	5	8	
825	2	5	1	2	2	1	1	
826	30	1	60	5	54	5	8	
827	28	1	5	5	7	5	11	
828	23	1	13	2	1	1	1	
829	12	2	1	2	11	5	20	
830	2	1	2	1	2	16	61	
831	37	24	6	4	29	10	1	
832	12	1	15	5	3	5	4	
833	3	1	13	5	11	5	21	
834	1	5	1	6	2	1	1	
835	3	1	2	5	11	5	4	
836	72	48	16	5	63	19	11	
837	1	53	2	1	2	1	66	
838	12	6	5	5	11	4	21	
839	12	25	5	5	11	4	21	
840	1	1	2	6	2	1	8	
841	3	1	1	8	6	16	1	
842	1	1	1	4	9	10	1	
843	2	1	1	6	1	1	1	
844	31	1	1	2	2	1	25	
845	2	1	2	2	2	16	1	
846	12	29	5	5	3	33	11	
847	73	1	2	2	4	1	1	
848	3	10	5	15	11	5	4	
849	65	3	29	5	3	19	45	
850	3	3	5	5	8	22	11	
851	28	3	19	5	8	5	11	
852	12	3	29	5	33	19	45	
853	1	1	5	5	3	1	1	
854	65	3	29	5	3	1	45	
855	65	3	29	5	3	5	45	
856	1	1	18	6	2	1	7	
857	28	32	2	2	8	19	4	
858	50	58	55	5	29	19	9	
859	50	3	13	5	3	19	54	
860	65	29	5	5	7	5	4	
861	28	29	16	5	11	4	11	
862	8	24	56	4	29	10	9	
863	28	3	5	5	11	4	11	
864	65	48	5	5	13	5	21	
865	74	19	73	37	9	10	68	
866	8	70	12	4	9	55	67	
867	12	71	9	5	54	5	27	
868	75	22	6	4	29	56	9	
869	65	3	74	5	8	22	11	
870	30	44	5	5	7	5	11	
871	24	22	6	4	29	56	13	
872	12	29	5	5	11	4	11	
873	28	16	5	5	3	4	4	
874	8	1	76	37	9	12	9	
875	12	29	75	5	7	4	12	
876	69	1	1	2	2	1	1	
877	3	29	24	5	7	4	11	
878	8	24	4	4	9	57	68	
879	1	1	7	6	2	1	10	
880	47	48	10	9	64	16	31	
881	1	74	1	2	1	1	1	
882	7	73	2	2	4	7	1	
883	1	1	2	1	1	1	70	
884	3	29	5	5	7	4	4	
885	3	44	5	5	3	4	4	
886	1	50	2	1	2	1	10	
887	3	72	5	5	3	58	11	
888	28	51	5	5	3	22	56	
889	12	29	5	5	7	33	4	
890	28	44	15	5	7	5	11	
891	12	25	77	5	11	4	1	
892	3	29	5	5	7	59	4	
893	28	3	5	49	8	4	11	
894	28	16	5	49	3	59	11	
895	76	31	56	4	29	60	58	
896	28	75	5	5	8	61	71	
897	50	3	5	5	3	5	56	
898	3	1	5	5	7	4	4	
899	12	1	5	5	10	16	12	
900	12	1	5	5	11	4	21	
901	12	10	5	9	40	16	21	
902	3	63	2	2	4	1	1	
903	12	1	16	5	11	4	4	
904	12	10	5	5	11	4	21	
905	12	1	5	5	5	4	11	
906	3	16	9	5	3	19	5	
907	1	1	1	2	1	16	3	
908	12	1	5	5	11	4	11	
909	1	1	2	1	2	62	1	
910	1	2	9	1	1	1	72	
911	1	1	1	2	1	1	33	
912	2	1	2	2	4	4	1	
913	1	1	5	5	11	4	21	
914	1	1	1	9	2	1	1	
915	1	1	2	2	4	1	3	
916	1	1	2	6	1	16	1	
917	2	1	2	1	1	1	1	
918	2	1	2	9	4	1	1	
919	2	1	2	2	1	1	1	
920	2	1	9	2	40	16	1	
921	2	1	2	2	1	1	3	
922	3	16	16	5	3	1	52	
923	3	16	5	5	7	4	4	
924	12	29	5	5	3	33	4	
925	3	1	2	2	4	1	1	
926	7	1	2	2	4	1	12	
927	7	1	2	2	1	1	3	
928	7	1	1	1	2	1	1	
929	12	25	2	2	4	1	12	
930	12	1	70	9	10	16	31	
931	12	1	2	2	1	16	3	
932	12	1	9	9	40	16	21	
933	12	1	5	5	11	16	4	
934	12	1	9	9	40	1	21	
935	12	1	5	5	3	16	4	
936	12	1	5	5	10	1	21	
937	12	10	9	2	40	16	21	
938	12	1	70	9	10	1	31	
939	12	1	5	5	11	4	1	
940	12	1	1	2	1	1	1	
941	19	16	19	6	3	1	10	
942	19	34	5	5	3	1	10	
943	19	16	5	5	3	1	1	
944	28	1	5	5	10	40	31	
945	34	1	5	5	10	16	21	
946	12	10	9	9	40	1	21	
947	12	1	5	5	11	1	21	
948	12	11	5	5	11	4	4	
949	2	1	54	6	2	1	1	
950	1	11	1	2	5	1	1	
951	19	10	16	15	11	5	21	
952	3	1	5	15	11	1	4	
953	12	1	5	9	40	16	21	
954	1	16	9	5	3	19	5	
955	12	1	9	9	10	16	12	
956	2	16	2	2	4	1	1	
957	12	1	75	5	7	4	12	
958	1	76	1	2	5	1	1	
959	1	10	16	15	11	5	21	
960	54	1	2	2	4	1	1	
961	1	13	2	6	2	1	1	
962	30	62	9	5	7	5	27	
963	31	1	2	2	2	1	25	
964	1	63	6	2	2	1	1	
965	0	17	1	1	2	1	1	
966	7	1	2	1	10	3	1	
967	1	19	17	4	9	65	2	
968	77	32	79	6	9	16	38	
969	1	1	80	2	4	1	1	
970	78	16	81	5	3	64	11	
971	2	2	1	2	20	1	1	
972	7	1	2	2	4	63	1	
973	7	1	78	2	4	7	1	
974	2	1	6	2	1	1	1	
975	1	13	7	2	2	1	6	
976	1	1	7	2	2	1	6	
977	1	13	1	2	2	1	1	
978	1	13	2	2	2	1	1	
979	16	13	2	2	2	1	1	
980	1	13	7	27	2	1	6	
981	1	1	1	27	2	1	1	
982	79	1	2	2	4	1	1	
983	7	1	82	2	4	1	1	
984	28	29	5	5	3	4	4	
985	75	23	1	2	5	1	1	
986	1	1	1	2	2	1	22	
987	12	29	15	5	7	4	4	
988	30	5	2	6	2	1	8	
989	1	29	9	5	6	1	8	
990	30	29	9	8	6	5	27	
991	80	3	15	5	7	5	11	
992	12	1	5	5	3	5	4	
993	12	29	5	5	11	33	4	
994	65	29	8	5	11	4	11	
995	1	1	2	2	2	1	73	
996	81	1	1	6	2	1	10	
997	1	1	62	2	65	1	7	
998	1	77	2	2	2	1	1	
999	1	78	2	2	21	1	7	
1000	82	1	2	2	2	1	1	
1001	1	1	2	2	2	1	7	
1002	1	1	6	2	2	1	7	
1003	1	1	2	1	4	5	14	
1004	28	48	13	5	10	40	31	
1005	12	44	15	5	11	5	11	
1006	12	62	9	8	7	5	27	
1007	49	48	9	5	7	16	46	
1008	12	44	35	5	7	5	11	
1009	3	3	5	6	2	22	11	
1010	30	29	9	8	6	5	8	
1011	1	1	1	2	2	1	29	
1012	1	62	9	5	1	1	8	
1013	2	6	2	1	1	1	1	
1014	1	1	1	2	2	1	4	
1015	14	1	2	2	4	1	1	
1016	1	13	7	6	2	5	33	
1017	65	48	5	5	8	5	11	
1018	49	29	9	30	7	5	56	
1019	3	29	5	5	11	4	4	
1020	2	1	1	2	2	1	7	
1021	1	1	3	1	2	5	29	
1022	1	19	2	37	9	10	2	
1023	22	48	5	5	10	16	12	
1024	18	29	5	5	11	4	20	
1025	12	48	5	5	13	5	21	
1026	11	6	2	1	1	16	1	
1027	3	29	5	5	3	1	11	
1028	1	5	2	50	2	1	6	
1029	1	5	2	6	66	1	6	
1030	8	79	12	4	12	66	2	
1031	1	46	7	6	2	1	74	
1032	24	39	6	4	29	56	13	
1033	47	82	29	5	3	19	4	
1034	75	80	1	2	5	1	1	
1035	1	1	2	1	2	67	1	
1036	83	81	12	51	49	46	58	
1037	83	81	12	23	49	46	58	
1038	1	83	1	2	2	1	1	
1039	2	1	1	1	2	68	1	
1040	72	48	16	5	43	19	21	
1041	1	1	2	2	67	1	1	
1042	1	84	9	5	2	1	1	
1043	12	29	9	52	6	5	8	
1044	8	7	83	4	12	2	2	
1045	28	29	84	7	3	34	11	
1046	2	1	2	2	4	47	1	
1047	85	1	2	1	2	1	7	
1048	7	1	2	2	4	69	1	
1049	8	85	45	4	29	6	13	
1050	7	1	2	53	4	1	1	
1051	1	86	1	2	2	1	1	
1052	12	29	5	5	11	4	75	
1053	2	1	1	54	20	1	1	
1054	2	1	2	2	4	70	1	
1055	65	48	5	5	8	5	76	
1056	12	29	9	5	68	5	8	
1057	2	1	85	2	4	1	1	
1058	2	1	6	2	2	71	1	
1059	1	87	1	5	2	1	1	
1060	86	3	5	5	8	22	11	
1061	1	1	1	6	2	71	1	
1062	87	1	6	2	2	1	1	
1063	12	29	5	2	3	4	20	
1064	1	1	1	2	2	72	7	
1065	1	1	1	55	2	1	10	
1066	1	1	1	57	2	1	10	
1067	1	1	2	6	2	16	10	
1068	1	88	2	6	2	1	1	
1069	16	1	1	56	2	1	1	
1070	81	89	1	6	2	1	10	
1071	84	1	2	6	2	16	7	
1072	88	1	2	2	69	1	1	
1073	89	16	9	5	3	73	5	
1074	1	91	2	2	1	1	3	
1075	1	1	2	6	2	76	1	
1076	1	1	1	61	3	1	1	
1077	1	1	2	6	2	16	61	
1078	12	29	75	60	7	4	12	
1079	12	48	5	49	10	74	21	
1080	32	48	9	6	2	16	7	
1081	2	29	1	2	2	1	1	
1082	1	1	86	2	1	1	3	
1083	1	1	1	1	2	16	61	
1084	1	90	6	1	2	1	10	
1085	12	48	9	9	40	16	78	
1086	1	1	1	2	2	1	77	
1087	1	1	2	59	4	1	1	
1088	32	48	9	58	10	16	21	
1089	90	1	1	2	2	1	1	
1090	30	44	60	5	54	5	8	
1091	19	16	55	5	3	75	5	
1092	31	1	1	2	2	1	79	
1093	12	29	5	5	70	4	4	
1094	12	29	5	5	11	4	20	
1095	12	29	75	62	7	4	12	
1096	2	17	87	1	2	1	1	
1097	1	73	1	2	5	1	1	
1098	2	1	88	1	2	1	1	
1099	28	29	5	5	11	4	11	
1100	12	48	8	9	11	4	11	
1101	12	44	9	5	10	4	4	
1102	31	1	1	2	4	1	1	
1103	12	44	9	5	7	4	12	
1104	32	48	9	5	10	4	21	
1105	12	44	90	63	7	4	4	
1106	12	44	5	5	71	4	11	
1107	12	29	91	5	11	4	4	
1108	1	1	89	2	1	1	1	
1109	12	44	5	5	7	5	11	
1110	1	1	2	1	2	1	3	
1111	3	16	16	5	3	19	52	
1112	12	93	9	9	10	16	31	
1113	12	29	9	5	11	4	11	
1114	12	94	5	5	11	4	4	
1115	65	48	5	5	8	22	11	
1116	1	92	2	2	1	1	3	
1117	28	16	5	5	3	22	12	
1118	7	1	2	2	4	1	80	
1119	12	29	5	5	7	4	4	
1120	30	62	9	5	72	5	8	
1121	91	16	2	5	8	1	12	
1122	31	1	1	2	2	16	61	
1123	8	70	92	23	73	10	9	
1124	2	1	1	1	2	77	1	
1125	3	95	15	5	3	5	4	
1126	12	10	9	9	40	16	21	
1127	12	10	2	1	4	3	1	
1128	3	10	5	5	8	1	10	
1129	3	16	16	15	11	1	4	
1130	3	96	16	5	3	19	31	
1131	92	1	1	1	2	1	1	
1132	24	1	1	2	20	1	1	
1133	12	29	16	5	7	4	8	
1134	12	1	77	5	3	1	4	
1135	12	1	77	5	3	33	4	
1136	12	44	2	5	7	33	4	
1137	3	16	16	5	3	19	12	
1138	2	1	2	2	2	16	61	
1139	3	95	5	5	3	4	11	
1140	12	25	5	5	3	33	4	
1141	49	29	15	5	11	51	4	
1142	12	97	68	5	6	34	8	
1143	3	44	5	5	7	5	4	
1144	93	29	5	5	7	4	4	
1145	28	44	16	5	11	5	4	
1146	65	29	5	5	8	22	11	
1147	50	16	5	5	8	22	83	
1148	12	29	5	5	3	4	21	
1150	1	32	1	2	5	1	7	
1151	50	58	55	5	8	19	45	
1152	1	6	2	2	4	78	1	
1153	28	102	5	5	7	5	11	
1154	2	30	2	1	9	10	1	
1155	1	1	6	6	2	16	1	
1156	1	1	2	48	2	16	1	
1157	1	98	1	6	2	1	7	
1158	1	1	3	6	2	5	69	
1159	86	3	5	64	3	33	12	
1160	3	29	9	5	10	5	11	
1161	94	29	9	8	6	5	8	
1162	65	3	29	5	3	79	81	
1163	91	16	5	49	3	22	11	
1164	12	99	15	5	11	5	4	
1165	65	3	29	5	3	79	45	
1166	1	1	1	2	20	16	10	
1167	1	1	2	65	2	1	1	
1168	1	1	2	2	74	80	33	
1169	1	1	6	2	2	1	82	
1170	12	29	16	5	3	33	11	
1171	2	1	1	2	4	1	1	
1172	1	100	1	2	2	1	10	
1173	1	101	2	6	2	1	6	
1174	28	29	16	5	11	5	11	
1175	32	48	10	9	10	4	21	
1176	31	1	2	2	2	16	61	
1177	1	103	2	2	1	1	3	
1178	7	104	2	2	4	1	1	
