ST	ace	gltB	gmhD	lepA	lipA	narK	ndh	clonal_complex
1	1	1	13	2	4	2	1	
2	1	1	2	4	1	1	1	
3	1	1	2	2	5	3	1	
4	1	1	4	2	1	2	1	
5	1	1	5	1	1	1	1	
6	1	1	7	2	4	5	1	
7	1	1	10	2	5	1	1	
8	1	1	11	6	1	3	1	
9	1	1	12	1	1	1	1	
10	1	1	13	1	1	1	1	
11	1	1	13	1	6	1	1	
12	1	1	13	1	5	1	1	
13	4	4	14	2	1	2	1	
14	1	2	2	2	5	2	1	
15	1	2	2	2	1	3	1	
16	1	2	2	1	1	10	1	
17	1	2	3	1	1	1	1	
18	1	2	3	2	1	1	1	
19	1	2	6	1	1	3	1	
20	1	2	6	2	5	6	4	
21	1	2	11	4	1	4	1	
22	1	2	12	2	1	8	1	
23	1	2	13	1	1	1	1	
24	1	2	13	2	1	8	1	
25	1	3	3	1	1	8	1	
26	1	3	10	2	5	1	1	
27	1	3	19	4	5	1	1	
28	1	4	3	1	1	3	6	
29	1	4	3	1	1	4	1	
30	1	4	6	1	5	4	1	
31	1	4	11	2	5	4	6	
32	1	4	11	3	5	4	6	
33	1	4	12	1	1	2	1	
34	1	4	12	1	1	4	1	
35	1	6	14	2	8	8	4	
36	1	7	14	7	1	12	11	
37	1	6	17	2	1	15	11	
38	1	12	2	1	1	1	1	
39	1	12	3	2	1	6	1	
40	1	12	3	4	1	18	1	
41	1	12	6	1	5	2	1	
42	1	12	6	2	1	2	1	
43	1	12	10	2	1	2	1	
44	1	12	3	1	6	2	1	
45	2	2	3	1	1	2	1	
46	3	1	2	1	1	3	3	
47	3	1	2	1	1	3	1	
48	3	1	2	1	1	4	1	
49	3	1	2	1	6	4	3	
50	3	1	2	1	1	4	3	
51	3	1	2	3	1	4	3	
52	3	1	2	2	1	11	1	
53	3	1	2	1	1	16	1	
54	3	1	3	3	1	2	1	
55	3	1	3	3	1	4	1	
56	3	1	4	1	1	4	1	
57	3	1	5	1	1	1	1	
58	3	1	5	1	1	4	1	
59	3	1	19	4	5	1	1	
60	3	1	12	1	1	3	1	
61	1	1	2	3	8	4	1	
62	3	3	4	1	3	1	1	
63	3	3	4	2	1	1	1	
64	3	4	2	1	1	1	1	
65	3	4	3	3	1	3	1	
66	3	4	3	4	1	4	1	
67	3	4	3	4	1	4	6	
68	3	4	11	1	5	4	6	
69	3	4	11	2	5	4	6	
70	3	4	11	3	5	4	6	
71	4	1	3	2	1	4	1	
72	4	1	4	1	1	2	1	
73	5	5	9	5	7	7	5	
74	6	8	15	8	9	14	8	
75	6	9	16	8	10	14	9	
76	6	10	15	8	10	14	9	
77	6	10	15	8	9	14	8	
78	1	2	2	1	1	1	1	
79	6	10	16	8	11	14	8	
80	6	10	16	8	10	14	8	
81	7	11	18	10	12	17	12	
82	1	1	7	2	5	2	1	
83	3	1	2	3	1	16	3	
84	3	1	11	4	5	4	6	
85	4	12	14	1	1	2	1	
86	1	1	3	1	5	2	3	
87	1	2	2	1	1	4	3	
88	1	4	3	2	5	2	3	
89	1	12	3	4	13	19	1	
90	1	12	6	1	1	4	1	
91	3	3	3	2	3	19	1	
92	1	1	2	1	5	1	1	
93	1	1	2	1	1	4	1	
94	1	2	13	2	1	8	13	
95	1	1	2	2	5	1	1	
96	2	2	13	2	2	2	2	
97	3	1	2	1	5	3	3	
98	3	3	4	2	3	1	1	
99	1	1	4	1	1	4	1	
100	1	13	3	4	1	18	1	
101	6	5	9	11	14	20	14	
102	3	4	12	1	1	4	1	
103	1	1	3	4	6	25	1	
104	1	1	21	2	15	19	1	
105	1	2	3	2	1	22	1	
106	1	2	3	2	16	21	1	
107	1	2	3	4	1	8	1	
108	1	2	3	2	6	22	1	
109	1	2	13	4	1	19	1	
110	4	2	3	13	1	1	3	
111	1	2	13	2	1	9	1	
112	1	2	13	16	1	22	1	
113	1	6	14	12	17	21	1	
114	1	3	3	4	1	24	1	
115	1	4	3	2	4	26	1	
116	1	4	3	4	1	12	1	
117	1	4	13	14	8	22	11	
118	1	4	14	2	1	8	1	
119	4	4	6	4	1	1	1	
120	1	4	22	2	5	23	1	
121	1	4	23	2	1	8	1	
122	4	2	14	120	1	12	1	
123	1	6	14	4	15	2	1	
124	1	2	3	4	1	1	3	
125	1	14	20	1	15	9	1	
126	1	14	20	1	15	9	15	
127	1	15	3	2	6	27	1	
128	1	15	13	2	8	12	1	
129	1	15	13	2	1	22	1	
130	1	16	3	13	1	22	1	
131	1	16	3	2	1	22	1	
132	1	16	13	4	6	21	1	
133	1	4	14	1	1	1	1	
134	1	16	14	4	1	19	1	
135	1	17	13	4	15	22	1	
136	1	18	13	12	15	12	1	
137	1	19	3	2	1	22	1	
138	1	23	3	2	1	27	1	
139	4	4	13	4	6	12	1	
140	4	7	3	4	1	19	1	
141	4	16	3	4	1	9	6	
142	8	2	3	4	1	19	1	
143	8	2	13	4	1	6	1	
144	8	2	13	15	1	27	1	
145	9	4	13	2	1	22	1	
146	10	2	3	4	3	2	1	
147	1	1	2	1	1	42	3	
148	10	15	3	4	3	22	1	
149	11	2	14	2	1	6	1	
150	12	4	3	2	1	21	1	
151	1	2	3	4	1	9	1	
152	3	2	2	3	1	4	1	
153	3	2	14	1	1	3	1	
154	3	2	3	1	1	3	1	
155	1	1	3	3	1	2	1	
156	1	1	4	3	1	4	1	
157	3	4	11	3	1	4	6	
158	1	1	2	1	6	10	1	
159	4	2	11	1	1	1	1	
160	3	2	4	3	1	3	1	
161	1	12	6	1	1	2	3	
162	3	1	4	3	1	4	1	
163	3	2	2	1	1	4	1	
164	3	1	2	3	5	4	3	
165	1	1	13	1	1	22	1	
166	4	4	3	1	1	4	1	
167	1	1	4	1	1	3	1	
168	3	1	2	1	5	4	1	
169	1	1	2	3	8	4	3	
170	3	2	13	1	1	1	1	
171	3	1	13	1	1	1	1	
172	1	1	3	2	6	4	1	
173	3	1	3	2	5	4	1	
174	3	2	14	2	1	3	1	
175	1	4	6	2	1	3	1	
176	3	1	4	1	1	3	1	
177	1	1	4	3	1	3	1	
178	1	1	3	4	5	22	1	
179	1	1	3	4	1	22	1	
180	1	1	3	4	6	3	1	
181	1	1	3	3	6	2	3	
182	1	1	4	3	5	4	1	
183	1	1	11	4	1	22	1	
184	1	1	12	1	1	4	1	
185	1	4	2	2	1	4	1	
186	1	4	3	1	5	1	1	
187	1	4	11	1	5	4	1	
188	1	12	3	1	1	2	1	
189	1	12	13	3	1	4	1	
190	3	1	2	1	6	2	1	
191	3	1	2	4	1	2	1	
192	3	1	4	1	5	4	1	
193	3	1	4	3	1	3	1	
194	1	12	6	4	1	2	3	
195	3	1	11	1	1	22	3	
196	3	1	11	1	1	22	1	
197	3	1	13	1	1	22	1	
198	3	2	3	3	1	3	1	
199	3	2	14	2	5	3	1	
200	3	4	2	2	6	16	1	
201	3	4	11	3	5	4	3	
202	4	2	3	4	1	2	1	
203	4	4	3	3	1	4	1	
204	1	1	3	1	1	1	3	
205	1	1	2	3	1	4	1	
206	1	1	3	1	1	1	1	
207	1	1	4	1	5	4	1	
208	1	1	6	1	1	4	1	
209	1	4	6	1	1	2	1	
210	3	1	2	1	1	4	6	
211	3	1	3	1	1	4	1	
212	3	1	3	4	1	4	1	
213	3	1	4	4	1	4	1	
214	3	2	2	1	1	3	1	
215	3	4	11	3	1	3	1	
216	4	1	3	2	5	4	1	
217	3	1	2	1	1	2	1	
218	1	1	6	1	1	1	19	
219	3	2	2	1	1	2	1	
220	3	4	11	3	5	3	6	
221	1	12	2	3	5	29	1	
222	3	1	2	1	1	10	1	
223	1	2	2	2	1	2	1	
224	3	4	11	3	5	2	6	
225	1	2	13	17	6	3	1	
226	1	1	4	2	8	2	16	
227	1	1	2	1	5	4	1	
228	1	2	3	1	1	4	1	
229	3	4	11	3	5	28	6	
230	3	2	11	3	5	30	6	
231	3	4	2	1	1	4	1	
232	1	1	28	1	1	4	3	
233	1	2	6	1	1	1	1	
234	7	11	29	10	12	37	21	
235	1	1	6	2	1	3	4	
236	1	1	13	1	18	23	11	
237	1	1	14	22	1	8	1	
238	1	2	3	21	15	9	1	
239	1	2	3	2	15	12	11	
240	1	2	6	2	6	6	4	
241	1	2	13	2	8	6	1	
242	1	2	13	4	1	22	1	
243	1	2	13	4	15	12	1	
244	1	2	13	4	15	22	1	
245	1	2	14	2	1	12	1	
246	1	2	22	18	1	22	11	
247	1	2	23	2	1	31	1	
248	1	2	25	4	3	19	1	
249	1	2	32	4	15	8	1	
250	1	3	3	3	5	1	1	
251	1	3	13	1	1	36	1	
252	1	4	3	2	6	19	1	
253	1	6	3	2	8	8	4	
254	1	4	3	2	2	34	1	
255	1	4	3	2	1	8	1	
256	1	4	13	2	1	35	11	
257	1	4	24	2	1	6	11	
258	1	6	3	2	1	19	11	
259	1	6	13	2	15	8	11	
260	1	6	30	4	1	12	1	
261	1	7	3	20	1	3	1	
262	1	7	26	19	1	22	1	
263	1	15	3	4	1	38	1	
264	1	15	3	2	6	2	11	
265	1	15	13	2	21	2	1	
266	1	15	14	14	1	8	1	
267	1	15	27	4	20	6	18	
268	1	15	31	4	6	19	1	
269	1	21	3	2	5	22	11	
270	1	22	13	23	6	19	1	
271	3	1	2	3	1	4	1	
272	3	3	3	2	1	19	1	
273	3	4	2	3	1	2	3	
274	4	20	13	2	3	6	11	
275	8	2	3	15	1	27	1	
276	8	4	13	1	8	8	11	
277	8	4	24	2	1	32	11	
278	10	2	3	4	3	2	17	
279	10	4	13	4	1	22	1	
280	12	1	3	1	1	22	1	
281	12	4	6	2	3	33	1	
282	12	4	22	2	1	6	1	
283	12	4	23	4	1	19	1	
284	13	15	13	4	6	6	11	
285	14	4	3	2	19	8	13	
286	15	2	13	2	20	19	1	
287	15	2	24	4	6	6	11	
288	3	2	3	2	1	3	1	
289	3	4	11	4	5	4	6	
290	3	4	11	3	5	4	1	
291	8	4	24	2	1	22	11	
292	9	2	3	2	8	8	1	
293	1	4	6	2	1	1	3	
294	1	23	14	4	1	9	11	
295	1	24	3	4	15	8	1	
296	1	2	14	4	1	22	11	
297	1	1	2	2	5	6	1	
298	1	1	2	2	1	2	1	
299	1	1	2	1	5	3	1	
300	1	1	3	1	1	4	1	
301	1	1	3	4	1	2	1	
302	1	1	3	4	1	4	1	
303	1	1	4	1	1	1	1	
304	1	1	5	1	1	4	1	
305	1	1	11	1	6	4	1	
306	1	2	3	1	1	2	1	
307	1	2	3	1	1	3	1	
308	1	2	3	3	1	2	3	
309	1	2	3	17	1	1	1	
310	1	2	4	1	1	2	1	
311	1	2	6	1	1	4	19	
312	1	4	2	1	1	3	1	
313	1	4	2	2	1	3	1	
314	1	4	3	1	1	2	1	
315	1	4	3	1	1	3	1	
316	4	12	6	1	1	5	3	
317	1	26	6	2	1	40	11	
318	16	25	33	24	22	39	22	
320	1	15	13	4	1	24	11	
321	4	1	3	4	1	12	1	
322	1	1	6	4	15	9	1	
323	1	4	14	1	1	12	1	
324	1	6	14	1	1	8	23	
325	1	1	13	4	15	3	11	
326	12	1	13	25	1	9	1	
327	12	1	13	25	1	35	1	
328	4	1	13	4	15	6	1	
329	1	6	3	4	1	12	1	
330	1	2	14	4	1	41	1	
331	1	2	14	26	1	12	1	
332	1	16	3	2	1	22	11	
333	1	27	14	14	1	8	1	
334	10	16	3	4	15	22	1	
335	1	4	13	4	1	2	1	
336	1	4	14	28	1	19	3	
337	1	4	24	2	1	22	1	
338	1	4	13	2	1	1	58	
339	1	23	2	27	6	16	13	
340	8	28	3	18	1	6	1	
341	1	7	13	4	1	22	1	
342	3	1	3	1	1	3	3	
343	4	2	3	4	1	42	1	
344	1	12	6	4	3	8	1	
345	6	10	15	8	10	14	8	
346	1	2	3	2	1	4	1	
347	1	1	7	4	5	1	1	
348	1	2	3	2	8	1	1	
349	1	1	13	2	6	1	1	
350	3	1	28	1	6	1	1	
351	3	4	4	1	5	4	1	
352	6	10	15	29	10	14	9	
353	8	29	22	2	18	6	1	
354	1	1	3	2	1	4	1	
355	6	10	16	8	9	14	8	
356	6	10	16	30	9	14	9	
357	6	31	15	8	10	14	8	
358	6	31	15	8	9	14	9	
359	6	10	15	8	24	14	9	
360	6	10	15	30	10	14	9	
361	6	10	15	8	9	14	9	
362	6	10	16	8	9	14	9	
363	6	10	16	8	10	14	9	
364	1	3	4	3	1	4	3	
365	3	2	4	1	1	3	1	
366	3	1	2	3	8	4	3	
367	3	1	11	1	1	3	1	
368	3	1	2	3	8	4	1	
369	3	1	2	1	5	4	3	
370	4	2	3	1	1	22	1	
371	1	12	6	2	1	4	1	
372	1	2	3	1	5	22	1	
373	3	1	11	2	5	4	1	
374	1	4	11	4	5	2	6	
375	3	1	4	3	1	4	3	
376	1	4	2	3	8	4	3	
377	3	30	11	3	1	4	3	
378	18	12	3	2	1	2	1	
379	1	2	2	3	5	4	1	
380	3	2	2	1	1	4	3	
381	1	2	2	1	1	3	1	
382	1	1	3	4	5	1	1	
383	1	4	6	2	3	1	1	
384	1	12	3	3	1	4	1	
385	1	4	11	4	5	4	6	
386	3	1	3	1	1	2	1	
387	1	12	6	1	1	1	1	
388	1	1	4	1	1	22	1	
389	3	1	11	1	1	4	1	
390	1	1	14	2	1	22	1	
391	1	2	10	2	1	8	1	
392	1	2	6	1	1	4	1	
393	3	2	3	1	1	4	1	
394	3	4	11	3	1	4	3	
395	1	3	36	1	1	4	3	
396	3	2	2	3	5	3	1	
397	3	12	6	1	1	4	3	
398	1	2	3	1	1	22	1	
399	3	1	4	1	1	22	1	
400	1	12	3	2	1	8	1	
401	3	3	2	1	1	4	1	
402	3	1	2	3	1	2	1	
403	1	4	3	1	6	1	1	
404	1	1	4	3	1	4	3	
405	1	4	6	2	1	2	1	
406	1	4	13	2	1	1	1	
407	3	1	3	3	1	2	18	
408	3	1	2	3	8	4	24	
409	3	1	36	1	1	4	1	
410	1	1	11	1	1	4	1	
411	1	4	4	3	1	3	1	
412	1	4	10	1	1	2	1	
413	3	2	6	1	1	3	3	
414	3	1	2	1	8	4	3	
415	1	1	11	4	5	4	6	
416	1	1	6	2	1	42	1	
417	18	4	6	2	5	1	3	
418	1	4	37	3	1	1	1	
419	3	4	37	3	1	1	1	
420	1	4	3	1	1	29	1	
421	4	12	3	4	25	2	3	
422	3	1	3	1	8	4	3	
423	3	4	11	4	1	4	6	
424	4	12	10	4	8	3	1	
425	1	6	6	31	15	9	1	
426	1	4	2	2	1	19	3	
427	1	2	3	18	3	22	11	
428	1	2	13	4	1	2	25	
429	12	4	3	1	15	21	1	
430	19	2	3	4	1	9	7	
431	1	4	13	2	8	44	1	
432	8	16	24	2	1	6	11	
433	2	4	3	14	27	22	1	
434	1	15	23	4	1	6	11	
435	1	4	13	4	1	12	1	
436	1	1	2	32	5	1	1	
437	12	32	3	2	3	43	1	
438	1	1	2	3	1	2	1	
439	4	23	38	4	1	8	1	
440	4	2	38	4	1	8	1	
441	3	2	6	1	1	3	1	
442	1	1	3	2	1	8	1	
443	1	2	3	19	6	6	26	
444	12	2	27	4	1	19	1	
445	8	4	13	2	1	8	1	
446	1	2	13	2	6	33	1	
447	1	34	3	1	1	19	11	
448	15	2	13	2	1	8	11	
449	1	2	14	4	26	22	27	
450	1	33	13	4	1	9	1	
451	3	1	5	33	1	4	1	
452	1	2	13	2	1	33	1	
453	1	7	3	4	1	2	1	
454	1	23	3	4	1	9	11	
455	20	7	13	4	1	22	1	
456	10	2	3	4	15	22	1	
457	1	18	3	2	1	22	1	
458	1	7	13	31	15	2	25	
459	1	16	3	12	1	22	1	
460	1	7	13	7	1	12	11	
461	12	2	3	1	28	22	1	
462	1	6	3	14	8	6	28	
463	1	173	13	1	6	1	18	
464	1	35	13	18	1	22	1	
465	1	2	3	1	1	12	1	
466	1	12	23	4	15	12	1	
467	1	1	6	31	1	9	1	
468	1	2	3	4	1	2	1	
469	1	15	13	2	3	24	1	
470	1	16	3	4	1	2	1	
471	1	16	13	4	1	21	1	
472	1	2	6	1	8	22	6	
473	4	2	14	2	1	6	1	
474	4	12	3	4	1	1	20	
475	17	36	35	4	23	39	29	
476	1	2	23	27	2	26	1	
477	1	2	13	2	6	19	11	
478	1	23	13	4	1	6	1	
479	21	2	3	4	15	22	1	
480	1	16	31	2	1	22	1	
481	1	1	3	2	1	9	1	
482	1	4	3	1	1	12	1	
483	1	2	3	2	1	22	11	
484	1	1	2	2	5	3	3	
485	1	1	2	2	6	4	1	
486	1	1	3	1	6	4	1	
487	1	1	3	2	1	3	1	
488	1	1	3	3	1	3	1	
489	1	1	4	3	6	30	1	
490	1	1	11	4	1	29	1	
491	1	1	13	1	1	3	1	
492	1	1	13	3	1	1	1	
493	1	2	2	2	5	3	1	
494	1	2	2	3	6	29	1	
495	1	2	2	1	6	4	1	
496	1	2	4	3	1	4	3	
497	1	2	6	34	1	4	1	
498	1	4	2	2	1	16	1	
499	1	4	3	3	1	3	1	
500	1	4	13	1	1	4	3	
501	1	12	6	2	1	2	3	
502	3	1	2	2	1	4	1	
503	3	1	3	2	1	3	1	
504	3	1	4	3	6	3	1	
505	3	1	6	3	1	4	1	
506	3	1	6	3	5	4	1	
507	3	1	11	3	5	4	6	
508	3	1	36	1	1	4	3	
509	3	1	39	1	1	3	1	
510	3	2	2	1	5	4	6	
511	3	2	11	3	1	4	6	
512	3	4	4	3	5	4	6	
513	3	4	13	3	5	4	6	
514	1	2	3	34	1	19	1	
515	9	20	13	2	1	45	11	
516	1	6	27	4	6	12	1	
517	15	37	27	2	5	8	11	
518	1	1	13	2	1	1	1	
519	1	2	3	3	1	3	1	
520	1	2	3	3	1	1	1	
521	1	1	2	1	1	3	1	
522	3	4	11	3	6	4	6	
523	1	1	2	2	3	4	1	
524	3	4	13	1	1	22	1	
525	1	12	6	1	1	42	1	
526	1	2	4	1	1	1	1	
527	3	1	40	1	1	4	1	
528	3	2	2	4	1	22	1	
529	1	1	2	1	5	3	6	
530	1	2	4	1	6	4	1	
531	1	4	2	3	1	4	1	
532	3	4	11	35	5	4	6	
533	1	12	3	1	1	4	1	
534	1	1	3	1	6	10	1	
535	1	4	12	3	1	2	1	
536	3	1	2	2	6	30	1	
537	6	10	15	8	6	14	8	
538	1	1	13	1	1	19	1	
539	1	1	4	1	6	30	1	
540	1	4	2	2	6	4	1	
541	3	4	2	3	5	4	1	
542	3	1	11	3	6	22	3	
543	3	4	11	3	5	1	1	
544	1	3	2	3	8	4	3	
545	1	12	2	3	5	22	1	
546	3	4	40	1	1	4	31	
547	3	1	41	3	6	22	3	
548	3	1	3	1	1	1	1	
549	3	12	2	3	5	4	1	
550	1	4	6	2	1	2	3	
551	3	4	2	3	8	4	1	
552	1	27	6	4	15	35	1	
553	1	1	3	4	30	2	30	
554	1	23	38	4	15	8	1	
555	1	1	3	2	1	6	1	
556	9	2	13	2	8	8	1	
557	22	4	13	4	15	8	1	
558	1	23	13	27	6	26	13	
559	1	23	3	27	6	26	13	
560	1	22	3	4	8	9	1	
561	22	4	14	2	1	8	1	
562	1	1	4	1	1	29	1	
563	1	2	3	2	1	12	1	
564	8	4	22	2	1	2	1	
565	8	4	3	14	32	12	1	
566	1	7	14	2	31	12	1	
567	8	37	13	2	1	3	1	
568	1	4	13	4	1	19	1	
569	1	15	14	19	1	6	1	
570	1	2	13	2	1	6	1	
571	1	4	14	2	1	12	1	
572	22	3	14	4	8	8	1	
573	4	38	23	4	1	24	1	
574	1	39	14	4	1	2	1	
575	4	6	3	28	33	12	32	
576	1	1	3	4	15	24	1	
577	1	6	42	4	15	2	1	
578	4	6	3	28	1	12	32	
579	1	23	3	4	1	21	1	
580	1	40	3	2	1	22	1	
581	1	6	3	4	1	2	1	
582	1	23	3	4	1	2	1	
583	1	15	13	4	3	21	1	
584	1	23	23	4	1	12	1	
585	1	6	3	2	15	6	11	
586	1	39	14	18	1	2	1	
587	1	7	13	21	1	9	1	
588	1	2	14	4	1	8	33	
589	3	1	11	1	1	1	1	
590	1	2	3	4	1	2	57	
591	1	15	13	2	1	3	1	
592	1	2	22	2	5	2	1	
593	1	2	3	2	5	19	1	
594	1	4	3	2	1	2	1	
595	1	2	13	19	34	22	11	
596	1	12	3	1	13	19	1	
597	1	2	3	4	1	2	11	
598	4	4	3	4	3	1	20	
599	8	4	6	2	1	19	1	
600	8	15	13	2	6	6	11	
601	1	2	2	2	8	6	1	
602	12	1	22	2	1	8	1	
603	1	6	13	4	15	12	11	
604	15	2	3	1	35	8	11	
605	15	39	13	4	5	12	1	
606	1	23	13	4	15	2	1	
607	1	15	22	2	1	2	1	
608	1	41	13	2	1	6	1	
609	1	1	3	2	1	11	1	
610	12	4	22	2	1	2	1	
611	8	4	3	2	3	6	1	
612	1	4	14	2	1	22	1	
613	1	4	43	4	1	48	11	
614	1	4	3	2	5	6	4	
615	4	2	14	2	1	1	3	
616	1	1	13	4	6	22	1	
617	1	16	3	4	2	8	1	
618	1	15	3	2	5	2	1	
619	1	2	3	2	1	35	1	
620	8	4	6	2	1	6	1	
621	15	2	3	2	15	5	1	
622	1	1	3	2	1	19	1	
623	1	4	13	2	36	22	1	
624	1	15	13	31	1	21	1	
625	1	6	6	2	1	9	4	
626	1	16	22	2	2	35	1	
627	15	2	13	14	20	35	11	
628	15	2	3	4	37	6	1	
629	1	4	13	19	6	8	11	
630	1	2	13	4	6	9	11	
631	12	4	23	19	1	46	1	
632	1	2	25	4	1	2	11	
633	23	15	3	36	8	6	1	
634	1	4	13	4	6	47	11	
635	15	2	14	2	1	19	13	
636	1	2	3	4	3	21	34	
637	1	16	3	2	1	8	1	
638	1	42	12	18	1	22	1	
639	1	2	13	4	1	6	1	
640	1	16	22	2	15	6	1	
641	1	27	14	2	1	12	11	
642	4	2	14	2	1	22	1	
643	1	2	13	2	1	12	1	
644	1	2	44	12	15	19	1	
645	8	4	3	2	3	22	1	
646	24	43	45	37	38	49	35	
647	1	2	3	1	35	2	1	
648	1	4	27	4	5	9	1	
649	3	1	4	3	1	30	1	
650	1	2	28	2	1	4	1	
651	1	1	2	2	1	16	1	
652	3	4	11	3	1	3	6	
653	1	1	2	2	1	3	1	
654	3	2	11	3	5	4	6	
655	1	2	6	2	1	1	3	
656	1	4	2	2	1	1	1	
657	1	1	2	3	1	1	1	
658	1	4	2	1	1	4	3	
659	1	1	3	2	1	1	1	
660	3	6	17	2	1	15	11	
661	3	1	2	1	1	1	3	
662	25	1	10	2	6	1	1	
663	1	18	2	4	40	6	1	
664	1	2	3	2	1	19	11	
665	1	15	3	4	1	50	1	
666	1	2	46	2	1	26	1	
667	1	4	13	4	1	6	1	
668	9	4	13	4	1	6	1	
669	6	10	15	29	9	51	8	
670	1	2	2	1	1	3	3	
671	1	12	2	4	1	53	1	
672	3	1	3	3	1	2	6	
673	1	2	14	4	6	9	1	
674	1	2	13	4	1	8	1	
675	1	6	6	4	1	2	1	
676	1	2	3	21	1	2	1	
677	1	1	3	1	1	22	1	
678	1	7	26	4	1	22	1	
679	1	2	3	2	2	6	1	
680	8	23	3	2	1	1	1	
681	1	2	14	4	15	2	11	
682	1	4	3	2	1	22	1	
683	1	6	3	4	39	6	11	
684	1	4	11	3	1	4	6	
685	1	4	11	1	1	10	1	
686	1	2	6	2	5	4	1	
687	1	2	3	1	6	4	1	
688	3	12	13	2	1	2	3	
689	1	1	3	1	1	3	1	
690	1	4	2	3	1	16	1	
691	1	12	3	3	3	22	3	
692	1	4	3	2	1	3	1	
693	3	2	11	1	1	4	6	
694	3	1	2	1	1	22	1	
695	1	4	49	4	1	4	1	
696	6	5	9	11	7	20	14	
697	1	15	13	1	1	29	11	
698	1	1	13	1	5	1	36	
699	6	10	15	29	9	14	9	
700	1	4	2	1	3	12	1	
701	3	1	2	1	5	22	3	
702	1	12	3	2	1	1	3	
703	1	12	28	1	1	42	1	
704	1	1	6	1	1	29	1	
705	3	4	2	3	1	4	1	
706	29	46	50	40	45	59	37	
707	1	1	10	2	5	2	1	
708	3	1	11	4	1	29	1	
709	1	15	14	4	1	12	1	
710	1	15	13	2	6	54	1	
711	1	2	3	2	41	2	1	
712	1	2	6	18	15	35	1	
713	1	15	3	2	4	21	11	
714	1	6	13	2	1	12	1	
715	1	23	3	39	1	12	1	
716	1	39	13	2	1	9	1	
717	12	29	47	4	1	12	1	
718	8	15	13	2	1	54	1	
719	1	37	3	2	6	27	1	
720	1	7	3	21	29	22	13	
721	1	18	14	4	1	19	3	
722	1	2	6	4	1	2	1	
723	26	1	44	4	15	8	1	
724	1	4	3	4	1	6	11	
725	1	2	3	2	5	8	11	
726	12	29	14	4	1	2	1	
727	1	4	13	1	1	2	1	
728	1	2	3	4	42	2	1	
729	12	44	47	4	1	2	1	
730	1	2	31	1	6	55	1	
731	1	7	3	38	15	52	1	
732	4	4	3	4	43	21	1	
733	1	4	6	2	5	8	3	
734	1	2	3	2	1	2	1	
735	1	7	13	4	5	2	11	
736	1	2	13	4	18	22	13	
737	1	23	14	14	1	24	1	
738	1	6	13	12	15	12	1	
739	1	2	14	20	1	12	1	
740	1	2	3	14	1	22	11	
741	2	4	3	2	1	2	1	
742	26	32	3	2	6	56	1	
743	1	15	47	4	1	22	1	
744	1	2	13	2	8	12	1	
745	2	4	13	14	1	2	1	
746	12	29	47	4	1	57	1	
747	1	16	14	2	15	19	1	
748	1	4	14	4	1	12	1	
749	1	23	23	4	1	22	1	
750	1	7	6	15	1	22	1	
751	1	45	3	2	1	22	1	
752	1	23	3	4	5	12	1	
754	12	2	3	4	1	6	85	
755	1	3	14	1	1	9	1	
756	3	1	3	1	6	4	1	
757	1	2	13	2	15	2	11	
758	1	6	13	4	1	6	1	
759	1	7	3	4	1	22	1	
760	1	2	6	31	1	6	1	
761	1	4	10	2	1	4	1	
762	1	4	13	14	1	22	1	
763	1	1	3	4	30	2	1	
764	1	2	48	4	3	8	1	
765	1	6	13	4	1	22	1	
766	1	16	3	4	1	8	1	
767	1	1	11	2	1	3	1	
768	1	16	3	27	2	6	1	
770	1	4	24	2	1	58	1	
771	1	1	3	2	1	2	1	
772	8	4	13	4	1	2	1	
773	4	23	38	4	1	8	11	
774	1	2	22	2	5	6	77	
775	1	7	3	4	1	22	11	
776	1	7	3	7	1	12	11	
777	1	4	3	4	15	2	1	
778	15	2	13	4	1	19	13	
779	4	2	13	4	1	22	11	
780	1	24	13	4	15	8	1	
781	1	1	3	2	1	33	1	
782	1	2	3	4	8	22	1	
783	14	6	13	4	15	46	1	
784	1	4	24	2	1	24	1	
785	1	7	3	21	29	9	1	
786	12	16	22	2	8	27	3	
787	1	6	14	1	1	19	1	
788	1	3	3	22	1	33	1	
789	1	4	23	4	44	12	11	
790	4	1	13	2	1	23	11	
791	1	2	6	4	15	25	1	
792	1	7	6	15	15	22	1	
793	1	4	14	4	1	21	1	
794	1	4	31	1	1	26	1	
795	12	29	47	31	15	6	25	
796	27	3	3	4	1	35	1	
797	1	2	48	4	3	12	1	
798	28	1	13	4	6	22	1	
799	22	4	14	2	1	24	1	
800	1	16	14	4	1	8	1	
801	1	2	3	4	1	12	1	
802	1	15	13	2	6	21	1	
803	1	4	13	14	1	2	11	
804	1	2	3	4	1	19	1	
805	13	2	13	4	4	27	1	
806	1	16	14	2	46	19	1	
807	1	2	14	4	1	2	1	
808	1	15	3	41	1	6	1	
809	10	2	3	2	3	22	1	
810	1	47	13	14	20	3	11	
811	1	6	3	4	5	2	1	
812	4	48	14	14	1	6	1	
813	1	6	23	4	44	12	11	
814	1	39	3	2	5	6	4	
815	1	3	13	22	1	6	1	
816	1	4	3	2	2	19	1	
817	12	4	3	2	8	6	1	
818	8	4	13	2	31	6	38	
819	8	4	13	1	8	8	1	
820	1	4	3	2	6	19	11	
821	3	4	3	3	1	4	6	
822	1	4	12	2	1	3	3	
823	3	1	11	4	5	2	1	
824	3	1	3	1	6	3	1	
825	1	1	3	1	6	3	1	
826	1	1	3	1	1	10	1	
827	1	4	28	2	5	4	1	
828	1	4	3	2	1	10	1	
829	1	4	2	2	1	2	1	
830	1	1	13	1	1	4	1	
831	3	2	11	1	1	3	1	
832	1	2	28	2	5	3	1	
833	1	2	12	1	1	4	1	
834	3	1	6	1	1	29	1	
835	1	4	28	1	1	4	1	
836	1	1	2	2	5	4	1	
837	1	4	3	2	47	1	1	
838	1	2	52	22	4	19	1	
839	1	15	13	4	6	2	1	
840	4	2	3	4	1	22	1	
841	1	15	3	4	15	8	1	
842	8	15	3	2	6	12	13	
843	1	16	3	2	5	2	7	
844	1	2	51	2	1	8	1	
845	4	6	13	4	17	12	1	
846	1	1	3	4	42	2	1	
847	1	6	3	2	1	8	1	
848	1	1	3	4	15	6	11	
849	4	4	3	2	1	22	1	
850	22	16	14	2	1	2	1	
851	1	23	13	2	1	22	1	
852	1	16	3	2	1	6	1	
853	1	6	3	4	15	19	1	
854	4	2	6	2	1	1	1	
855	30	2	52	1	1	2	1	
856	4	2	10	2	1	2	1	
857	4	12	3	2	1	8	3	
858	1	12	3	2	1	1	1	
859	4	12	3	2	1	1	1	
860	4	16	13	18	6	6	1	
861	1	4	27	4	1	38	11	
862	1	1	13	2	8	6	11	
863	1	49	14	2	1	27	1	
864	2	50	13	2	2	2	2	
865	1	2	13	2	6	19	1	
866	15	2	31	2	6	27	15	
867	4	4	10	2	1	8	11	
868	1	6	42	2	15	22	1	
869	4	2	13	4	1	12	1	
870	1	4	3	2	15	22	1	
871	1	4	2	1	1	4	1	
872	1	1	2	1	1	10	1	
873	3	4	6	3	5	4	3	
874	1	4	3	2	1	4	1	
875	3	1	2	42	1	4	3	
876	1	2	13	2	15	2	1	
877	1	12	3	43	1	27	1	
878	1	2	31	2	1	22	1	
879	1	1	10	2	6	1	39	
880	1	16	13	2	1	27	1	
881	4	1	6	1	8	60	1	
882	1	16	3	4	1	12	11	
883	1	2	3	4	15	24	1	
884	1	2	3	2	1	3	1	
885	1	15	14	2	1	8	1	
886	1	4	13	4	15	12	1	
887	1	1	3	22	3	22	1	
888	10	4	14	2	15	12	1	
889	13	1	3	4	1	27	1	
890	1	2	3	4	3	21	1	
891	1	2	13	4	3	19	1	
892	1	1	47	2	1	12	1	
893	1	2	44	2	1	8	1	
894	1	2	3	4	20	22	11	
895	1	2	3	14	1	8	1	
896	1	2	3	2	16	2	1	
897	8	2	3	4	20	12	1	
898	1	1	2	3	5	1	1	
899	12	4	3	19	15	22	1	
900	1	2	3	4	6	61	1	
901	1	6	3	2	6	27	11	
902	8	6	3	12	15	12	1	
903	1	39	3	28	1	2	11	
904	4	47	13	2	20	33	1	
905	8	1	13	44	1	2	1	
906	1	4	13	1	8	22	6	
907	1	2	54	2	48	33	1	
908	10	48	13	2	5	6	1	
909	4	1	3	1	1	22	1	
910	1	2	4	2	1	4	1	
911	1	1	2	1	1	4	3	
912	1	1	6	2	1	1	1	
913	1	1	3	4	1	3	1	
914	4	2	2	1	1	1	1	
915	4	2	28	3	1	4	1	
916	1	4	3	1	1	1	1	
917	1	1	28	1	1	4	1	
918	4	1	28	3	1	4	1	
919	3	4	2	1	1	29	1	
920	1	4	2	2	6	16	1	
921	1	4	2	1	6	4	1	
922	3	4	2	4	1	4	6	
923	1	4	12	1	1	1	1	
924	1	26	6	1	5	22	1	
925	1	1	28	1	1	3	1	
926	1	1	12	2	1	3	3	
927	4	1	55	3	1	4	1	
928	1	4	3	1	1	62	1	
929	4	4	3	1	1	22	1	
930	1	1	3	2	5	1	1	
931	3	1	3	4	5	2	1	
932	1	1	3	3	6	2	1	
933	1	4	12	2	1	3	1	
934	1	4	6	3	1	2	1	
935	1	1	3	1	5	4	1	
936	1	4	28	3	47	1	1	
937	3	1	3	3	1	3	1	
938	1	4	37	4	1	2	1	
939	3	1	3	4	5	29	1	
940	4	4	55	2	1	4	1	
941	1	4	3	2	6	4	1	
942	1	1	6	2	1	63	1	
943	1	1	28	3	6	1	1	
944	1	4	14	4	3	42	1	
945	4	1	3	3	1	42	3	
946	1	1	28	2	5	3	1	
947	1	4	2	2	5	4	1	
948	1	1	2	2	5	29	1	
949	1	2	11	1	1	2	1	
950	1	1	4	1	6	3	1	
951	1	1	2	1	1	1	1	
952	1	4	11	3	5	2	1	
953	1	4	3	2	8	8	1	
954	1	6	47	4	18	2	1	
955	8	6	13	2	3	6	11	
956	1	2	13	2	1	45	11	
957	8	2	3	2	6	9	1	
958	1	2	14	22	1	8	1	
959	1	12	3	22	1	38	4	
960	1	2	3	2	1	1	3	
961	1	2	4	1	6	3	1	
962	33	54	58	45	49	65	42	
963	24	52	45	37	50	66	35	
964	24	53	45	37	50	67	35	
965	1	2	14	25	15	8	1	
966	8	15	23	4	6	12	11	
967	1	2	3	2	15	12	1	
968	1	7	3	21	29	6	13	
969	1	4	13	18	32	35	1	
970	1	7	26	4	1	22	13	
971	1	55	3	4	1	19	1	
972	1	1	13	4	1	6	1	
973	1	15	3	4	1	2	1	
974	34	2	3	4	8	35	1	
975	1	4	3	47	1	12	1	
976	1	2	13	2	1	33	43	
977	4	2	3	2	15	8	11	
978	1	2	13	4	2	6	2	
979	12	2	3	1	1	19	1	
980	4	2	13	2	1	12	1	
981	1	2	13	2	51	9	1	
982	1	1	3	4	8	8	27	
983	1	7	26	4	1	6	13	
984	22	4	14	4	1	6	1	
985	1	2	20	2	1	9	1	
986	22	4	14	2	1	12	1	
987	1	2	6	4	15	19	1	
988	1	2	20	2	1	9	11	
989	1	4	3	46	1	6	1	
990	1	3	3	2	6	27	11	
991	1	2	3	2	1	22	15	
992	1	2	6	4	15	27	1	
993	12	16	44	2	15	21	1	
994	1	15	3	2	5	6	1	
995	1	6	59	1	1	21	1	
996	8	4	22	1	6	22	44	
997	4	1	13	1	8	60	1	
998	1	15	3	14	1	8	11	
999	2	50	13	2	2	2	1	
1000	1	2	6	4	20	2	1	
1001	4	2	6	1	1	29	1	
1002	31	51	56	48	52	64	40	
1003	32	51	57	48	52	64	41	
1004	1	1	2	1	6	4	1	
1005	3	1	4	1	6	4	1	
1006	1	1	12	1	1	3	1	
1007	3	1	2	1	6	4	1	
1008	1	3	3	1	5	1	1	
1009	1	1	37	3	1	1	1	
1010	1	1	6	1	1	1	1	
1011	4	4	3	2	1	4	1	
1012	1	4	3	2	53	2	3	
1013	35	56	61	49	54	68	37	
1014	36	57	62	50	55	69	37	
1015	24	52	45	37	50	70	35	
1016	1	4	3	2	15	2	6	
1017	9	23	44	4	1	2	1	
1018	1	32	3	2	18	8	1	
1019	4	23	13	51	17	2	1	
1020	1	2	13	22	18	38	13	
1021	1	58	14	4	1	71	1	
1022	1	7	6	14	1	22	1	
1023	16	59	63	52	56	72	45	
1024	4	2	3	28	15	12	32	
1025	8	2	23	4	1	22	1	
1026	1	4	3	2	15	2	11	
1027	37	24	13	2	1	22	1	
1028	1	2	6	4	15	2	1	
1029	1	2	22	1	6	6	13	
1030	1	7	13	31	15	6	1	
1031	1	15	13	2	6	33	1	
1032	1	1	13	43	15	6	13	
1033	1	2	13	4	1	12	1	
1034	4	60	3	2	1	1	3	
1035	38	61	64	54	57	73	37	
1036	39	62	65	55	58	68	37	
1037	40	63	66	49	59	74	37	
1038	1	1	2	56	5	1	1	
1039	41	64	67	57	60	6	46	
1040	4	15	3	1	2	6	1	
1041	8	2	13	4	1	6	11	
1042	1	2	3	2	1	21	1	
1043	4	1	3	2	5	2	1	
1044	4	23	13	4	17	2	1	
1045	3	3	3	2	1	29	1	
1046	1	2	13	4	1	6	11	
1047	42	32	3	28	6	9	1	
1048	1	1	22	2	18	12	1	
1049	13	22	13	58	1	6	11	
1050	1	2	14	4	1	71	1	
1051	1	12	6	1	1	2	1	
1052	24	53	45	53	61	67	47	
1053	4	12	3	2	5	2	1	
1054	4	12	34	1	5	2	1	
1055	1	3	13	2	1	33	1	
1056	8	2	13	2	3	38	1	
1057	3	1	3	3	1	2	3	
1058	40	65	68	59	62	68	37	
1059	40	70	71	61	66	68	50	
1060	40	71	68	64	67	77	48	
1061	40	72	66	61	68	68	37	
1062	46	73	72	49	67	68	37	
1063	47	74	66	61	69	78	51	
1064	40	67	70	61	64	68	37	
1065	40	67	73	49	70	69	37	
1066	40	75	66	65	71	79	37	
1067	40	76	66	49	72	68	48	
1068	40	77	74	61	73	77	37	
1069	44	66	69	60	63	76	49	
1070	1	2	14	4	1	22	1	
1071	40	69	75	61	74	77	37	
1072	40	78	66	61	75	68	37	
1073	40	61	62	50	76	68	37	
1074	8	28	3	18	1	6	6	
1075	1	4	14	4	26	22	27	
1076	48	61	73	61	77	68	37	
1077	49	79	76	61	78	80	37	
1078	48	80	77	61	73	68	37	
1079	43	61	61	50	54	75	48	
1080	43	61	62	50	71	68	52	
1081	50	81	78	66	76	68	53	
1082	45	68	64	62	65	77	37	
1083	41	64	67	57	60	68	46	
1084	51	82	79	57	79	68	54	
1085	52	64	80	67	80	68	54	
1086	48	83	62	55	81	81	55	
1087	53	64	81	57	82	68	54	
1088	51	84	79	67	82	68	54	
1089	1	3	2	1	1	2	1	
1090	3	2	3	4	1	1	1	
1091	3	4	2	1	1	4	3	
1092	1	3	6	1	1	2	1	
1093	4	4	3	3	5	1	3	
1094	1	2	28	3	1	9	3	
1095	1	12	3	2	1	2	3	
1096	3	4	28	1	1	3	1	
1097	1	1	11	3	1	4	1	
1098	1	4	2	1	5	1	3	
1099	1	12	3	2	1	2	1	
1100	3	1	13	1	1	4	3	
1101	1	4	11	1	1	22	1	
1102	1	12	2	2	5	29	1	
1103	3	1	3	1	1	3	1	
1104	3	1	36	3	5	2	3	
1105	1	4	2	3	5	4	1	
1106	1	2	28	3	8	4	3	
1107	1	4	3	1	1	22	1	
1108	3	1	2	68	1	4	3	
1109	1	2	2	1	1	4	1	
1110	1	12	3	2	1	22	3	
1111	3	4	11	4	1	4	1	
1112	1	85	3	2	5	27	11	
1113	4	26	6	1	5	1	1	
1114	1	12	3	2	3	22	3	
1115	1	2	6	1	1	29	1	
1116	1	2	6	1	1	8	1	
1117	18	4	6	2	1	1	3	
1118	54	12	6	4	1	42	3	
1119	1	7	3	31	1	12	56	
1120	40	86	72	61	83	82	37	
1121	1	18	13	2	5	6	1	
1122	1	1	19	2	5	2	1	
1123	1	2	3	2	15	22	1	
1124	4	4	10	2	1	2	1	
1125	10	22	14	4	1	3	1	
1126	6	5	9	5	7	7	5	
1127	1	1	10	2	5	2	39	
1128	1	1	10	2	5	1	39	
1129	8	4	24	2	1	12	11	
1130	3	1	2	69	1	3	3	
1131	3	1	2	4	1	4	6	
1132	1	12	6	2	1	1	3	
1133	1	4	10	1	1	1	1	
1134	4	12	6	2	1	1	3	
1135	1	2	6	4	1	2	57	
1136	1	2	6	2	1	2	57	
1137	1	2	6	2	1	8	3	
1138	4	4	3	4	1	1	3	
1139	8	2	6	4	1	2	3	
1140	4	2	6	2	1	1	3	
1141	1	2	14	2	1	1	1	
1142	1	12	13	2	5	2	58	
1143	1	4	3	2	1	2	3	
1144	1	2	14	2	3	1	3	
1145	1	2	6	2	1	2	3	
1146	1	12	6	2	20	1	3	
1147	1	12	6	2	1	8	3	
1148	55	4	14	2	1	2	1	
1149	1	1	2	1	5	6	1	
1150	56	57	62	59	73	83	48	
1151	57	87	78	66	84	68	59	
1152	1	4	3	4	1	2	3	
1153	40	61	83	49	86	85	37	
1154	59	89	84	71	87	68	60	
1155	48	90	61	55	88	86	61	
1156	60	91	85	61	89	87	37	
1157	50	92	86	66	90	88	53	
1158	61	93	87	57	82	68	54	
1159	38	61	64	72	91	89	62	
1160	38	61	88	62	92	90	37	
1161	62	94	62	72	93	77	37	
1162	43	95	62	61	78	81	55	
1163	48	61	66	61	94	69	37	
1164	63	61	70	61	95	91	37	
1165	64	96	62	73	96	81	63	
1166	65	97	89	54	97	68	64	
1167	66	105	90	54	98	68	37	
1168	67	56	91	62	99	68	64	
1169	50	98	91	62	99	68	64	
1170	43	161	62	61	100	81	55	
1171	49	61	66	61	101	92	37	
1172	68	99	66	50	54	93	37	
1173	40	61	92	49	102	94	37	
1174	40	100	93	50	103	68	37	
1175	69	105	94	54	97	68	64	
1176	70	101	95	61	104	68	37	
1177	71	102	66	74	105	95	37	
1178	72	103	64	75	106	77	37	
1179	4	4	10	2	1	8	20	
1180	40	77	66	61	67	68	37	
1181	43	61	62	50	81	68	55	
1182	73	106	62	76	73	96	37	
1183	74	61	62	49	107	97	37	
1184	40	61	66	50	108	98	37	
1185	40	67	65	49	109	82	37	
1186	40	107	66	77	110	68	37	
1187	75	108	90	54	99	68	37	
1188	74	61	75	61	74	68	37	
1189	40	86	73	61	111	99	55	
1190	50	109	96	78	112	68	37	
1191	76	73	62	79	113	82	55	
1192	56	57	70	49	114	83	37	
1193	40	63	97	80	115	68	37	
1194	59	110	84	71	116	68	37	
1195	43	111	62	61	81	100	37	
1196	48	112	62	50	117	101	37	
1197	49	56	73	81	118	102	37	
1198	77	61	98	62	76	68	65	
1199	40	113	99	64	119	77	37	
1200	78	98	100	54	120	68	64	
1201	50	114	62	82	106	88	55	
1202	47	115	62	83	121	103	37	
1203	50	114	98	84	122	104	37	
1204	43	116	72	49	67	105	37	
1205	50	61	101	62	116	68	66	
1206	66	108	100	54	99	68	64	
1207	74	61	75	55	74	68	37	
1208	79	105	102	54	123	68	64	
1209	80	117	103	62	100	68	37	
1210	81	118	102	54	99	68	64	
1211	82	108	103	85	100	68	37	
1212	75	119	104	62	66	68	65	
1213	81	105	91	62	120	68	64	
1214	40	120	66	50	119	106	37	
1215	40	121	68	86	121	81	37	
1216	48	122	95	87	124	107	37	
1217	69	108	105	88	99	68	37	
1218	47	123	62	50	88	68	37	
1219	35	61	66	89	125	107	37	
1220	40	111	61	61	126	68	37	
1221	40	65	66	90	127	68	67	
1222	83	124	62	54	128	77	37	
1223	75	114	62	91	129	88	55	
1224	40	100	62	89	76	77	48	
1225	35	126	70	61	67	69	48	
1226	85	69	106	92	131	108	37	
1227	81	127	100	54	99	68	64	
1228	86	128	62	93	88	109	68	
1229	40	126	72	61	71	69	37	
1230	40	100	62	89	83	77	37	
1231	80	108	91	54	99	68	64	
1232	84	125	66	61	130	68	37	
1233	56	61	107	61	132	68	48	
1234	77	61	104	94	76	68	65	
1235	85	69	106	92	131	77	37	
1236	87	81	68	61	133	69	37	
1237	50	61	98	62	134	68	69	
1238	40	56	108	95	135	110	37	
1239	43	56	66	61	136	83	55	
1240	40	100	68	61	137	77	37	
1241	38	129	109	96	106	77	37	
1242	81	130	110	54	120	68	64	
1243	38	129	64	54	57	73	37	
1244	40	71	68	50	59	111	37	
1245	88	129	64	72	138	77	37	
1246	43	131	111	61	70	112	37	
1247	40	132	66	61	139	82	37	
1248	40	100	68	97	121	69	48	
1249	89	133	112	98	140	113	70	
1250	38	129	64	72	57	77	37	
1251	90	129	64	99	141	73	37	
1252	53	82	113	57	82	68	71	
1253	69	61	110	62	142	68	37	
1254	50	61	114	100	143	68	37	
1255	78	108	86	54	99	68	64	
1256	4	4	11	3	145	22	3	
1257	1	1	4	1	1	2	1	
1258	3	1	11	1	1	2	1	
1259	1	1	2	3	5	2	3	
1260	1	12	34	2	5	2	1	
1261	72	68	105	54	146	73	37	
1262	85	56	107	97	147	110	37	
1263	43	134	68	90	148	68	37	
1264	43	135	62	102	67	68	37	
1265	40	136	73	59	113	68	48	
1266	92	61	68	89	149	81	37	
1267	92	61	95	89	149	81	37	
1268	40	137	83	55	73	68	37	
1269	58	88	82	103	85	84	37	
1270	38	138	115	72	150	77	37	
1271	93	71	116	49	151	77	55	
1272	59	139	84	71	152	68	60	
1273	40	140	117	83	77	68	37	
1274	88	129	62	104	141	73	37	
1275	50	141	96	105	153	68	60	
1276	58	143	86	106	45	84	72	
1277	38	61	64	62	141	77	37	
1278	49	144	61	95	154	68	37	
1279	94	142	78	62	155	68	55	
1280	50	119	105	62	76	68	55	
1281	81	118	91	54	99	68	64	
1282	50	108	91	54	130	68	64	
1283	77	56	105	94	76	68	37	
1284	40	75	68	76	71	79	37	
1285	40	100	118	61	156	68	37	
1286	40	86	73	61	125	99	37	
1287	38	61	115	72	146	73	37	
1288	72	103	88	107	150	114	37	
1289	79	108	102	54	123	68	64	
1290	86	145	119	83	157	115	55	
1291	66	56	91	54	99	68	37	
1292	40	134	72	61	67	68	37	
1293	40	74	99	64	127	77	37	
1294	93	146	62	108	72	69	37	
1295	48	83	62	61	81	81	55	
1296	66	114	91	54	76	68	64	
1297	49	56	73	81	83	102	37	
1298	40	132	66	49	159	116	37	
1299	40	56	107	61	88	68	37	
1300	40	147	68	49	160	117	37	
1301	40	69	66	61	162	98	37	
1302	69	127	100	54	99	68	64	
1303	40	132	66	61	163	82	37	
1304	43	95	62	61	73	83	55	
1305	69	108	91	54	99	68	73	
1306	47	80	62	55	73	68	37	
1307	40	83	120	55	73	68	55	
1308	40	147	66	102	164	68	37	
1309	40	75	66	65	71	68	48	
1310	45	119	104	94	76	68	74	
1311	59	148	84	71	87	68	60	
1312	40	149	62	49	67	81	37	
1313	95	150	71	109	165	59	75	
1314	1	2	14	4	1	8	1	
1315	1	2	4	3	6	3	1	
1316	1	1	4	2	3	4	1	
1317	3	4	2	1	5	4	3	
1318	3	4	2	1	6	4	3	
1319	3	1	11	2	5	4	6	
1320	3	2	11	4	5	4	6	
1321	1	4	2	3	5	2	3	
1322	3	12	11	1	5	4	6	
1323	3	1	11	4	5	4	1	
1324	1	1	11	34	5	4	1	
1325	4	26	3	1	5	22	1	
1326	12	2	2	5	3	1	1	
1327	3	1	3	4	1	2	1	
1328	40	56	70	49	166	118	48	
1329	66	108	91	54	142	68	64	
1330	40	81	99	64	167	116	37	
1331	40	151	68	97	135	78	37	
1332	38	152	121	72	168	77	37	
1333	40	61	99	50	105	119	37	
1334	50	119	62	54	90	120	37	
1335	95	150	82	111	169	121	76	
1336	96	64	122	57	82	68	54	
1337	91	46	98	101	144	68	66	
1338	3	1	11	69	1	3	3	
1339	3	1	2	4	1	4	3	
1340	1	16	14	2	1	8	1	
1341	1	12	14	2	1	2	3	
1342	4	12	3	2	1	1	3	
1343	1	153	11	4	5	4	6	
1344	1	16	47	4	15	12	1	
1345	3	1	2	3	1	3	3	
1346	3	4	2	1	1	3	3	
1347	3	1	11	1	1	4	3	
1348	1	2	13	18	1	22	11	
1349	1	1	2	1	1	29	1	
1350	3	1	2	3	1	3	1	
1351	3	1	11	3	1	4	1	
1352	3	1	2	1	6	36	1	
1353	3	3	3	2	3	1	1	
1354	4	154	5	113	1	29	1	
1355	1	156	2	2	5	1	1	
1356	1	2	13	4	1	24	11	
1357	1	157	14	14	1	8	1	
1358	1	4	2	1	5	4	3	
1359	3	4	11	4	5	4	1	
1360	9	2	25	2	6	8	1	
1361	12	2	27	4	3	3	1	
1362	1	4	3	4	1	21	1	
1363	8	1	3	2	1	22	1	
1364	1	4	3	2	1	1	1	
1365	1	12	14	112	170	2	1	
1366	1	3	3	2	3	1	1	
1367	97	1	2	3	1	4	3	
1368	1	4	6	4	1	1	3	
1369	1	2	6	4	6	1	3	
1370	1	1	6	4	1	2	3	
1371	4	4	6	4	1	2	3	
1372	4	4	6	4	1	1	3	
1373	1	4	6	1	1	1	3	
1374	4	4	3	4	5	1	3	
1375	4	1	3	2	171	2	3	
1376	1	37	14	4	3	2	11	
1377	1	4	123	2	18	6	1	
1378	1	4	24	2	1	122	11	
1379	1	2	3	1	6	2	3	
1380	1	12	14	4	1	1	1	
1381	8	1	3	2	1	2	1	
1382	3	1	2	6	5	4	3	
1383	3	2	6	3	5	4	1	
1384	2	1	2	3	1	4	3	
1385	3	2	3	1	1	3	16	
1386	3	4	11	4	5	2	1	
1387	3	1	4	1	1	4	3	
1388	3	4	11	23	5	4	8	
1389	1	1	4	1	1	4	3	
1390	1	3	6	1	1	3	1	
1391	10	4	3	2	1	2	1	
1392	1	12	2	1	3	29	1	
1393	3	3	2	3	5	4	3	
1394	1	1	6	1	1	29	3	
1395	3	1	28	1	1	2	1	
1396	1	2	6	1	1	22	3	
1397	1	2	13	1	1	2	1	
1398	1	1	3	1	1	40	1	
1399	1	4	3	1	1	4	3	
1400	9	6	13	4	1	22	1	
1401	1	2	14	18	1	8	1	
1402	1	6	3	1	6	8	1	
1403	1	4	13	2	15	6	11	
1404	12	4	22	2	8	27	1	
1405	1	4	3	2	8	50	11	
1406	1	2	13	2	1	2	11	
1407	1	2	6	15	15	22	1	
1408	1	16	3	2	5	19	1	
1409	1	4	13	4	1	8	1	
1410	1	2	3	2	8	2	11	
1411	1	2	3	2	8	27	11	
1412	1	4	13	18	1	8	1	
1413	4	4	3	2	1	2	1	
1414	1	158	3	22	18	124	1	
1415	1	159	3	2	1	19	1	
1416	8	160	3	2	1	1	11	
1417	1	159	3	4	2	8	1	
1418	6	10	15	8	11	14	9	
1419	6	10	16	29	10	51	9	
1420	1	1	11	1	5	3	1	
1421	4	4	2	3	1	2	1	
1422	6	10	16	8	10	14	78	
1423	6	10	16	8	9	14	78	
1424	1	1	13	12	1	35	1	
1425	1	4	12	1	1	6	1	
1426	3	1	14	2	1	3	1	
1427	4	2	3	2	1	1	1	
1428	1	4	13	2	1	11	1	
1429	1	4	13	1	1	1	3	
1430	4	2	3	1	5	1	1	
1431	1	2	3	1	5	1	1	
1432	4	2	3	2	5	2	1	
1433	4	1	34	2	5	2	1	
1434	1	2	14	2	5	2	1	
1435	1	4	6	2	1	1	1	
1436	1	2	14	2	5	2	3	
1437	4	4	3	2	1	1	3	
1438	1	2	124	2	1	8	3	
1439	18	4	3	4	1	1	1	
1440	6	43	45	37	38	49	35	
1441	98	59	125	52	23	13	22	
1442	4	4	3	4	1	1	20	
1443	1	3	126	1	5	2	1	
1444	1	22	3	2	5	27	11	
1445	1	2	3	4	1	24	1	
1446	1	1	3	4	1	12	1	
1447	1	15	3	2	3	12	1	
1448	1	2	3	1	5	19	1	
1449	1	1	13	4	5	38	11	
1450	1	1	3	14	158	27	1	
1451	1	22	3	2	8	26	79	
1452	1	4	3	18	1	6	11	
1453	1	1	3	19	1	2	1	
1454	1	1	7	2	5	6	1	
1455	1	1	13	2	1	6	1	
1456	1	1	13	2	1	22	1	
1457	1	1	2	1	1	6	1	
1458	1	1	7	2	1	6	1	
1459	1	1	7	1	5	1	1	
1460	1	1	2	1	4	1	1	
1461	1	1	13	2	5	2	1	
1462	1	1	2	1	161	6	1	
1463	1	1	7	1	5	125	1	
1464	3	4	2	1	1	4	6	
1465	1	2	13	17	1	4	1	
1466	3	1	11	4	25	4	6	
1467	3	1	3	1	18	2	2	
1468	1	1	3	1	1	1	6	
1469	3	2	3	2	25	3	1	
1470	3	1	2	3	5	4	57	
1471	3	4	11	4	5	4	3	
1472	100	164	128	110	173	126	81	
1473	24	53	129	115	61	66	35	
1474	24	165	45	37	174	127	35	
1475	16	59	130	116	175	128	29	
1476	24	52	45	37	38	67	47	
1477	3	1	3	3	5	2	6	
1478	4	12	6	2	1	8	3	
1479	1	1	10	2	5	1	3	
1480	3	3	2	1	1	3	3	
1481	3	1	5	1	5	4	1	
1482	3	4	2	3	5	4	6	
1483	1	1	11	1	5	4	1	
1484	1	1	2	3	1	4	3	
1485	1	2	14	2	1	8	1	
1486	12	4	13	2	6	129	1	
1487	1	7	13	15	177	2	1	
1488	1	16	13	4	15	22	1	
1489	1	2	3	2	1	19	1	
1490	1	6	23	4	1	2	1	
1491	1	2	13	21	15	19	1	
1492	1	1	2	2	1	1	1	
1493	1	27	14	1	1	8	1	
1494	1	42	13	18	1	22	1	
1495	1	2	59	2	1	2	1	
1496	9	23	14	18	15	21	1	
1497	1	15	13	4	15	22	6	
1498	1	16	132	4	1	2	1	
1499	1	4	3	4	5	12	1	
1500	1	7	14	7	1	12	1	
1501	1	167	133	2	6	27	1	
1502	1	18	3	1	1	22	1	
1503	3	1	36	1	5	3	3	
1504	8	2	13	2	1	8	1	
1505	1	7	13	21	15	9	1	
1506	1	1	3	4	20	1	3	
1507	1	4	3	4	1	1	3	
1508	4	4	6	2	1	2	3	
1509	1	1	6	2	171	2	3	
1510	1	1	3	2	1	2	3	
1511	1	1	3	2	171	2	3	
1512	1	1	3	4	1	2	3	
1513	1	2	6	4	1	1	3	
1514	1	12	6	2	1	1	1	
1515	1	12	6	4	1	2	1	
1516	1	4	6	4	1	1	1	
1517	1	12	6	4	1	1	3	
1518	1	2	3	4	1	2	3	
1519	4	12	6	2	1	2	3	
1520	4	4	6	1	1	1	3	
1521	1	23	14	118	1	2	1	
1522	3	2	3	2	1	4	1	
1523	1	4	4	3	1	4	1	
1524	1	2	3	4	1	12	83	
1525	1	16	3	2	1	6	11	
1526	1	1	3	4	1	130	11	
1527	1	16	3	4	1	8	7	
1528	3	1	37	3	8	4	3	
1529	3	2	11	1	1	4	1	
1530	1	2	4	17	1	22	1	
1531	3	1	12	2	1	3	1	
1532	4	2	3	1	1	3	1	
1533	3	12	11	3	5	4	6	
1534	1	2	13	17	6	4	1	
1535	3	1	4	1	6	3	1	
1536	4	2	3	3	1	4	1	
1537	3	1	5	1	1	48	1	
1538	3	1	4	1	1	36	1	
1539	3	1	5	1	1	2	1	
1540	4	1	2	1	6	1	1	
1541	1	1	13	1	1	10	1	
1542	1	4	12	3	1	4	1	
1543	3	4	2	4	5	4	6	
1544	1	2	4	1	1	29	1	
1545	1	1	28	1	6	4	1	
1546	3	1	2	3	5	2	1	
1547	1	3	3	1	1	29	11	
1548	4	1	6	2	1	2	1	
1549	4	12	34	2	5	2	1	
1550	1	4	3	4	20	1	3	
1551	4	12	6	4	1	2	11	
1552	4	4	3	4	1	2	3	
1553	1	4	3	4	1	2	20	
1554	1	2	14	4	1	2	20	
1555	4	2	10	2	1	1	3	
1556	4	4	10	4	8	18	1	
1557	1	20	6	1	1	2	1	
1558	1	12	6	1	3	2	1	
1559	1	6	13	4	8	2	11	
1560	1	2	13	2	51	22	1	
1561	4	2	44	4	1	2	1	
1562	3	26	6	1	5	22	1	
1563	1	12	3	2	179	42	3	
1564	3	1	4	1	1	2	1	
1565	4	4	3	3	1	2	1	
1566	1	26	3	1	5	22	1	
1567	4	4	6	1	1	1	1	
1568	1	4	6	1	1	1	11	
1569	1	4	13	2	1	4	1	
1570	3	2	14	1	1	29	1	
1571	3	4	40	1	5	4	6	
1572	1	12	13	1	1	2	1	
1573	1	4	3	3	5	2	1	
1574	1	1	3	2	5	3	1	
1575	1	15	3	1	1	29	11	
1576	22	2	3	2	15	12	1	
1577	12	29	47	4	1	6	1	
1578	1	7	6	31	1	22	1	
1579	12	29	3	4	1	12	1	
1580	1	7	135	4	1	22	1	
1581	12	29	47	18	1	6	1	
1582	12	29	14	4	1	12	1	
1583	10	2	13	2	1	6	1	
1584	1	2	23	2	1	2	1	
1585	1	23	3	4	1	12	1	
1586	15	15	13	2	1	12	1	
1587	1	1	14	2	1	9	1	
1588	1	4	14	4	1	2	1	
1589	1	169	47	4	1	2	1	
1590	1	2	3	1	1	35	1	
1591	4	2	13	4	15	45	1	
1592	1	23	13	28	1	12	1	
1593	12	4	3	4	1	8	11	
1594	1	2	3	4	1	6	1	
1595	12	23	3	4	6	2	1	
1596	1	4	13	2	1	33	1	
1597	28	2	3	2	1	12	11	
1598	12	4	3	21	1	22	1	
1599	1	170	3	4	1	6	1	
1600	1	2	3	120	42	6	1	
1601	1	2	13	2	1	27	1	
1602	1	7	3	4	5	12	1	
1603	1	2	14	27	15	6	1	
1604	1	171	14	4	1	8	1	
1605	1	1	3	4	16	2	11	
1606	15	4	31	2	1	27	15	
1607	1	6	13	4	1	12	1	
1608	1	1	14	4	180	2	1	
1609	1	4	23	2	1	24	1	
1610	1	1	6	4	1	9	1	
1611	1	2	23	18	6	12	1	
1612	1	2	3	4	1	22	1	
1613	1	28	3	4	5	131	1	
1614	1	2	3	2	15	8	1	
1615	1	15	3	120	6	22	1	
1616	1	16	3	2	1	12	1	
1617	1	22	3	4	17	6	11	
1618	8	4	14	2	3	6	11	
1619	1	6	13	2	1	27	1	
1620	15	4	13	1	1	19	1	
1621	1	7	6	14	1	22	2	
1622	1	16	136	4	1	22	1	
1623	2	2	137	2	2	6	2	
1624	8	15	13	121	1	6	1	
1625	4	16	3	4	1	2	1	
1626	21	6	13	2	1	27	86	
1627	1	15	13	4	5	12	1	
1628	1	4	3	1	42	22	1	
1629	1	32	13	4	3	19	1	
1630	1	12	10	2	1	1	3	
1631	1	12	10	4	1	1	3	
1632	1	2	10	4	1	2	3	
1633	1	2	6	2	20	2	3	
1634	1	2	3	2	20	42	3	
1635	4	2	6	4	1	1	3	
1636	4	2	10	1	1	3	1	
1637	4	4	10	2	5	2	1	
1638	4	12	10	2	1	2	1	
1639	1	12	6	4	20	2	3	
1640	4	2	3	4	1	42	3	
1641	4	172	3	2	1	1	1	
1642	4	2	13	2	1	132	1	
1643	1	12	6	4	1	8	87	
1644	3	4	2	4	5	4	1	
1645	4	12	6	1	1	1	3	
1646	1	2	2	2	1	16	1	
1647	1	1	3	1	1	3	3	
1648	1	4	2	3	8	133	3	
1649	1	2	15	2	5	3	1	
1650	4	12	14	1	1	19	1	
1651	1	7	6	4	15	9	13	
1652	1	15	13	31	15	6	1	
1653	1	15	13	2	6	19	13	
1654	1	23	3	27	2	26	1	
1655	1	1	3	4	8	12	27	
1656	1	2	14	21	15	6	11	
1657	1	2	3	1	15	19	1	
1658	1	2	14	4	42	6	88	
1659	1	4	14	2	1	3	89	
1660	1	7	14	7	1	134	11	
1661	1	2	6	4	15	35	1	
1662	1	6	44	28	1	2	1	
1663	8	2	13	1	18	8	1	
1664	1	4	3	4	1	2	1	
1665	1	4	3	2	16	135	1	
1666	1	23	14	4	1	2	1	
1667	1	2	13	122	1	8	1	
1668	1	2	26	19	181	2	1	
1669	1	1	3	4	15	22	13	
1670	1	1	3	4	182	2	1	
1671	1	19	3	2	1	6	1	
1672	1	2	6	19	1	2	1	
1673	1	7	6	4	15	22	13	
1674	1	1	3	4	15	22	1	
1675	1	7	13	21	29	2	13	
1676	1	2	13	1	1	29	1	
1677	5	5	9	5	7	7	14	
1678	103	5	9	5	7	7	14	
1679	5	5	9	5	7	20	14	
1680	5	5	9	5	7	138	5	
1681	5	5	9	123	7	138	5	
1682	6	5	9	5	7	137	14	
1683	6	5	9	5	183	136	14	
1684	1	4	13	2	8	1	1	
1685	1	4	3	2	29	2	3	
1686	4	2	3	4	1	1	3	
1687	4	12	6	3	1	2	11	
1688	1	12	3	4	1	1	3	
1689	4	4	14	4	1	1	3	
1690	4	12	6	1	1	2	3	
1691	4	2	6	2	1	2	3	
1692	1	4	3	2	1	1	3	
1693	1	12	2	2	1	1	3	
1694	4	4	6	4	5	8	3	
1695	4	12	14	4	1	1	1	
1696	4	12	6	4	5	2	3	
1697	104	27	42	2	1	3	1	
1698	1	2	3	2	5	2	7	
1699	1	2	3	4	1	9	15	
1700	1	2	139	4	1	12	1	
1701	1	1	13	1	6	6	1	
1702	105	1	2	2	5	1	1	
1703	1	1	2	32	5	139	1	
1704	1	2	13	4	1	9	13	
1705	1	6	14	4	3	2	1	
1706	1	7	26	19	1	2	1	
1707	1	2	3	2	1	38	11	
1708	1	1	6	2	1	2	1	
1709	8	2	3	2	3	6	11	
1710	1	4	13	2	2	8	1	
1711	8	4	13	2	1	2	1	
1712	1	2	13	2	2	1	11	
1713	1	2	13	2	6	22	11	
1714	1	1	2	1	1	1	90	
1715	1	32	3	22	18	21	1	
1716	8	2	23	4	1	6	11	
1717	1	1	13	4	1	6	11	
1718	4	37	13	4	15	2	11	
1719	1	12	6	1	1	1	11	
1720	1	1	3	2	5	2	1	
1721	3	2	2	3	5	2	3	
1722	4	2	3	1	1	2	3	
1723	1	4	49	1	1	2	1	
1724	1	1	3	1	8	2	1	
1725	1	2	3	2	3	3	3	
1726	1	10	6	2	1	2	1	
1727	1	12	13	2	1	1	3	
1728	1	12	6	1	10	4	1	
1729	1	12	6	1	9	4	1	
1730	4	1	3	2	1	1	1	
1731	3	4	11	4	8	4	6	
1732	3	12	11	3	5	4	1	
1733	1	4	2	3	1	2	3	
1734	3	1	3	3	5	2	1	
1735	1	12	2	3	8	4	3	
1736	3	12	2	3	8	4	3	
1737	3	1	2	4	1	4	1	
1738	1	1	2	1	1	3	3	
1739	1	1	3	1	1	29	1	
1740	1	1	140	1	6	1	18	
1741	1	1	13	2	5	1	1	
1742	3	1	3	3	5	4	6	
1743	1	3	4	3	8	4	3	
1744	3	2	2	3	1	2	1	
1745	3	1	11	4	1	4	6	
1746	3	4	11	4	5	2	6	
1747	3	1	141	3	1	4	3	
1748	1	1	2	1	6	1	91	
1749	1	1	2	2	6	1	1	
1750	1	29	3	27	2	6	1	
1751	1	15	3	4	15	2	6	
1752	1	12	6	3	1	4	1	
1753	1	4	3	4	8	2	1	
1754	1	1	13	2	20	6	1	
1755	1	1	22	19	8	21	1	
1756	1	15	3	2	1	2	1	
1757	1	1	3	2	4	19	1	
1758	1	15	3	4	1	6	1	
1759	1	12	6	4	1	19	1	
1760	1	1	3	18	1	12	1	
1761	1	1	13	36	1	38	11	
1762	1	4	31	2	1	22	1	
1763	1	18	13	14	1	22	1	
1764	3	12	11	3	5	19	6	
1765	4	2	10	4	1	21	1	
1766	4	12	10	4	5	2	1	
1767	12	4	6	2	8	8	1	
1768	12	4	3	1	1	19	1	
1769	12	4	13	2	1	3	1	
1770	18	12	6	2	1	1	1	
1771	22	4	14	2	6	12	1	
1772	106	5	9	11	14	20	14	
1773	24	53	45	37	50	66	35	
1774	1	1	2	3	5	22	1	
1775	1	1	2	3	8	22	3	
1776	1	2	6	2	1	2	1	
1777	3	1	3	2	5	2	1	
1778	1	2	14	25	1	2	1	
1779	1	7	14	31	15	6	1	
1780	1	23	13	21	1	9	1	
1781	1	2	3	2	35	50	1	
1782	1	1	2	1	5	4	6	
1783	1	1	2	3	1	3	1	
1784	1	1	2	3	6	30	1	
1785	6	175	9	11	14	20	14	
1786	1	1	3	1	1	2	1	
1787	1	4	3	1	1	22	3	
1788	1	2	2	17	184	4	1	
1789	1	1	3	2	5	4	1	
1790	1	1	3	2	6	1	1	
1791	1	1	3	2	6	3	1	
1792	3	1	2	3	5	4	1	
1793	1	1	3	3	1	22	1	
1794	1	1	3	3	5	1	1	
1795	1	1	3	3	6	3	1	
1796	1	1	3	4	5	2	3	
1797	1	1	3	17	1	1	1	
1798	1	1	4	1	5	1	1	
1799	1	1	4	2	1	4	6	
1800	1	1	4	3	1	2	1	
1801	1	12	13	1	1	4	1	
1802	1	1	4	3	6	3	1	
1803	1	3	2	2	5	1	1	
1804	1	1	6	2	5	2	1	
1805	1	1	6	3	6	3	1	
1806	1	1	10	1	1	4	3	
1807	1	1	11	1	1	1	1	
1808	1	1	12	1	1	2	1	
1809	1	1	13	1	1	4	3	
1810	1	1	19	1	5	4	3	
1811	1	1	28	2	1	3	1	
1812	1	2	2	1	1	1	3	
1813	1	2	2	2	1	10	1	
1814	1	2	2	3	1	3	1	
1815	3	4	3	4	1	1	1	
1816	1	12	13	1	1	2	92	
1817	1	2	3	1	1	29	1	
1818	1	2	3	1	1	30	1	
1819	1	2	4	3	1	3	1	
1820	3	1	12	1	1	4	1	
1821	1	2	4	3	6	30	1	
1822	1	2	11	1	1	3	1	
1823	1	2	11	3	5	4	6	
1824	1	1	3	4	1	9	1	
1825	1	2	13	1	1	22	1	
1826	1	2	14	1	1	3	1	
1827	1	2	14	2	1	2	1	
1828	9	2	14	2	1	12	1	
1829	1	2	28	2	1	3	1	
1830	1	4	142	4	5	2	1	
1831	4	2	3	1	1	2	1	
1832	1	4	3	1	1	10	1	
1833	1	4	3	3	1	4	1	
1834	1	4	3	4	5	22	1	
1835	1	4	4	1	1	3	1	
1836	1	4	11	1	1	3	1	
1837	1	4	11	1	1	1	1	
1838	1	4	11	3	8	2	1	
1839	1	4	13	1	1	4	6	
1840	1	4	13	1	6	3	3	
1841	1	12	2	2	1	2	1	
1842	1	12	3	2	1	42	3	
1843	3	1	2	1	1	1	1	
1844	3	1	3	3	5	4	1	
1845	3	2	3	3	5	1	1	
1846	3	2	4	1	1	4	1	
1847	3	2	11	1	1	22	1	
1848	3	2	11	1	5	4	6	
1849	3	2	11	3	5	4	1	
1850	1	2	3	3	1	140	1	
1851	3	174	11	1	1	3	1	
1852	1	2	3	3	6	3	1	
1853	107	1	6	2	1	2	1	
1854	3	2	11	3	5	30	1	
1855	3	4	2	1	5	3	6	
1856	3	4	2	2	5	4	6	
1857	3	4	2	3	5	3	1	
1858	3	4	3	3	1	4	1	
1859	3	4	12	1	1	2	1	
1860	3	4	28	2	1	4	1	
1861	4	1	3	2	1	29	1	
1862	4	16	13	18	1	8	1	
1863	1	2	13	4	3	2	11	
1864	1	1	143	3	1	3	1	
1865	1	7	3	4	1	9	1	
1866	1	1	11	4	5	22	6	
1867	1	1	144	1	6	4	1	
1868	3	4	145	3	5	4	6	
1869	3	2	13	17	6	4	1	
1870	1	2	3	4	2	12	1	
1871	3	1	5	124	1	4	1	
1872	1	1	146	1	5	1	1	
1873	1	2	14	4	1	12	83	
1874	3	12	11	3	5	142	6	
1875	1	2	3	2	5	141	1	
1876	1	1	140	2	6	1	1	
1877	1	2	14	4	1	12	1	
1878	1	1	13	1	5	6	1	
1879	1	1	13	1	185	6	1	
1880	1	12	6	2	1	60	3	
1881	1	1	10	3	1	1	3	
1882	1	12	6	2	5	8	3	
1883	1	2	3	2	1	60	1	
1884	1	2	6	4	1	2	3	
1885	1	4	3	2	1	61	1	
1886	1	12	6	2	1	1	57	
1887	4	4	13	4	1	2	1	
1888	4	4	10	2	1	42	1	
1889	1	4	3	4	1	1	1	
1890	4	12	6	19	1	2	1	
1891	1	4	3	1	1	2	3	
1892	4	6	6	2	1	1	3	
1893	4	2	6	2	1	2	1	
1894	1	2	6	2	20	8	3	
1895	4	2	3	4	20	2	3	
1896	4	1	11	1	1	3	1	
1897	4	2	13	1	3	6	1	
1898	1	12	6	4	1	8	3	
1899	1	4	3	4	8	22	1	
1900	4	2	13	2	1	2	1	
1901	3	1	2	3	1	4	93	
1902	1	1	3	3	1	1	3	
1903	3	1	2	1	186	4	3	
1904	3	1	11	1	1	143	1	
1905	1	1	28	1	5	4	3	
1906	4	15	14	4	35	22	1	
1907	1	1	36	3	5	2	3	
1908	1	1	3	4	1	6	1	
1909	1	39	14	4	5	2	1	
1910	1	2	3	4	15	8	1	
1911	1	12	3	1	5	22	3	
1912	1	12	3	2	1	4	1	
1913	3	1	3	1	1	4	3	
1914	1	1	10	2	5	2	3	
1915	4	1	3	3	1	19	3	
1916	3	1	36	3	5	2	1	
1917	3	2	3	3	1	4	1	
1918	3	2	3	4	5	1	1	
1919	3	4	2	1	1	4	11	
1920	3	4	11	3	1	4	1	
1921	4	1	3	3	1	1	3	
1922	6	174	16	8	10	14	8	
1923	1	12	6	1	5	1	1	
1924	3	12	6	1	5	2	1	
1925	4	26	3	2	1	22	1	
1926	1	12	6	4	1	4	1	
1927	1	4	14	4	1	1	1	
1928	4	4	3	4	3	2	20	
1929	1	2	6	46	1	2	57	
1930	1	12	14	4	1	1	3	
1931	1	2	6	4	3	1	1	
1932	1	7	6	14	15	2	89	
1933	1	4	3	2	1	1	87	
1934	4	4	10	2	1	42	11	
1935	1	6	6	21	15	9	1	
1936	1	2	3	18	15	22	11	
1937	56	61	62	49	114	68	48	
1938	1	3	47	4	1	8	1	
1939	1	6	3	14	8	6	11	
1940	1	6	13	2	1	2	11	
1941	1	4	3	2	1	132	1	
1942	1	12	28	2	1	2	1	
1943	18	12	3	1	1	2	1	
1944	4	3	6	2	1	1	1	
1945	4	4	3	4	1	1	1	
1946	9	2	22	2	18	26	1	
1947	10	2	3	2	8	26	1	
1948	12	2	27	4	2	6	1	
1949	8	15	13	4	1	8	1	
1950	8	4	3	18	1	6	11	
1951	8	2	24	1	2	6	11	
1952	1	2	6	4	8	6	1	
1953	1	15	3	12	1	21	1	
1954	1	1	3	4	1	9	11	
1955	1	23	3	27	6	26	1	
1956	1	15	3	4	15	22	1	
1957	1	16	3	2	1	12	11	
1958	8	23	23	2	3	8	13	
1959	1	4	13	4	8	19	1	
1960	1	2	13	31	15	2	25	
1961	1	29	47	4	1	57	1	
1962	1	2	3	4	5	2	1	
1963	1	1	14	4	16	6	11	
1964	1	1	23	19	17	38	1	
1965	1	1	3	4	1	22	27	
1966	1	1	13	4	6	47	11	
1967	1	2	6	4	20	2	11	
1968	1	4	44	4	1	2	1	
1969	15	2	24	2	6	35	11	
1970	1	2	3	1	5	141	1	
1971	1	4	13	4	15	26	1	
1972	1	1	13	4	15	2	1	
1973	1	4	13	4	1	26	1	
1974	1	6	42	4	1	22	1	
1975	1	4	13	14	8	12	2	
1976	1	23	14	2	1	8	1	
1977	1	23	3	28	15	12	1	
1978	1	157	3	2	5	27	1	
1979	1	6	6	4	15	9	1	
1980	1	4	3	4	15	12	1	
1981	1	4	24	2	1	144	11	
1982	14	4	3	2	19	145	13	
1983	1	2	13	2	20	146	1	
1984	4	2	23	2	1	19	1	
1985	4	23	13	4	1	2	1	
1986	1	2	3	4	2	8	1	
1987	1	4	14	2	15	147	1	
1988	4	23	14	2	1	22	1	
1989	1	2	14	4	1	148	1	
1990	3	1	3	4	5	4	6	
1991	3	1	28	1	1	3	3	
1992	3	1	2	1	1	2	3	
1993	1	12	2	1	3	29	3	
1994	1	12	6	2	5	48	1	
1995	8	2	3	34	1	19	1	
1996	3	1	3	2	1	2	1	
1997	8	7	3	4	1	12	89	
1998	8	2	14	4	3	19	11	
1999	21	1	14	4	1	2	11	
2000	12	2	23	2	1	12	1	
2001	3	3	3	2	1	2	1	
2002	3	4	17	3	5	4	6	
2003	3	1	3	3	1	150	1	
2004	13	2	13	2	8	27	1	
2005	1	23	13	2	6	21	15	
2006	1	2	13	31	1	2	1	
2007	1	32	3	4	18	21	1	
2008	1	15	13	2	3	9	1	
2009	1	7	3	21	1	9	1	
2010	1	2	13	19	1	12	1	
2011	1	7	3	2	15	2	1	
2012	4	2	14	4	1	12	1	
2013	1	7	3	2	1	24	1	
2014	1	6	3	4	1	3	1	
2015	8	7	14	4	15	9	83	
2016	1	2	31	2	3	22	11	
2017	1	2	31	2	3	6	11	
2018	24	43	45	37	50	70	35	
2019	6	5	9	5	14	20	14	
2020	1	1	6	2	5	42	1	
2021	4	2	147	2	15	6	1	
2022	1	4	14	2	1	132	1	
2023	1	1	19	4	1	2	3	
2024	1	1	3	1	5	152	1	
2025	1	12	3	1	1	1	1	
2026	1	1	10	1	5	149	1	
2027	1	4	133	4	1	9	13	
2028	1	1	13	4	6	3	1	
2029	1	6	3	4	3	12	1	
2030	4	12	3	4	1	2	1	
2031	1	4	53	1	1	132	1	
2032	4	2	6	4	1	1	1	
2033	4	4	2	4	1	1	1	
2034	1	1	11	3	5	4	6	
2035	4	2	6	2	1	1	11	
2036	3	1	4	2	1	29	1	
2037	1	12	4	2	1	2	1	
2038	4	12	10	4	1	8	1	
2039	4	2	10	4	1	1	1	
2040	3	1	11	3	6	22	1	
2041	3	1	11	3	1	22	1	
2042	1	1	3	1	5	1	1	
2043	1	1	13	3	1	12	1	
2044	3	2	3	1	1	1	3	
2045	9	2	3	4	6	8	1	
2046	1	4	3	2	2	1	4	
2047	1	1	3	3	8	2	1	
2048	1	2	6	3	5	2	1	
2049	15	2	3	2	15	6	1	
2050	1	2	31	2	1	2	11	
2051	1	15	13	31	1	2	1	
2052	1	15	3	2	5	154	1	
2053	8	4	13	2	18	155	1	
2054	8	2	13	4	188	153	11	
2055	3	4	2	3	1	4	6	
2056	1	3	13	1	1	4	1	
2057	1	12	3	2	4	1	1	
2058	1	1	13	2	6	2	3	
2059	4	4	2	1	8	2	1	
2060	1	4	2	1	1	2	1	
2061	3	2	3	1	1	22	1	
2062	108	1	2	3	1	2	1	
2063	5	5	148	5	7	7	14	
2064	1	4	12	1	6	4	1	
2065	1	2	3	2	1	4	3	
2066	4	1	11	2	1	1	1	
2067	1	1	13	2	6	1	3	
2068	1	16	3	1	1	38	1	
2069	1	3	13	4	1	156	1	
2070	1	1	3	2	1	2	11	
2071	12	2	13	2	1	3	11	
2072	1	4	3	4	1	22	1	
2073	1	4	3	2	2	8	1	
2074	1	6	27	4	26	12	1	
2075	1	2	47	2	8	61	1	
2076	1	4	24	2	2	6	1	
2077	1	15	13	2	1	21	1	
2078	12	6	13	2	1	3	11	
2079	8	2	13	2	1	8	11	
2080	1	6	6	2	189	124	11	
2081	1	4	49	1	3	2	1	
2082	1	4	6	9	85	7	92	
2083	1	1	9	9	94	7	92	
2084	26	1	2	9	44	7	3	
2085	2	1	2	9	95	7	92	
2086	2	96	2	9	94	56	3	
2087	12	4	27	4	1	141	1	
2088	8	2	13	125	1	21	94	
2089	15	28	13	2	15	6	1	
2090	2	4	3	14	2	6	1	
2091	12	15	3	4	15	12	1	
2092	1	4	25	4	15	2	1	
2093	1	4	23	36	8	44	1	
2094	1	178	14	2	1	22	4	
2095	1	6	3	2	1	6	4	
2096	1	37	3	2	1	2	11	
2097	1	2	25	4	6	19	1	
2098	1	2	13	2	1	2	1	
2099	1	2	27	126	6	19	11	
2100	1	2	13	14	190	38	1	
2101	1	4	2	1	1	2	3	
2102	1	177	13	4	6	12	11	
2103	1	2	13	2	3	6	2	
2104	4	2	13	4	1	6	1	
2105	1	2	23	19	6	22	11	
2106	3	4	4	3	1	9	1	
2107	15	2	22	36	6	9	11	
2108	1	12	6	2	20	2	3	
2109	1	15	3	4	15	12	1	
2110	1	1	22	2	6	2	1	
2111	1	2	13	14	191	45	1	
2112	1	4	3	2	5	19	1	
2113	1	4	13	2	20	19	7	
2114	1	1	3	2	18	2	11	
2115	1	4	3	2	3	19	1	
2116	8	15	3	19	1	8	1	
2117	1	2	3	2	1	8	1	
2118	8	29	22	2	18	22	1	
2119	1	12	6	2	6	38	1	
2120	1	28	6	4	1	3	94	
2121	1	16	3	2	15	12	1	
2122	12	2	6	2	1	2	4	
2123	1	2	13	1	20	23	11	
2124	1	2	3	2	1	157	11	
2125	1	2	6	2	192	6	26	
2126	1	2	24	2	2	6	1	
2127	8	48	3	4	194	2	1	
2128	1	16	3	4	15	9	1	
2129	1	2	13	2	193	27	1	
2130	8	4	24	2	1	6	11	
2131	1	2	3	22	6	158	11	
2132	1	15	3	2	15	12	1	
2133	4	4	3	2	1	26	1	
2134	1	32	149	22	1	38	1	
2135	8	4	13	2	8	8	11	
2136	1	4	3	2	2	5	1	
2137	1	4	13	2	8	8	11	
2138	1	32	3	22	1	38	1	
2139	8	40	13	4	8	19	95	
2140	1	2	23	2	15	45	1	
2141	1	4	13	2	2	2	1	
2142	1	4	3	2	20	19	7	
2143	8	4	133	2	1	6	11	
2144	15	2	13	2	1	2	11	
2145	1	4	133	4	8	9	1	
2146	1	2	13	2	8	33	1	
2147	1	4	133	2	1	6	11	
2148	1	4	3	2	3	22	11	
2149	1	4	6	1	1	22	1	
2150	1	4	13	1	8	8	11	
2151	8	12	13	2	6	27	11	
2152	109	2	13	2	1	27	11	
2153	15	1	23	2	4	6	1	
2154	1	4	13	2	1	6	11	
2155	1	15	3	4	6	19	96	
2156	1	4	13	2	1	6	1	
2157	1	4	27	4	2	19	6	
2158	1	4	150	14	3	9	1	
2159	1	18	3	4	1	159	1	
2160	1	179	3	2	5	19	1	
2161	1	2	13	4	1	9	1	
2162	8	1	22	14	1	160	11	
2163	12	3	3	2	1	9	1	
2164	23	2	6	2	6	6	4	
2165	1	2	25	4	1	8	1	
2166	1	4	13	2	1	12	1	
2167	1	2	3	2	15	6	1	
2168	1	2	23	18	1	12	1	
2169	1	15	13	2	3	19	1	
2170	8	15	13	2	3	12	15	
2171	1	4	3	4	15	22	1	
2172	1	6	13	4	1	12	11	
2173	1	1	3	2	187	19	11	
2174	1	176	14	4	15	2	11	
2175	1	23	13	2	3	146	1	
2176	8	4	13	2	6	6	11	
2177	1	2	3	4	1	12	11	
2178	1	2	22	22	3	19	11	
2179	1	2	6	2	1	6	4	
2180	8	15	13	21	1	151	1	
2181	8	15	13	18	1	21	1	
2182	1	4	13	2	2	19	11	
2183	1	23	13	4	1	2	1	
2184	1	15	3	2	6	50	1	
2185	1	2	3	2	6	6	4	
2186	1	20	22	2	5	2	1	
2187	1	15	13	19	1	6	1	
2188	1	39	3	4	15	2	1	
2189	1	7	3	19	15	2	1	
2190	1	4	13	4	1	22	1	
2191	1	4	3	2	5	2	1	
2192	4	6	13	4	1	12	97	
2193	12	32	3	2	5	6	11	
2194	1	2	3	2	15	2	1	
2195	1	180	3	2	15	27	11	
2196	1	4	3	2	15	8	1	
2197	1	2	3	1	187	22	1	
2198	1	6	13	4	15	22	1	
2199	1	23	14	4	1	12	1	
2200	1	4	3	2	6	12	1	
2201	22	4	14	2	15	8	1	
2202	1	4	3	22	1	22	1	
2203	1	1	3	2	30	2	1	
2204	12	1	13	1	1	2	1	
2205	1	6	6	4	195	6	1	
2206	4	6	14	2	15	2	1	
2207	1	4	3	4	1	6	1	
2208	23	3	27	36	8	8	1	
2209	1	2	13	4	5	12	1	
2210	4	2	2	2	1	4	1	
2211	1	18	7	2	5	6	1	
2212	4	2	3	1	1	4	1	
2213	3	4	11	3	5	22	6	
2214	1	4	3	3	1	4	3	
2215	3	1	6	1	1	19	1	
2216	1	4	13	2	5	4	1	
2217	1	2	37	1	1	1	1	
2218	1	4	2	3	1	2	1	
2219	3	4	11	1	1	4	6	
2220	1	2	2	2	1	4	1	
2221	1	2	3	2	41	9	1	
2222	1	12	6	2	1	2	57	
2223	1	5	14	2	5	2	1	
2224	1	2	6	4	25	2	57	
2225	1	1	2	3	5	4	3	
2226	1	1	13	1	1	6	1	
2227	1	2	13	2	3	3	1	
2228	8	2	13	4	18	38	15	
2229	1	4	3	2	15	161	1	
2230	12	2	3	2	21	38	98	
2231	8	4	24	2	1	162	11	
2232	1	4	13	2	2	163	1	
2233	1	181	3	2	1	12	11	
2234	1	1	2	127	5	1	1	
2235	1	2	14	2	1	168	13	
2236	1	15	13	2	5	2	1	
2237	1	2	3	4	5	6	1	
2238	1	4	13	2	1	24	1	
2239	1	15	22	14	1	2	1	
2240	1	2	14	2	1	22	13	
2241	1	1	3	4	5	3	1	
2242	1	12	27	4	26	12	13	
2243	1	2	3	22	8	6	1	
2244	15	4	3	126	15	6	1	
2245	1	12	3	2	1	19	11	
2246	1	1	3	2	15	22	1	
2247	8	15	13	2	8	27	11	
2248	8	1	6	2	196	19	1	
2249	15	2	3	2	6	38	1	
2250	1	4	6	2	15	3	1	
2251	1	2	13	2	8	44	1	
2252	15	39	13	4	5	3	11	
2253	1	1	14	2	1	12	1	
2254	1	1	3	1	1	29	3	
2255	12	2	13	126	1	6	1	
2256	1	2	6	4	8	6	56	
2257	4	1	3	1	5	1	1	
2258	1	39	13	2	5	35	11	
2259	1	4	3	46	191	6	1	
2260	1	6	3	19	1	3	1	
2261	1	4	14	39	1	8	1	
2262	4	20	2	2	5	2	1	
2263	1	4	14	2	1	8	11	
2264	1	12	3	4	18	171	1	
2265	4	3	2	1	8	2	1	
2266	1	1	24	4	1	6	1	
2267	1	1	10	2	5	169	39	
2268	1	1	7	1	6	169	1	
2269	1	2	3	39	6	19	1	
2270	1	1	10	2	6	1	2	
2271	1	2	3	4	3	6	4	
2272	1	4	13	4	1	1	94	
2273	1	48	13	2	6	12	1	
2274	1	1	3	4	1	172	1	
2275	1	2	13	19	1	22	1	
2276	1	18	7	2	6	1	39	
2277	1	1	151	4	6	3	1	
2278	1	2	14	7	1	12	11	
2279	1	2	6	4	1	2	99	
2280	1	7	6	4	15	2	13	
2281	1	1	7	2	5	1	1	
2282	110	1	13	128	6	2	11	
2283	1	2	3	4	15	24	32	
2284	4	6	14	28	1	173	1	
2285	12	4	13	4	15	6	1	
2286	1	2	3	4	1	6	85	
2287	8	4	13	4	1	8	1	
2288	4	4	13	28	1	12	11	
2289	9	2	13	14	3	6	11	
2290	1	23	13	4	15	6	1	
2291	1	1	13	2	5	19	1	
2292	1	2	24	4	1	33	1	
2293	1	16	14	1	1	22	1	
2294	1	1	13	4	30	2	1	
2295	1	1	7	4	5	125	1	
2296	4	23	3	4	6	35	1	
2297	1	16	13	4	3	6	2	
2298	1	7	6	4	197	9	13	
2299	4	29	3	28	15	9	1	
2300	1	2	14	2	1	9	1	
2301	1	1	3	21	29	22	13	
2302	1	1	7	2	1	1	1	
2303	4	16	3	4	1	22	1	
2304	1	1	153	2	6	1	1	
2305	1	7	3	21	1	2	13	
2306	1	1	13	2	5	6	1	
2307	1	1	13	4	5	1	1	
2308	1	1	10	2	6	1	1	
2309	1	1	13	2	6	170	1	
2310	1	1	13	2	5	1	39	
2311	1	1	154	2	1	1	1	
2312	1	1	7	2	6	1	1	
2313	1	1	25	2	1	1	1	
2314	1	12	34	2	5	2	100	
2315	1	18	152	1	5	1	3	
2316	3	4	4	1	1	42	3	
2317	12	4	3	4	1	58	1	
2318	1	48	13	4	1	22	1	
2319	1	12	13	4	8	2	1	
2320	1	3	1	1	1	8	2	
2321	112	1	13	4	5	2	1	
2322	1	1	3	4	5	2	1	
2323	15	2	13	2	8	2	11	
2324	1	1	2	1	3	42	3	
2325	113	15	13	2	200	27	1	
2326	1	1	2	1	3	42	1	
2327	12	1	22	2	1	2	1	
2328	12	1	3	2	1	144	1	
2329	12	4	23	4	1	222	1	
2330	12	4	27	4	1	19	1	
2331	12	4	3	19	15	231	1	
2332	15	15	3	2	6	163	1	
2333	15	15	3	2	6	8	1	
2334	15	1	13	2	8	12	1	
2335	15	28	3	2	15	6	1	
2336	15	2	159	4	1	224	96	
2337	15	2	3	2	15	223	1	
2338	15	4	3	2	15	6	1	
2339	1	15	27	4	1	6	1	
2340	1	15	3	129	8	6	1	
2341	1	15	3	22	1	166	1	
2342	1	15	3	2	5	166	1	
2343	1	16	23	19	8	2	1	
2344	1	16	25	4	8	3	1	
2345	1	16	3	2	3	207	1	
2346	1	177	13	4	6	165	11	
2347	1	183	3	2	8	6	1	
2348	1	1	13	4	6	215	1	
2349	1	1	13	4	8	9	1	
2350	1	1	24	4	1	172	1	
2351	1	1	3	4	1	225	1	
2352	1	1	3	4	8	124	11	
2353	1	1	6	2	1	38	1	
2354	1	23	14	4	1	150	1	
2355	1	28	6	4	1	176	94	
2356	1	2	13	14	1	6	1	
2357	1	2	13	2	1	3	1	
2358	1	2	13	4	1	232	1	
2359	1	2	13	4	6	2	1	
2360	1	2	14	2	1	229	13	
2361	1	2	25	4	1	19	1	
2362	1	2	27	4	1	3	1	
2363	1	2	31	2	1	221	11	
2364	1	2	3	126	1	166	1	
2365	1	2	3	126	1	198	1	
2366	1	2	3	126	1	203	1	
2367	1	2	3	126	1	214	1	
2368	1	2	3	126	1	6	1	
2369	1	2	3	14	198	204	1	
2370	1	2	3	1	15	150	1	
2371	1	2	3	2	1	176	1	
2372	1	2	3	2	1	211	1	
2373	1	2	3	2	1	2	11	
2374	1	2	3	4	4	12	1	
2375	1	2	6	14	6	6	4	
2376	1	2	6	2	3	8	1	
2377	1	2	6	4	199	166	1	
2378	1	2	6	4	8	166	1	
2379	1	2	6	4	8	166	56	
2380	1	37	3	2	15	226	101	
2381	1	37	3	2	1	9	1	
2382	1	3	13	4	1	6	1	
2383	1	3	3	1	1	2	7	
2384	1	4	13	22	8	8	11	
2385	1	4	13	2	196	26	1	
2386	1	4	13	2	1	230	1	
2387	1	4	13	4	1	6	11	
2388	1	4	13	4	5	12	1	
2389	1	4	14	2	15	6	1	
2390	1	4	158	39	1	8	1	
2391	1	4	23	14	1	9	1	
2392	1	4	31	2	1	2	11	
2393	1	4	3	14	1	2	1	
2394	1	4	3	2	15	6	1	
2395	1	4	3	2	1	210	1	
2396	1	4	3	2	8	2	1	
2397	1	4	3	4	26	209	1	
2398	1	6	13	19	5	216	1	
2399	1	6	14	2	8	196	1	
2400	1	6	3	2	1	2	1	
2401	1	6	3	4	3	165	1	
2402	1	7	13	2	5	176	1	
2403	3	4	11	2	5	3	6	
2404	3	4	11	3	5	167	6	
2405	3	4	11	3	5	179	6	
2406	3	4	11	3	5	183	6	
2407	3	4	11	3	5	200	6	
2408	3	4	11	3	5	201	6	
2409	3	4	11	3	5	202	6	
2410	3	4	11	3	5	205	6	
2411	3	4	11	3	5	206	6	
2412	3	4	11	3	5	212	6	
2413	3	4	11	3	5	213	6	
2414	3	4	11	3	5	217	6	
2415	3	4	11	3	5	219	6	
2416	3	4	11	3	5	220	6	
2417	3	4	11	3	5	228	6	
2418	3	4	11	3	5	233	6	
2419	8	12	157	2	26	166	1	
2420	8	1	13	4	8	3	6	
2421	8	2	13	2	1	6	1	
2422	8	2	13	4	188	199	11	
2423	8	2	3	2	1	144	1	
2424	8	2	3	2	6	164	1	
2425	8	4	133	4	15	9	1	
2426	8	4	13	2	18	197	1	
2427	8	4	13	2	1	208	1	
2428	8	4	13	2	1	218	1	
2429	8	4	13	2	1	227	1	
2430	8	4	3	2	5	166	1	
2431	1	2	3	2	15	165	1	
2432	1	4	13	2	8	19	1	
2433	1	4	3	2	5	141	1	
2434	1	32	3	22	8	35	1	
2435	1	2	3	4	1	21	11	
2436	1	4	13	2	2	236	1	
2437	12	4	23	4	1	235	1	
2438	12	4	23	130	1	234	1	
2439	1	1	3	17	1	183	1	
2440	3	1	4	1	1	182	1	
2441	1	2	3	1	1	181	1	
2442	3	1	11	1	1	182	1	
2443	1	1	2	3	8	180	3	
2444	1	1	37	3	1	181	1	
2445	1	4	2	17	1	183	1	
2446	3	1	4	3	1	179	1	
2447	3	4	55	2	1	178	1	
2448	1	1	3	2	1	183	1	
2449	1	1	4	1	1	183	1	
2450	3	1	3	1	1	183	1	
2451	1	1	3	1	1	183	1	
2452	3	1	5	1	6	183	1	
2453	1	4	55	2	1	183	1	
2454	3	1	2	1	1	150	1	
2455	1	4	2	2	1	177	1	
2456	3	1	3	1	1	178	1	
2457	1	2	28	2	5	176	1	
2458	3	1	3	1	1	182	1	
2459	1	1	2	1	6	175	1	
2460	3	2	3	2	1	176	1	
2461	1	1	2	3	1	183	1	
2462	1	1	3	2	1	174	3	
2463	1	12	155	2	1	150	3	
2464	1	1	2	1	1	183	1	
2465	1	2	3	17	1	150	1	
2466	3	1	5	1	1	183	1	
2467	1	12	6	2	1	184	1	
2468	3	1	2	3	1	179	1	
2469	1	1	3	2	1	183	3	
2470	1	1	3	2	5	185	1	
2471	1	1	2	2	1	176	1	
2472	1	1	13	1	1	181	1	
2473	3	1	11	1	1	176	1	
2474	1	4	12	1	1	183	6	
2475	111	1	3	2	5	181	1	
2476	1	4	12	1	1	183	1	
2477	1	1	5	1	1	183	1	
2478	3	12	13	1	1	150	1	
2479	1	12	2	3	5	178	1	
2480	1	1	3	1	1	186	1	
2481	1	2	2	2	5	176	1	
2482	3	1	3	3	1	187	1	
2483	3	1	12	1	1	188	1	
2484	1	1	13	1	1	189	1	
2485	1	4	4	3	1	176	1	
2486	1	2	3	1	1	190	1	
2487	1	4	6	2	1	150	1	
2488	1	1	2	3	5	181	1	
2489	1	2	28	1	1	176	1	
2490	1	4	12	1	1	150	1	
2491	3	1	13	1	1	182	1	
2492	3	1	13	1	1	191	1	
2493	1	12	13	1	1	178	3	
2494	1	1	4	3	1	176	1	
2495	1	4	49	4	1	183	1	
2496	3	1	4	1	1	176	1	
2497	1	4	3	2	1	183	1	
2498	1	1	2	1	5	183	1	
2499	1	2	6	2	1	150	1	
2500	1	1	11	1	1	150	3	
2501	3	1	40	1	1	183	1	
2502	3	4	55	3	1	192	1	
2503	1	2	3	2	1	181	1	
2504	1	4	160	3	5	181	1	
2505	3	4	28	2	1	183	1	
2506	3	1	2	3	1	183	1	
2507	1	1	4	1	1	193	1	
2508	1	2	4	1	1	181	1	
2509	4	4	3	1	1	182	1	
2510	1	4	49	1	3	150	92	
2511	3	1	2	1	1	183	1	
2512	1	12	3	4	5	181	3	
2513	1	1	2	3	8	183	3	
2514	1	2	4	1	1	182	1	
2515	1	1	3	1	5	194	1	
2516	1	1	3	2	5	181	1	
2517	3	2	11	1	1	195	1	
2518	1	2	10	4	8	132	1	
2519	1	1	3	4	20	3	3	
2520	4	4	6	2	5	2	1	
2521	1	2	6	4	1	8	3	
2522	4	4	6	34	1	1	1	
2523	1	2	6	4	1	8	57	
2524	1	2	6	4	20	2	3	
2525	1	12	6	4	1	8	1	
2526	4	1	3	4	1	2	3	
2527	4	26	10	2	1	2	1	
2528	1	2	10	2	1	36	1	
2529	1	20	3	2	1	2	3	
2530	1	2	6	2	1	1	1	
2531	1	1	6	2	20	2	1	
2532	1	12	6	2	1	6	1	
2534	1	1	3	4	1	1	1	
2535	4	12	6	2	1	2	1	
2536	4	2	53	2	1	2	1	
2537	1	2	10	4	1	2	1	
2538	4	12	14	2	1	2	1	
2539	1	4	14	1	1	1	11	
2540	4	2	3	4	5	2	3	
2542	4	1	3	4	171	2	3	
2543	4	12	6	2	3	1	1	
2544	4	4	10	2	1	2	3	
2545	4	4	10	2	8	2	1	
2546	4	4	10	2	1	1	1	
2547	1	4	10	2	1	132	1	
2548	1	2	6	2	20	1	3	
2550	1	2	10	2	5	2	1	
2551	4	1	3	2	1	2	3	
2554	1	4	3	2	20	1	3	
2556	1	12	6	3	1	2	1	
2558	4	4	10	4	1	2	1	
2559	1	1	6	2	1	2	3	
2560	4	4	3	4	20	1	3	
2561	1	2	6	1	1	2	3	
2567	4	12	6	4	1	8	3	
2568	1	2	3	2	1	2	3	
2570	8	4	6	4	3	2	1	
2571	1	1	3	4	1	1	3	
2573	4	1	3	2	5	1	3	
2576	1	1	14	2	1	8	3	
2577	4	12	3	1	1	2	1	
2578	4	2	6	4	1	2	1	
2579	4	2	6	1	6	2	3	
2580	1	4	10	1	1	132	1	
2581	4	4	3	2	8	132	1	
2582	3	1	3	2	1	4	1	
2583	4	12	3	2	8	2	1	
2584	1	2	6	4	1	1	57	
2586	4	2	3	2	1	2	1	
2587	1	1	3	1	6	36	1	
2588	4	12	6	2	1	1	20	
2589	3	1	3	1	6	1	1	
2590	1	2	10	2	53	1	1	
2594	4	12	10	2	1	2	3	
