ST	AAT1a	ACC1	ADP1	MPIb	SYA1	VPS13	ZWF1b	clonal_complex
1	1	1	1	1	1	1	1	
2	2	2	2	2	2	2	2	
3	3	3	3	3	3	3	3	
4	4	4	4	4	4	4	4	
5	5	5	2	2	2	5	5	
6	5	3	5	2	2	6	2	
7	6	3	6	3	5	7	6	
8	7	3	7	1	6	8	7	
9	2	5	2	2	2	9	5	
10	8	6	8	4	7	10	8	
11	9	7	6	1	8	11	9	
12	10	7	9	5	9	12	10	
13	11	8	6	4	10	13	8	
14	12	9	10	3	11	14	3	
15	13	10	11	6	7	15	9	
16	7	3	3	4	3	16	11	
17	13	10	10	6	7	17	12	
18	13	6	12	4	12	18	13	
19	4	7	13	7	13	19	14	
20	2	2	5	2	2	20	5	
21	2	5	6	2	2	21	5	
22	13	7	14	6	7	22	15	
23	13	10	15	6	7	23	15	
24	2	5	5	2	2	24	5	
25	2	5	5	2	2	24	16	
26	14	3	6	8	7	3	8	
27	8	3	6	4	10	3	8	
28	8	3	6	4	7	3	17	
29	2	5	5	2	2	5	2	
30	2	2	5	9	2	5	5	
31	5	2	2	10	2	6	5	
32	8	5	5	2	2	6	2	
33	13	10	15	6	7	17	9	
34	15	7	13	7	13	19	14	
35	4	7	16	11	13	19	14	
36	13	3	4	6	10	20	18	
37	2	5	5	2	2	21	5	
38	2	5	5	2	2	21	19	
39	2	5	2	2	2	25	12	
40	2	5	5	2	14	20	5	
41	4	7	17	4	15	26	20	
42	2	3	2	2	2	25	21	
43	2	2	5	12	2	27	5	
44	8	2	5	12	2	28	5	
45	13	11	15	6	16	29	15	
46	16	12	18	13	17	30	22	
47	8	3	5	9	2	24	5	
48	17	3	19	14	18	30	23	
49	2	5	5	4	2	6	20	
50	5	5	5	9	2	31	2	
51	13	10	20	15	19	32	24	
52	2	3	5	9	2	24	5	
53	18	5	21	16	20	33	12	
54	8	2	2	16	2	34	5	
55	19	5	6	17	21	35	12	
56	13	13	14	6	7	32	15	
57	8	13	8	4	7	10	8	
58	20	14	6	2	22	36	20	
59	2	5	2	2	2	6	5	
60	2	2	5	2	2	24	5	
61	13	7	15	2	23	37	15	
62	4	5	5	2	2	20	5	
63	2	5	5	2	2	6	25	
64	20	3	22	9	24	30	26	
65	2	15	5	2	2	6	5	
66	2	3	5	2	2	6	5	
67	4	4	6	4	4	4	4	
68	21	2	6	18	4	38	27	
69	2	5	5	2	2	6	5	
70	3	5	6	2	2	27	28	
71	22	3	3	3	3	39	13	
72	23	3	22	3	3	40	13	
73	2	3	2	2	2	6	5	
74	13	10	15	6	7	32	29	
75	2	5	2	2	4	6	5	
76	8	5	2	9	2	6	30	
77	4	4	23	2	25	41	31	
78	2	5	6	9	2	6	5	
79	2	5	5	9	2	6	5	
80	8	16	6	4	7	42	32	
81	2	5	6	2	2	5	20	
82	24	7	16	2	13	43	33	
83	8	2	6	2	2	6	28	
84	2	5	5	9	2	6	34	
85	20	5	6	3	26	6	34	
86	8	2	6	2	2	5	5	
87	8	14	8	4	7	10	35	
88	4	17	21	19	27	32	22	
89	14	7	8	4	7	44	36	
90	25	7	6	3	6	27	37	
91	5	18	24	20	28	20	38	
92	2	5	5	2	2	6	12	
93	26	3	3	3	3	39	3	
94	2	5	5	2	2	6	39	
95	8	14	8	4	7	3	8	
96	2	2	6	2	2	20	5	
97	4	4	14	4	4	26	4	
98	27	7	4	3	6	45	15	
99	2	3	5	21	2	20	5	
100	2	3	5	2	29	6	5	
101	6	3	21	4	30	46	12	
102	2	5	5	2	29	6	5	
103	2	3	6	2	2	6	5	
104	2	5	5	2	2	6	16	
105	28	7	6	4	31	47	40	
106	8	5	5	2	2	21	5	
107	4	2	14	4	32	41	4	
108	29	2	6	2	26	35	5	
109	30	3	3	3	3	48	3	
110	2	3	5	2	2	21	5	
111	30	3	3	3	3	39	3	
112	2	5	2	2	2	21	5	
113	13	19	10	6	7	49	15	
114	3	20	25	3	33	45	6	
115	2	5	5	2	2	50	5	
116	2	5	5	21	2	21	5	
117	8	14	8	4	34	20	35	
118	2	21	5	2	2	10	5	
119	4	7	4	4	4	4	4	
120	31	3	5	22	2	6	5	
121	4	7	16	23	13	51	41	
122	32	3	6	1	6	4	4	
123	31	5	5	12	2	20	5	
124	8	14	8	4	7	10	8	
125	3	5	5	9	18	24	5	
126	5	5	5	2	2	6	42	
127	2	3	6	2	2	20	5	
128	8	14	8	4	35	10	8	
129	2	2	6	2	2	24	5	
130	4	2	4	4	36	26	4	
131	2	3	26	4	2	6	16	
132	13	10	14	6	35	37	40	
133	13	3	21	6	6	52	6	
134	4	22	6	18	24	53	43	
135	5	3	2	2	2	6	5	
136	8	14	8	4	35	3	8	
137	2	2	6	2	2	54	12	
138	13	7	27	24	7	49	15	
139	2	5	5	2	2	24	44	
140	4	4	4	4	4	35	45	
141	33	14	6	2	37	47	15	
142	8	14	8	4	7	10	22	
143	6	3	28	12	38	46	12	
144	8	7	8	4	7	10	8	
145	6	3	29	2	38	46	12	
146	13	13	6	1	7	55	15	
147	13	3	6	2	7	56	15	
148	33	7	6	9	7	57	22	
149	2	5	5	2	2	21	20	
150	34	5	6	2	2	24	5	
151	2	2	5	2	2	21	5	
152	35	15	4	25	4	35	4	
153	4	23	14	4	4	4	4	
154	35	4	4	4	34	41	4	
155	35	4	4	4	4	26	4	
156	36	24	4	4	4	26	4	
157	13	10	15	4	39	32	15	
158	13	11	15	6	7	37	12	
159	13	7	10	6	7	15	15	
160	13	25	15	6	34	32	15	
161	13	7	15	6	34	32	15	
162	8	7	30	4	7	3	8	
163	14	3	8	4	7	10	8	
164	8	14	8	4	7	58	22	
165	30	3	21	1	6	59	4	
166	30	12	21	1	6	30	20	
167	11	26	6	4	34	60	8	
168	11	8	6	4	40	60	8	
169	3	3	31	1	6	59	4	
170	2	2	2	2	2	6	5	
171	8	3	6	2	2	6	5	
172	13	3	4	6	34	20	18	
173	37	10	21	1	7	11	15	
174	4	2	4	4	34	4	4	
175	38	4	16	7	41	19	46	
176	8	7	8	4	42	3	8	
177	2	2	5	9	2	21	5	
178	8	2	20	9	43	53	22	
179	25	7	6	3	6	45	47	
180	13	7	10	6	7	55	15	
181	8	5	5	4	2	6	5	
182	33	7	32	26	2	61	48	
183	3	17	33	18	2	45	6	
184	3	5	5	2	2	6	5	
185	2	5	5	9	2	24	5	
186	13	27	15	6	7	32	15	
187	3	5	34	2	2	6	49	
188	3	5	5	2	2	6	49	
189	8	14	8	4	7	44	8	
190	2	5	5	27	2	24	21	
191	13	28	5	6	34	37	15	
192	13	27	15	6	34	37	15	
193	4	7	6	7	13	19	14	
194	36	4	14	4	4	4	4	
195	39	14	35	28	44	30	6	
196	4	2	6	4	4	4	4	
197	5	5	5	2	2	24	5	
198	13	27	15	6	7	37	15	
199	28	27	21	1	7	55	15	
200	35	4	6	4	4	26	4	
201	8	5	5	4	2	20	20	
202	35	4	36	4	4	62	20	
203	2	3	6	2	2	24	5	
204	5	13	37	4	34	55	15	
205	4	7	14	4	4	54	50	
206	35	4	4	4	4	24	4	
207	2	5	5	2	2	6	51	
208	35	7	6	4	4	26	4	
209	2	3	5	2	2	63	20	
210	8	3	8	4	7	13	8	
211	2	5	5	2	2	64	5	
212	2	2	5	4	2	24	52	
213	4	26	5	4	45	20	5	
214	2	3	5	2	46	6	20	
215	33	14	38	2	34	47	12	
216	36	4	4	4	4	4	4	
217	13	13	15	19	2	37	22	
218	2	2	5	9	2	6	53	
219	3	2	5	2	2	6	54	
220	8	3	2	2	2	27	19	
221	21	26	14	18	47	65	55	
222	13	7	10	6	7	66	15	
223	40	4	21	6	48	67	56	
224	2	3	5	9	2	68	25	
225	36	4	4	4	49	4	4	
226	5	3	5	12	2	6	12	
227	3	5	5	12	2	24	5	
228	8	5	20	6	43	69	22	
229	2	5	5	29	2	6	5	
230	8	5	39	6	43	70	22	
231	4	4	14	4	4	4	57	
232	35	4	4	4	4	4	4	
233	23	4	40	30	50	22	58	
234	2	3	5	9	2	68	5	
235	20	5	38	2	51	71	5	
236	13	10	15	6	7	32	12	
237	2	3	5	2	2	20	5	
238	13	3	37	2	38	72	12	
239	2	5	5	2	50	21	59	
240	12	29	8	4	34	10	8	
241	13	7	10	31	2	55	5	
242	2	5	5	31	2	45	5	
243	41	5	2	31	2	6	5	
244	36	4	4	4	4	26	4	
245	3	3	5	12	2	6	21	
246	4	7	16	23	34	19	14	
247	8	3	8	4	7	10	60	
248	35	4	4	4	4	4	18	
249	30	12	21	1	24	8	4	
250	21	8	14	32	47	65	61	
251	3	5	5	12	2	21	62	
252	3	3	37	2	38	73	12	
253	13	17	18	34	53	75	22	
254	2	2	5	9	2	6	5	
255	8	7	8	4	7	42	32	
256	8	7	6	4	7	42	32	
257	42	10	15	6	7	75	15	
258	21	30	41	2	4	76	27	
259	5	2	5	2	2	5	5	
260	13	31	15	6	7	32	12	
261	8	2	5	9	2	77	63	
262	13	2	15	6	34	6	15	
263	8	27	5	9	2	6	19	
264	4	17	21	19	53	32	22	
265	4	17	21	19	2	32	22	
266	14	7	8	4	7	3	36	
267	14	7	30	4	34	44	36	
268	43	14	8	4	7	10	35	
269	3	5	5	9	2	24	25	
270	3	5	5	9	2	24	5	
271	44	14	30	4	7	3	22	
272	8	14	30	4	7	3	8	
273	35	4	42	4	4	41	26	
274	2	5	5	2	2	78	64	
275	35	2	4	4	4	4	4	
276	29	26	6	9	4	79	4	
277	2	2	5	2	2	6	5	
278	2	2	5	12	2	6	5	
279	2	2	5	2	2	64	5	
280	14	7	21	2	49	80	10	
281	36	7	4	4	4	26	4	
282	33	7	38	2	31	81	15	
283	8	5	5	2	2	6	65	
284	45	32	21	2	54	53	66	
285	8	2	5	9	2	6	5	
286	13	7	6	2	7	20	29	
287	11	26	6	4	34	60	67	
288	4	7	43	7	55	51	14	
289	5	32	44	34	56	55	12	
290	21	3	14	18	47	65	61	
291	2	5	5	2	2	82	5	
292	4	17	6	19	27	83	22	
293	2	12	21	4	2	24	68	
294	4	7	14	4	34	4	4	
295	3	3	5	3	57	7	6	
296	46	14	6	35	58	84	14	
297	13	14	21	6	7	85	13	
298	24	7	6	3	6	27	37	
299	4	17	21	19	27	83	22	
300	8	3	5	2	2	20	5	
301	4	26	14	9	47	86	61	
302	21	26	14	18	47	86	61	
303	8	2	5	2	2	20	5	
304	4	7	16	7	13	19	14	
305	47	14	21	2	59	80	69	
306	15	7	16	7	13	19	14	
307	4	2	21	19	27	83	22	
308	4	26	14	9	47	65	61	
309	13	10	45	6	7	32	15	
310	2	3	2	9	2	24	5	
311	8	7	8	4	7	3	8	
312	4	33	4	4	4	26	4	
313	3	5	5	2	2	21	5	
314	2	5	5	4	2	21	5	
315	35	7	4	4	4	26	4	
316	2	5	5	2	2	87	5	
317	8	5	5	2	2	20	5	
318	35	4	6	4	4	4	4	
319	8	3	8	4	2	10	8	
320	4	4	4	4	4	26	4	
321	21	26	14	18	47	65	61	
322	2	5	5	4	2	20	5	
323	2	5	5	9	2	6	20	
324	21	26	14	18	47	88	61	
325	4	4	4	4	34	35	4	
326	4	4	14	4	4	4	4	
327	4	4	4	4	49	4	22	
328	4	4	4	4	49	26	4	
329	4	5	4	4	4	26	4	
330	2	5	2	2	2	6	20	
331	13	10	15	6	7	89	15	
332	3	4	20	2	46	27	21	
333	48	34	15	5	60	20	70	
334	37	3	3	1	7	90	15	
335	2	35	6	2	2	20	5	
336	29	3	4	2	34	45	12	
337	30	5	5	3	3	91	3	
338	30	3	4	3	26	92	3	
339	4	35	6	4	61	15	71	
340	13	5	5	34	62	93	22	
341	35	7	4	4	4	4	72	
342	2	2	2	4	2	94	65	
343	3	5	5	4	2	6	19	
344	13	10	15	6	7	37	15	
345	30	36	3	3	24	30	73	
346	30	14	21	4	63	30	20	
347	49	3	6	35	64	20	3	
348	49	12	6	35	51	20	74	
349	49	12	6	35	64	20	75	
350	50	12	21	6	3	95	76	
351	51	37	4	4	4	96	7	
352	4	8	21	19	27	97	22	
353	52	3	2	9	2	6	12	
354	8	5	2	9	2	5	12	
355	51	37	4	4	4	26	77	
356	53	32	6	7	65	32	78	
357	54	3	10	36	66	98	79	
358	8	3	2	9	2	21	12	
359	30	3	46	3	67	99	80	
360	8	14	8	4	7	3	35	
361	8	5	5	2	2	21	49	
362	8	14	16	9	68	20	81	
363	8	3	8	4	7	3	8	
364	2	5	5	2	2	6	19	
365	55	14	4	3	6	45	15	
366	35	4	4	4	4	4	82	
367	3	3	5	3	57	100	6	
368	8	2	5	9	2	21	5	
369	21	8	10	19	27	83	22	
370	56	12	21	1	6	30	4	
371	5	5	5	2	2	101	83	
372	3	5	5	2	69	24	5	
373	13	10	15	6	34	32	15	
374	21	26	14	18	47	102	12	
375	31	5	5	2	2	21	5	
376	2	5	5	2	2	24	20	
377	4	26	14	9	47	102	84	
378	4	8	14	9	47	102	84	
379	8	3	2	9	2	6	12	
380	8	3	2	9	2	25	12	
381	2	2	6	2	2	20	12	
382	2	2	20	2	2	20	12	
383	57	4	20	2	70	103	12	
384	37	2	21	1	7	11	29	
385	2	3	5	9	2	5	5	
386	4	4	4	4	4	24	20	
387	2	5	5	2	2	24	85	
388	4	26	14	9	47	65	84	
389	13	10	14	4	2	37	15	
390	13	10	14	6	2	37	15	
391	13	14	44	18	71	104	6	
392	8	3	8	4	7	10	8	
393	5	38	37	4	34	105	15	
394	13	38	15	6	7	37	40	
395	35	2	4	4	4	26	4	
396	2	3	5	2	2	30	20	
397	2	5	5	4	2	24	68	
398	13	39	15	6	7	37	40	
399	8	3	4	4	50	3	8	
400	8	7	8	4	7	13	8	
401	8	14	8	4	50	44	22	
402	35	7	4	4	4	4	4	
403	4	3	6	9	64	53	15	
404	2	5	6	2	2	6	49	
405	35	4	4	4	4	26	22	
406	35	4	4	4	49	26	4	
407	8	14	8	4	2	10	8	
408	2	5	5	2	2	20	5	
409	21	26	14	18	72	102	84	
410	35	2	4	37	4	4	4	
411	35	15	4	4	4	4	4	
412	36	4	4	4	73	4	4	
413	2	3	5	2	2	25	5	
414	13	10	15	6	74	37	15	
415	13	10	15	6	2	49	15	
416	13	10	15	6	2	37	15	
417	2	3	5	2	2	24	5	
418	30	12	21	1	75	30	4	
419	26	12	21	1	6	30	4	
420	8	14	35	4	7	3	86	
421	8	14	8	4	34	3	8	
422	8	14	8	4	74	3	8	
423	14	14	8	4	7	3	8	
424	4	7	35	6	74	76	22	
425	35	2	6	4	4	26	87	
426	2	5	5	2	2	106	5	
427	21	26	14	18	76	65	84	
428	35	4	4	6	4	4	4	
429	13	10	15	6	77	37	15	
430	58	3	8	4	7	13	8	
431	8	5	5	2	2	24	5	
432	28	14	38	2	78	47	15	
433	4	7	35	19	74	76	15	
434	4	14	21	4	79	107	88	
435	2	3	5	9	2	6	5	
436	59	3	21	2	80	108	15	
437	13	32	4	28	34	27	89	
438	13	3	21	4	27	109	13	
439	3	3	21	4	27	109	13	
440	59	7	47	2	81	108	90	
441	11	26	6	4	34	60	91	
442	9	9	4	14	53	37	18	
443	59	5	21	2	80	108	15	
444	2	5	5	4	2	6	5	
445	13	14	12	39	12	110	92	
446	1	3	4	3	7	73	93	
447	13	26	48	18	31	111	15	
448	4	14	6	4	30	112	8	
449	60	13	21	1	82	11	15	
450	33	14	4	14	6	45	15	
451	60	10	21	1	2	11	15	
452	53	3	10	36	83	113	10	
453	61	5	21	4	80	108	15	
454	2	5	5	40	2	6	5	
455	60	7	21	1	2	114	58	
456	62	3	3	3	84	39	94	
457	53	5	21	2	80	108	15	
458	6	3	10	4	27	109	13	
459	4	17	21	19	27	13	22	
460	3	3	49	2	76	20	47	
461	60	10	21	1	7	11	15	
462	11	8	6	4	34	60	8	
463	5	32	21	19	7	55	5	
464	3	3	21	4	27	45	13	
465	63	14	4	3	6	45	15	
466	59	7	21	2	81	108	90	
467	62	3	3	3	3	115	95	
468	64	3	6	4	34	13	8	
469	2	5	5	4	46	6	5	
470	65	40	6	41	64	53	15	
471	2	5	5	2	2	27	5	
472	5	23	5	2	2	78	5	
473	2	23	5	9	2	5	5	
474	4	22	6	18	64	32	96	
475	8	2	6	2	6	24	5	
476	13	10	15	4	7	37	15	
477	8	5	5	9	2	24	5	
478	58	14	8	4	7	10	35	
479	8	14	30	4	7	44	35	
480	30	41	21	1	6	30	4	
481	8	14	8	4	2	3	8	
482	6	3	37	2	38	116	12	
483	6	3	10	2	38	46	12	
484	8	5	5	9	2	6	20	
485	2	5	5	2	2	6	20	
486	30	12	21	4	6	8	4	
487	4	26	14	9	52	102	84	
488	13	11	15	6	7	37	15	
489	2	26	5	12	2	6	97	
490	2	2	2	2	85	24	83	
491	2	5	5	4	2	6	83	
492	6	3	37	2	38	32	12	
493	35	4	4	4	4	117	98	
494	13	10	15	6	7	37	71	
495	30	3	3	3	3	39	99	
496	3	14	21	2	38	46	12	
497	4	7	4	4	4	26	4	
498	4	14	50	6	4	118	22	
499	4	14	50	6	4	118	15	
500	2	5	51	9	2	6	5	
501	4	2	4	4	4	26	50	
502	2	2	5	2	2	119	5	
503	4	14	50	33	4	118	12	
504	58	14	8	4	7	10	8	
505	13	7	14	6	7	32	15	
506	47	7	35	28	44	20	12	
507	47	7	35	28	44	59	6	
508	47	7	35	28	44	30	6	
509	47	7	35	28	18	20	6	
510	30	3	3	3	3	39	12	
511	47	14	35	28	86	120	6	
512	2	42	5	12	2	121	12	
513	33	14	38	4	87	122	15	
514	30	12	21	1	6	30	4	
515	2	5	6	2	2	20	5	
516	13	10	15	6	2	32	8	
517	13	43	14	4	34	55	15	
518	66	14	6	35	64	20	12	
519	2	5	6	2	2	6	5	
520	35	7	6	4	34	26	20	
521	47	14	35	28	44	30	6	
522	2	5	5	4	2	21	100	
523	35	10	15	6	7	37	15	
524	6	3	3	38	26	39	95	
525	13	14	21	18	34	32	6	
526	4	2	4	4	4	26	4	
527	30	3	43	3	3	39	95	
528	8	7	8	4	7	10	101	
529	3	3	3	3	26	39	95	
530	13	8	14	18	47	47	84	
531	4	44	4	4	4	24	52	
532	4	4	4	4	4	26	50	
533	67	10	21	1	7	11	15	
534	4	7	52	6	74	76	40	
535	35	4	4	4	88	26	4	
536	2	5	2	2	2	24	5	
537	14	14	8	4	7	10	102	
538	62	12	21	1	6	30	4	
539	8	2	6	2	2	24	5	
540	33	7	38	2	87	122	15	
541	62	3	28	1	6	30	4	
542	11	5	20	9	43	53	15	
543	8	5	20	9	43	53	15	
544	39	22	6	18	64	53	12	
545	62	41	21	1	6	30	4	
546	36	2	4	4	4	4	87	
547	30	12	21	1	24	30	98	
548	68	10	21	1	7	11	22	
549	35	7	14	4	4	4	103	
550	69	7	4	4	4	26	4	
551	13	14	21	44	34	32	6	
552	70	3	8	4	7	44	8	
553	47	7	18	45	44	30	6	
554	3	2	5	2	2	6	5	
555	70	14	8	4	7	44	8	
556	33	14	38	2	78	122	12	
557	37	10	21	1	7	123	40	
558	13	45	15	6	7	37	15	
559	71	24	4	4	48	124	4	
560	43	14	8	4	7	3	8	
561	23	3	5	3	2	100	6	
562	5	2	20	6	30	69	22	
563	5	2	20	6	30	125	104	
564	30	12	53	4	6	30	4	
565	4	4	54	9	89	20	105	
566	72	7	20	2	90	103	12	
567	21	26	14	9	72	102	84	
568	5	5	20	6	43	69	22	
569	37	10	21	1	7	126	15	
570	2	5	5	2	2	127	5	
571	33	3	38	2	31	122	15	
572	8	5	5	2	2	6	5	
573	8	5	5	9	2	6	12	
574	4	8	21	19	30	83	22	
575	8	5	5	2	2	6	106	
576	20	3	6	46	26	24	5	
577	37	19	21	1	56	126	15	
578	30	3	3	3	67	39	95	
579	8	5	5	47	91	20	5	
580	3	5	2	48	92	21	5	
581	2	5	5	9	2	21	5	
582	55	14	4	49	75	45	15	
583	2	42	5	2	2	6	12	
584	8	5	5	2	2	6	12	
585	30	3	3	3	3	39	107	
586	2	5	5	28	2	21	5	
587	8	2	5	9	2	106	5	
588	37	7	21	1	56	11	15	
589	37	7	21	4	7	11	15	
590	13	26	5	14	93	53	12	
591	13	10	15	6	56	32	15	
592	2	5	5	2	2	21	49	
593	21	3	14	18	99	102	84	
594	37	12	42	53	6	59	4	
595	37	7	42	1	89	114	15	
596	21	8	10	19	53	83	22	
597	35	7	4	4	4	4	20	
598	21	3	14	18	72	102	84	
599	4	4	4	4	49	4	4	
600	73	5	5	4	2	6	5	
601	21	17	21	19	27	83	22	
602	55	14	4	54	6	45	15	
603	62	3	3	3	3	39	114	
604	35	2	4	4	34	26	115	
605	70	14	8	4	7	3	8	
606	2	3	5	28	2	6	5	
607	37	10	21	1	2	11	15	
608	37	10	21	1	34	11	15	
609	74	7	43	7	13	19	14	
610	70	7	30	4	7	10	8	
611	30	3	3	3	3	39	116	
612	4	4	14	4	4	35	4	
613	4	7	6	4	34	24	4	
614	37	10	6	1	7	11	15	
615	21	26	56	18	31	111	12	
616	55	7	4	3	34	45	15	
617	13	8	21	19	30	83	22	
618	6	3	21	4	53	109	13	
619	70	3	6	4	7	10	8	
620	70	3	8	4	7	10	8	
621	70	14	8	4	7	10	35	
622	14	14	8	4	7	10	8	
623	70	14	8	4	2	3	8	
624	8	7	30	4	7	10	8	
625	2	5	5	55	2	6	5	
626	2	2	5	2	2	6	117	
627	35	4	4	4	34	26	4	
628	13	39	15	4	7	37	40	
629	30	12	21	1	24	30	4	
630	30	3	3	3	3	32	95	
631	30	3	3	3	27	32	95	
632	13	10	15	6	7	55	71	
633	75	14	8	4	7	3	118	
634	76	7	30	4	58	3	35	
635	2	3	5	2	50	6	5	
636	70	3	8	4	7	13	8	
637	13	10	15	6	7	37	12	
638	2	3	6	2	2	6	12	
639	74	10	15	6	7	37	15	
640	70	14	8	4	50	10	8	
641	13	28	15	6	7	32	15	
642	13	19	15	6	34	32	15	
643	77	14	6	6	4	20	15	
644	37	48	21	1	7	11	15	
645	2	5	5	47	2	6	5	
646	4	4	4	4	34	26	4	
647	8	15	5	2	2	20	5	
648	4	49	16	29	97	19	14	
649	25	7	6	56	6	27	37	
650	55	7	4	54	101	45	15	
651	6	3	37	2	30	134	12	
652	70	3	6	4	7	10	35	
653	70	3	6	4	7	3	8	
654	33	3	6	4	102	4	22	
655	35	4	4	4	76	26	4	
656	70	14	8	4	7	10	8	
657	13	2	2	2	80	6	27	
658	37	27	21	1	7	11	15	
659	11	26	6	4	34	60	119	
660	13	7	14	6	34	55	15	
661	70	7	8	4	7	10	8	
662	13	27	15	6	42	37	15	
663	43	14	8	4	34	10	8	
664	8	32	21	34	7	13	5	
665	21	17	21	19	27	135	22	
666	33	14	38	2	78	122	15	
667	70	14	6	4	34	10	8	
668	46	7	4	3	7	136	120	
669	54	31	10	36	83	113	111	
670	6	3	21	50	27	3	13	
671	21	2	21	19	27	83	22	
672	53	3	10	36	94	137	121	
673	23	3	5	3	57	100	113	
674	1	7	15	6	61	23	112	
675	62	28	6	35	95	138	40	
676	53	31	10	4	83	113	121	
677	6	3	21	50	27	109	13	
678	8	3	6	36	34	60	119	
679	62	3	21	3	53	109	95	
680	6	3	3	50	3	139	13	
681	6	3	5	3	2	3	113	
682	10	7	6	28	96	140	1	
683	34	3	5	9	103	100	113	
684	55	14	6	57	43	128	15	
685	55	7	6	57	43	131	15	
686	2	23	5	58	2	21	19	
687	10	46	21	28	67	141	108	
688	34	3	5	3	104	100	113	
689	3	3	5	3	104	100	113	
690	53	31	10	36	94	113	121	
691	3	23	6	3	57	100	113	
692	2	3	5	9	2	6	19	
693	1	7	15	6	61	105	112	
694	1	3	49	6	61	105	112	
695	13	17	21	19	27	83	22	
696	14	7	6	28	96	142	3	
697	10	7	6	28	96	140	3	
698	58	47	4	35	105	23	109	
699	23	3	5	14	57	100	113	
700	23	3	55	3	57	100	110	
701	23	3	55	3	97	3	110	
702	1	7	15	24	61	105	8	
703	54	31	10	36	98	113	121	
704	6	3	21	28	27	109	1	
705	59	4	21	58	80	108	15	
706	23	3	5	3	80	130	113	
707	23	3	5	3	57	130	113	
708	23	3	2	3	57	130	113	
709	23	3	2	3	97	3	113	
710	3	3	2	3	57	3	113	
711	6	3	21	6	27	109	112	
712	78	14	8	4	7	10	8	
713	13	10	10	6	7	32	122	
714	78	3	8	4	7	10	8	
715	70	14	30	4	74	10	8	
716	3	3	3	3	3	39	95	
717	2	3	5	2	2	24	44	
718	33	50	38	4	106	122	15	
719	21	17	21	19	27	32	22	
720	13	10	15	6	7	143	71	
721	8	2	5	4	2	24	5	
722	5	3	6	19	43	69	22	
723	33	14	38	4	78	122	71	
724	63	14	8	4	7	10	8	
725	70	14	8	4	2	10	8	
726	13	7	15	6	7	37	15	
727	5	32	21	34	7	74	5	
728	21	51	48	18	30	111	15	
729	25	7	6	3	24	27	37	
730	2	2	6	2	2	6	52	
731	13	13	15	6	7	143	15	
732	5	32	21	34	7	55	5	
733	13	10	15	19	7	37	15	
734	78	14	8	4	7	10	22	
735	30	3	3	3	3	39	95	
736	3	5	5	2	2	6	16	
737	79	14	8	4	107	10	8	
738	4	4	4	4	4	26	20	
739	39	52	6	18	51	144	22	
740	78	14	8	4	7	3	8	
741	39	14	57	28	44	30	6	
742	13	2	41	2	4	47	27	
743	30	12	21	1	6	20	123	
744	35	4	4	4	108	117	18	
745	14	14	8	4	7	10	35	
746	8	5	58	4	2	6	5	
747	80	3	6	4	31	45	13	
748	70	14	6	4	7	3	124	
749	24	32	21	2	54	53	66	
750	2	5	59	2	2	6	12	
751	81	3	3	2	7	39	125	
752	70	14	8	2	7	3	8	
753	14	7	8	2	7	10	8	
754	7	3	21	5	6	4	126	
755	70	7	6	4	7	3	126	
756	25	7	6	3	6	27	126	
757	70	14	8	4	2	3	126	
758	2	5	5	2	2	6	126	
759	13	3	4	4	34	20	18	
760	35	4	4	4	4	117	4	
761	6	3	37	2	38	46	126	
762	3	3	5	2	2	21	5	
763	2	5	5	2	2	21	12	
764	4	2	4	4	49	26	127	
765	74	7	16	7	7	19	14	
766	23	3	5	3	57	100	6	
767	13	3	60	4	31	45	13	
768	4	4	6	2	96	111	15	
769	13	10	10	6	7	37	15	
770	23	3	5	14	57	100	128	
771	74	7	16	5	13	19	14	
772	24	26	61	2	109	20	129	
773	11	53	6	4	34	145	130	
774	33	14	4	3	6	45	15	
775	4	4	14	4	49	146	22	
776	14	3	8	4	58	10	8	
777	23	3	5	3	57	20	6	
778	23	3	5	3	57	3	6	
779	74	29	6	42	31	13	5	
780	82	2	5	2	2	6	5	
781	35	4	6	4	34	26	4	
782	33	7	32	43	2	61	48	
783	5	13	37	4	34	105	15	
784	21	10	41	4	6	147	47	
785	25	7	6	3	6	45	37	
786	35	14	8	4	7	10	8	
787	47	3	35	28	44	4	6	
788	83	10	62	6	56	37	15	
789	84	5	5	2	2	24	5	
790	80	3	10	59	34	109	20	
791	35	2	14	4	4	4	131	
792	8	3	6	2	2	78	5	
793	36	7	4	4	4	4	4	
794	4	7	52	60	110	76	40	
795	39	7	6	2	111	4	132	
796	6	3	37	9	38	116	12	
797	33	9	10	26	112	14	11	
798	85	14	21	18	113	32	6	
799	70	14	8	61	7	3	8	
800	35	2	4	4	4	148	4	
801	4	7	4	4	4	24	4	
802	78	3	6	4	2	10	8	
803	2	2	5	2	2	21	12	
804	2	3	2	2	2	20	5	
805	55	14	4	3	114	45	22	
806	39	14	35	28	44	4	6	
807	30	3	3	3	26	32	133	
808	35	4	4	4	34	4	4	
809	11	26	6	4	34	13	8	
810	86	3	5	3	2	100	128	
811	3	3	37	2	38	46	12	
812	12	3	63	9	57	100	134	
813	13	54	4	27	43	104	90	
814	30	3	3	3	3	39	135	
815	47	14	57	28	44	30	128	
816	3	23	2	2	2	6	5	
817	3	3	2	3	57	100	6	
818	7	3	3	3	3	39	95	
819	4	3	54	2	2	149	5	
820	3	3	5	3	2	100	6	
821	2	5	5	4	2	24	5	
822	8	32	64	34	7	55	5	
823	23	3	5	3	57	100	136	
824	47	13	4	2	2	53	22	
825	34	3	5	3	57	150	6	
826	23	3	2	3	115	100	6	
827	59	55	35	62	44	30	6	
828	35	7	4	4	4	117	4	
829	35	7	65	4	4	26	20	
830	35	2	14	4	4	26	4	
831	35	4	17	4	4	26	20	
832	58	3	8	4	7	44	8	
833	13	10	6	2	93	151	22	
834	13	17	21	19	27	32	22	
835	35	7	4	4	7	10	4	
836	5	5	5	4	116	6	5	
837	4	7	35	6	74	76	8	
838	21	14	41	4	6	147	47	
839	30	12	21	1	6	30	22	
840	6	3	37	2	38	46	12	
841	70	14	8	4	34	10	8	
842	33	14	38	2	117	122	15	
843	35	7	4	4	4	148	4	
844	4	56	14	4	4	26	26	
845	4	4	14	4	4	26	26	
846	4	3	6	3	118	20	12	
847	8	7	30	4	7	44	8	
848	2	3	5	2	2	24	16	
849	39	14	50	6	4	118	15	
850	39	14	50	6	4	118	137	
851	58	14	8	4	7	44	8	
852	2	5	5	2	2	24	2	
853	14	14	8	4	2	3	8	
854	3	5	5	2	2	68	5	
855	21	8	14	18	72	102	84	
856	21	8	14	18	72	47	84	
857	36	29	4	4	4	4	4	
858	4	2	14	4	4	117	4	
859	21	8	21	19	27	152	22	
860	2	5	5	2	2	153	2	
861	8	5	2	2	2	6	49	
862	4	7	66	4	32	26	20	
863	39	14	50	6	4	118	22	
864	70	14	6	4	7	3	8	
865	13	7	15	6	42	37	22	
866	62	3	21	1	6	4	4	
867	3	3	3	2	119	39	138	
868	13	10	15	6	50	37	15	
869	62	3	3	2	3	154	22	
870	2	5	5	2	2	155	27	
871	31	2	5	2	2	20	49	
872	2	2	5	2	2	20	49	
873	8	2	5	2	2	155	5	
874	62	3	21	4	6	30	4	
875	30	3	21	1	6	30	4	
876	58	14	8	4	50	3	35	
877	3	2	25	18	120	32	6	
878	8	3	20	6	26	69	22	
879	8	5	20	6	26	69	22	
880	62	3	21	1	6	30	4	
881	35	7	67	63	4	156	4	
882	35	7	67	63	4	26	4	
883	4	17	21	6	27	84	22	
884	13	57	15	6	7	32	15	
885	2	5	5	2	2	83	5	
886	87	14	6	1	65	157	22	
887	87	14	6	5	65	157	22	
888	2	5	20	6	12	69	22	
889	4	17	21	6	27	158	22	
890	13	10	68	6	50	159	139	
891	88	12	69	1	6	30	4	
892	62	12	21	1	6	4	4	
893	62	3	21	4	34	30	4	
894	62	3	21	1	34	30	4	
895	8	2	5	2	2	6	27	
896	47	14	52	28	18	4	6	
897	62	58	21	1	6	30	4	
898	13	7	15	6	42	160	22	
899	62	3	70	1	6	4	4	
900	2	5	5	2	2	161	4	
901	62	12	21	1	6	4	15	
902	2	5	5	2	2	155	5	
903	30	12	21	1	6	4	4	
904	60	10	21	1	7	11	4	
905	62	3	3	3	3	3	22	
906	89	12	21	1	6	30	4	
907	78	12	21	1	6	30	4	
908	3	59	21	1	121	162	4	
909	6	13	21	1	7	11	4	
910	90	4	4	4	4	26	22	
911	8	3	20	6	43	163	22	
912	62	12	21	1	6	30	20	
913	2	5	5	9	2	6	25	
914	8	14	8	4	7	164	8	
915	8	3	6	4	7	10	8	
916	35	4	14	4	4	26	4	
917	2	2	5	2	2	24	8	
918	62	3	3	3	3	39	95	
919	15	7	16	7	122	51	14	
920	2	5	5	2	2	6	27	
921	4	7	16	7	13	165	20	
922	9	10	21	1	7	11	15	
923	91	32	21	9	55	53	66	
924	8	14	6	4	7	3	8	
925	9	13	21	1	7	11	15	
926	58	7	8	4	7	3	8	
927	43	14	8	4	7	10	8	
928	24	3	6	4	31	20	15	
929	9	32	4	28	34	27	15	
930	62	3	3	36	3	39	95	
931	62	12	21	1	6	30	140	
932	53	31	10	64	84	114	111	
933	92	32	3	3	12	101	95	
934	13	3	21	6	6	32	6	
935	13	3	21	6	6	166	6	
936	33	3	21	6	6	32	6	
937	62	3	71	1	6	30	4	
938	8	5	5	2	2	6	20	
939	2	2	2	4	2	24	5	
940	2	2	2	4	2	24	20	
941	2	2	5	4	2	24	20	
942	53	31	10	37	84	114	111	
943	53	31	10	37	24	114	111	
944	5	14	2	4	7	3	8	
945	2	5	2	65	2	24	5	
946	2	26	2	2	2	24	5	
947	4	17	21	19	27	84	22	
948	8	14	2	4	7	3	8	
949	2	2	2	9	2	79	5	
950	2	60	5	2	7	79	4	
951	3	2	5	9	2	6	5	
952	13	7	10	1	34	32	15	
953	13	10	15	6	7	167	15	
954	2	5	6	2	2	24	5	
955	35	2	4	25	4	35	4	
956	11	8	6	1	34	10	119	
957	13	7	15	6	7	32	15	
958	35	4	4	4	4	35	4	
959	13	2	6	2	4	77	27	
960	35	2	6	4	4	26	4	
961	1	7	6	5	123	29	141	
962	13	10	14	6	7	37	15	
963	71	14	8	4	7	10	8	
964	13	10	15	66	7	37	15	
965	93	3	21	1	6	30	4	
966	31	2	2	2	2	24	5	
967	35	4	4	67	4	26	4	
968	3	5	5	9	2	6	5	
969	8	14	8	4	50	10	8	
970	4	2	4	1	49	26	31	
971	2	5	5	1	2	6	5	
972	8	14	8	1	7	10	22	
973	8	14	8	1	7	3	22	
974	34	5	6	1	2	24	5	
975	2	2	5	1	2	6	5	
976	36	4	6	1	4	26	4	
977	2	2	5	2	2	6	142	
978	36	4	4	1	4	26	7	
979	94	3	8	4	7	10	35	
980	13	11	15	6	34	37	12	
981	13	11	72	6	7	55	12	
982	2	5	5	2	2	6	49	
983	47	7	73	28	2	30	6	
984	3	3	21	1	6	30	4	
985	62	3	21	1	6	8	4	
986	33	7	6	2	30	123	15	
987	2	5	5	28	2	6	5	
988	4	7	43	7	122	19	14	
989	87	14	6	36	65	10	12	
990	75	7	16	7	34	51	14	
991	8	5	20	6	4	70	22	
992	13	5	6	6	2	21	22	
993	57	4	20	2	71	104	12	
994	33	7	6	2	31	123	15	
995	2	2	2	2	2	79	5	
996	62	12	74	1	6	4	4	
997	62	3	3	1	3	3	22	
998	62	12	75	1	34	162	125	
999	95	61	4	4	4	26	22	
1000	13	10	15	6	7	168	15	
1001	13	10	15	6	2	37	40	
1002	96	12	21	5	6	30	4	
1003	2	3	5	2	2	24	20	
1004	52	14	8	4	7	3	8	
1005	13	5	2	2	2	6	16	
1006	4	2	4	68	4	26	18	
1007	35	2	14	4	34	26	4	
1008	2	5	5	9	2	5	12	
1009	98	5	5	2	46	20	5	
1010	21	26	14	32	72	102	84	
1011	36	4	4	4	34	24	4	
1012	47	14	35	28	44	20	6	
1013	2	5	5	4	2	20	117	
1014	5	2	5	69	2	21	5	
1015	12	5	5	4	2	20	5	
1016	21	62	41	2	4	76	27	
1017	80	26	10	59	113	109	12	
1018	12	63	10	71	112	14	11	
1019	53	31	10	36	83	113	111	
1020	13	32	76	19	7	74	5	
1021	4	7	16	7	13	19	20	
1022	4	17	42	19	53	32	22	
1023	4	7	6	4	4	117	4	
1024	4	2	14	4	4	26	4	
1025	3	3	6	3	57	100	6	
1026	3	3	6	3	57	100	136	
1027	98	5	5	2	2	20	5	
1028	98	2	5	2	2	20	5	
1029	33	14	4	54	6	45	15	
1030	74	22	6	18	64	53	15	
1031	12	9	10	72	11	14	11	
1032	13	7	10	6	2	37	15	
1033	23	14	21	2	30	46	12	
1034	8	5	5	9	2	6	5	
1035	13	7	14	6	2	37	15	
1036	4	4	6	4	4	26	4	
1037	49	4	6	35	124	157	95	
1038	99	58	6	1	6	20	143	
1039	2	5	77	4	2	6	5	
1040	2	5	2	4	2	6	5	
1041	36	2	6	4	4	4	4	
1042	87	7	6	35	64	157	95	
1043	3	3	37	73	26	46	12	
1044	13	7	78	6	7	32	15	
1045	28	3	20	4	6	104	58	
1046	36	7	14	4	4	24	4	
1047	8	2	5	2	2	6	5	
1048	4	3	6	19	64	20	15	
1049	13	10	15	6	7	140	22	
1050	13	64	15	6	7	140	15	
1051	2	5	6	2	2	6	12	
1052	4	7	4	4	34	26	4	
1053	2	3	5	9	2	169	12	
1054	62	3	21	1	6	20	22	
1055	3	5	5	28	2	24	5	
1056	60	10	21	5	7	11	15	
1057	96	58	21	1	6	30	4	
1058	2	2	5	2	2	6	12	
1059	2	5	5	2	2	20	16	
1060	2	5	5	21	2	20	5	
1061	8	7	8	4	2	10	8	
1062	8	3	5	2	2	24	5	
1063	62	3	79	3	3	32	95	
1064	35	7	4	74	4	26	72	
1065	13	65	41	2	4	76	27	
1066	62	12	21	1	6	170	4	
1067	37	64	21	1	34	266	264	
1068	1	54	80	1	1	1	145	
1069	53	31	10	36	83	171	111	
1070	100	14	8	4	34	3	8	
1071	23	58	6	1	6	20	143	
1072	33	7	32	75	2	61	48	
1073	13	64	15	6	7	37	15	
1074	11	26	6	4	34	172	119	
1075	62	3	43	3	3	39	95	
1076	2	5	5	2	2	173	5	
1077	5	13	21	34	7	55	5	
1078	30	3	43	3	3	32	12	
1079	30	3	43	3	26	32	12	
1080	35	7	4	4	49	26	4	
1081	35	7	4	4	49	4	4	
1082	23	3	6	3	57	100	6	
1083	4	2	14	4	4	4	4	
1084	13	2	41	12	34	76	27	
1085	13	10	15	6	58	37	15	
1086	33	3	38	2	78	47	15	
1087	2	3	5	76	2	20	5	
1088	2	5	5	9	2	24	146	
1089	2	3	6	9	2	6	5	
1090	13	7	15	6	7	55	5	
1091	2	3	6	2	2	6	49	
1092	2	5	5	2	50	6	5	
1093	101	5	5	2	2	6	12	
1094	35	2	14	4	4	24	4	
1095	33	14	38	2	78	122	22	
1096	35	4	14	4	4	4	4	
1097	13	26	5	3	93	53	12	
1098	35	4	4	25	4	35	4	
1099	6	3	10	12	125	46	12	
1100	13	66	15	6	7	32	15	
1101	8	14	6	4	7	10	8	
1102	4	67	5	2	126	148	5	
1103	62	3	3	3	26	39	95	
1104	13	10	15	4	7	32	12	
1105	33	14	38	2	78	47	12	
1106	33	7	6	3	6	27	37	
1107	24	7	16	7	13	19	14	
1108	13	3	21	6	6	174	6	
1109	59	34	15	1	60	20	70	
1110	13	10	15	6	7	32	15	
1111	2	5	5	77	2	6	5	
1112	33	3	38	2	78	122	15	
1113	60	7	10	1	7	11	15	
1114	5	7	24	3	34	65	6	
1115	13	7	15	6	127	140	15	
1116	13	2	5	2	2	6	5	
1117	2	3	5	2	2	175	147	
1118	55	3	4	54	6	45	15	
1119	13	19	15	6	7	37	15	
1120	1	3	21	1	1	1	90	
1121	4	68	6	78	18	148	5	
1122	102	7	6	3	43	176	148	
1123	13	3	21	6	6	53	6	
1124	13	3	21	6	24	52	6	
1125	13	3	31	6	24	52	6	
1126	13	3	15	6	6	52	6	
1127	13	3	15	79	6	52	6	
1128	13	3	21	60	6	52	12	
1129	53	31	10	36	83	177	111	
1130	13	7	14	6	7	55	15	
1131	2	69	5	2	2	6	5	
1132	4	22	6	18	64	53	15	
1133	2	5	5	2	2	5	5	
1134	35	2	14	4	4	4	4	
1135	80	2	5	76	2	41	82	
1136	80	15	5	28	1	6	30	
1137	13	13	15	6	2	32	40	
1138	8	3	5	2	85	24	25	
1139	33	14	38	2	78	68	15	
1140	2	3	5	2	2	20	97	
1141	23	3	5	9	2	21	30	
1142	33	14	38	2	78	122	20	
1143	2	3	2	2	2	148	5	
1144	2	3	2	2	2	21	5	
1145	2	3	2	4	2	21	5	
1146	3	2	2	2	2	6	5	
1147	36	4	4	4	4	26	52	
1148	36	2	4	4	4	4	52	
1149	58	14	8	80	2	10	8	
1150	8	2	5	9	2	20	5	
1151	2	70	13	2	2	6	20	
1152	21	14	25	18	128	47	152	
1153	6	3	37	2	30	181	12	
1154	4	7	4	4	4	56	153	
1155	6	3	82	2	30	181	12	
1156	21	14	25	18	128	59	152	
1157	2	71	6	2	2	7	20	
1158	8	14	16	9	129	20	157	
1159	8	14	16	9	129	20	81	
1160	8	3	5	55	2	5	5	
1161	2	2	5	9	2	68	5	
1162	54	31	10	36	66	182	111	
1163	13	13	137	6	50	32	15	
1164	2	5	5	12	2	6	154	
1165	2	5	5	2	2	6	154	
1166	108	5	5	2	2	6	5	
1167	47	14	57	28	44	30	136	
1168	109	7	10	4	65	110	155	
1169	13	7	15	6	7	55	156	
1170	13	73	15	6	7	37	5	
1171	55	14	4	54	6	6	15	
1172	20	3	6	2	51	36	5	
1173	25	7	6	3	34	24	37	
1174	70	14	6	4	35	10	8	
1175	2	8	2	2	2	6	5	
1176	42	5	5	19	2	6	5	
1177	13	10	15	2	2	37	15	
1178	33	14	38	2	78	122	5	
1179	2	2	6	2	2	6	5	
1180	60	3	3	3	3	39	95	
1181	47	14	57	28	44	30	5	
1182	60	3	3	3	3	39	3	
1183	2	5	2	4	2	24	5	
1184	2	5	5	27	2	71	5	
1185	2	2	5	4	2	6	5	
1186	35	2	4	4	36	4	4	
1187	2	7	6	3	6	27	37	
1188	21	17	21	19	27	27	22	
1189	31	5	6	2	2	6	5	
1190	47	14	52	28	44	30	6	
1191	8	5	2	2	2	24	5	
1192	13	11	15	15	50	37	15	
1193	47	3	52	28	44	4	6	
1194	4	7	43	7	13	19	14	
1195	21	3	5	18	72	102	84	
1196	8	5	5	9	2	6	59	
1197	13	13	15	6	7	35	15	
1198	107	12	21	1	6	30	4	
1199	2	5	5	2	2	27	16	
1200	2	2	5	2	2	27	16	
1201	62	72	21	1	130	183	4	
1202	36	7	4	4	4	184	50	
1203	62	12	21	4	6	30	4	
1204	2	2	2	2	2	21	5	
1205	80	26	10	59	113	47	12	
1206	2	3	5	81	2	20	12	
1207	8	2	5	2	2	6	20	
1208	8	2	5	2	2	24	20	
1209	21	26	14	82	72	102	84	
1210	13	7	15	6	7	140	15	
1211	14	7	30	4	2	10	8	
1212	14	7	30	4	2	3	8	
1213	24	7	10	4	4	118	22	
1214	53	3	10	36	83	182	10	
1215	13	26	14	18	76	102	55	
1216	11	26	6	4	34	24	119	
1217	107	3	10	3	131	185	95	
1218	24	7	137	6	65	186	3	
1219	2	5	5	2	2	6	97	
1220	5	32	10	34	7	74	5	
1221	60	13	21	4	34	126	15	
1222	5	32	10	34	50	74	5	
1223	62	3	21	4	6	20	4	
1224	2	2	2	2	2	20	5	
1225	4	7	57	33	74	76	22	
1226	53	31	10	36	83	32	158	
1227	36	5	14	4	4	4	4	
1228	8	3	6	4	7	3	8	
1229	60	10	21	4	7	11	15	
1230	62	3	3	3	67	39	12	
1231	2	3	5	9	2	6	12	
1232	14	3	6	4	56	3	8	
1233	33	7	38	31	78	122	15	
1234	2	2	2	27	2	24	5	
1235	2	2	2	31	2	24	5	
1236	13	32	15	6	7	140	15	
1237	73	5	5	9	2	127	20	
1238	35	2	4	4	49	4	4	
1239	2	23	5	2	2	63	5	
1240	13	10	15	24	50	37	15	
1241	13	3	21	6	4	52	6	
1242	62	12	21	1	6	8	4	
1243	35	4	6	4	4	24	4	
1244	35	23	6	4	4	24	4	
1245	6	2	25	44	24	45	6	
1246	70	14	8	4	7	44	22	
1247	21	29	6	35	132	21	3	
1248	54	31	10	36	83	171	111	
1249	43	3	8	4	7	3	8	
1250	3	5	5	2	2	24	5	
1251	53	31	10	36	133	113	111	
1252	2	5	2	12	2	6	5	
1253	2	5	5	12	2	6	5	
1254	34	5	6	12	2	24	5	
1255	8	3	5	12	2	6	12	
1256	2	3	5	12	2	82	5	
1257	60	13	21	4	7	11	15	
1258	13	10	85	6	7	32	15	
1259	13	7	15	6	7	32	22	
1260	87	14	6	35	24	157	95	
1261	52	14	8	4	7	13	8	
1262	21	3	14	18	72	102	55	
1263	8	14	8	4	2	3	22	
1264	105	2	5	2	2	24	5	
1265	13	28	15	6	7	160	15	
1266	62	12	2	1	6	30	4	
1267	13	28	14	4	7	32	15	
1268	6	3	37	2	125	46	12	
1269	2	2	5	65	2	6	5	
1270	62	58	75	4	6	30	4	
1271	112	5	2	2	2	6	5	
1272	21	26	14	30	72	102	55	
1273	8	3	5	9	2	190	5	
1274	2	2	2	12	2	5	5	
1275	13	75	11	6	7	32	105	
1276	13	19	86	6	7	32	40	
1277	24	45	8	6	7	40	35	
1278	8	28	4	28	34	27	15	
1279	53	31	21	4	34	30	72	
1280	13	3	4	6	34	130	143	
1281	13	14	8	6	7	3	8	
1282	8	3	87	84	83	22	159	
1283	53	14	10	85	83	22	159	
1284	113	31	10	84	83	22	159	
1285	53	31	10	84	83	22	159	
1286	53	31	2	2	6	20	19	
1287	62	12	2	2	2	20	19	
1288	8	2	2	2	2	20	19	
1289	113	2	21	2	54	32	66	
1290	8	2	88	2	34	53	66	
1291	36	7	6	4	4	26	87	
1292	36	4	14	4	34	4	4	
1293	36	4	4	4	4	41	4	
1294	21	26	14	18	72	86	84	
1295	35	2	14	4	4	4	50	
1296	35	2	4	4	4	4	87	
1297	35	2	6	4	34	4	4	
1298	35	7	4	4	49	26	52	
1299	62	3	3	3	3	48	95	
1300	31	2	5	2	2	20	25	
1301	8	5	5	2	2	5	20	
1302	35	2	36	4	4	4	4	
1303	35	7	4	4	4	26	87	
1304	58	14	8	4	2	3	8	
1305	52	14	30	4	7	10	8	
1306	43	14	30	4	7	10	8	
1307	47	14	10	2	59	80	3	
1308	36	2	4	4	4	4	4	
1309	2	26	5	2	2	5	5	
1310	2	26	5	2	2	21	5	
1311	2	26	5	2	2	24	5	
1312	43	14	8	4	7	3	35	
1313	35	4	4	4	49	24	22	
1314	35	4	6	4	72	4	4	
1315	21	26	14	18	72	65	4	
1316	8	14	8	4	7	4	8	
1317	2	12	6	2	2	27	7	
1318	4	10	4	28	30	133	160	
1319	8	5	6	6	43	69	22	
1320	36	7	4	4	4	41	4	
1321	36	2	14	4	34	4	4	
1322	8	14	8	4	7	13	8	
1323	2	5	5	4	2	6	12	
1324	2	74	5	2	2	6	5	
1325	2	74	5	4	2	6	12	
1326	62	3	3	3	3	32	95	
1327	62	12	21	1	6	30	22	
1328	62	3	3	3	3	178	95	
1329	62	12	21	5	6	30	22	
1330	110	3	3	3	3	39	95	
1331	110	12	84	1	6	30	4	
1332	4	17	21	19	30	83	22	
1333	8	2	39	6	43	32	22	
1334	80	3	6	4	31	45	35	
1335	13	7	6	4	2	126	162	
1336	87	3	6	35	24	20	95	
1337	4	26	14	9	72	102	84	
1338	87	14	6	5	24	157	95	
1339	105	2	5	55	2	24	5	
1340	111	8	6	18	34	191	15	
1341	62	3	3	3	67	39	95	
1342	62	3	21	1	6	30	22	
1343	28	3	38	27	78	122	15	
1344	2	15	5	2	2	24	5	
1345	8	7	8	4	7	10	22	
1346	3	2	15	18	135	50	165	
1347	13	65	41	2	134	47	27	
1348	80	15	5	28	1	188	30	
1349	22	3	3	14	2	16	13	
1350	33	14	38	2	136	192	29	
1351	23	77	5	28	2	193	20	
1352	80	61	5	9	2	5	15	
1353	80	3	5	2	2	20	95	
1354	2	3	5	65	2	20	94	
1355	35	50	4	4	4	4	64	
1356	23	23	5	9	2	121	15	
1357	23	15	5	28	2	63	30	
1358	47	14	57	28	44	30	12	
1359	2	3	5	9	2	21	5	
1360	55	14	4	54	6	45	137	
1361	2	5	5	2	2	34	5	
1362	4	7	16	2	13	19	14	
1363	74	7	16	7	13	19	14	
1364	2	5	2	9	2	6	5	
1365	6	3	37	2	38	99	12	
1366	2	3	20	2	2	5	5	
1367	13	10	83	6	84	32	15	
1368	35	4	4	4	34	4	144	
1369	4	7	4	4	34	4	4	
1370	60	28	21	1	7	11	15	
1371	62	3	3	3	3	16	94	
1372	62	58	21	1	24	30	4	
1373	5	5	5	2	2	6	5	
1374	14	3	30	4	7	3	8	
1375	8	14	8	4	34	3	67	
1376	62	12	21	4	6	194	4	
1377	4	8	21	19	53	135	22	
1378	8	2	5	2	2	21	5	
1379	24	7	6	34	61	30	5	
1380	8	5	20	6	38	70	22	
1381	36	7	4	4	49	148	4	
1382	13	2	20	6	38	3	22	
1383	4	7	16	2	122	19	14	
1384	3	3	5	3	97	100	6	
1385	107	3	14	4	13	45	28	
1386	8	14	8	4	89	3	8	
1387	62	5	5	4	2	6	5	
1388	8	2	5	2	1	6	5	
1389	58	14	8	4	50	3	8	
1390	58	14	8	4	7	3	8	
1391	62	3	3	3	2	39	95	
1392	13	2	20	6	43	73	22	
1393	3	5	5	2	2	6	25	
1394	102	7	6	3	43	164	61	
1395	2	78	5	9	2	6	5	
1396	35	4	4	4	4	3	4	
1397	54	31	10	36	83	113	197	
1398	35	4	4	4	95	26	198	
1399	2	5	2	2	2	35	5	
1400	2	5	5	31	2	6	5	
1401	4	5	6	4	34	60	119	
1402	6	3	92	4	38	46	12	
1403	8	14	8	4	50	10	22	
1404	21	28	21	19	27	135	22	
1405	43	79	8	4	7	10	8	
1406	74	7	16	7	2	3	14	
1407	21	17	93	19	27	32	22	
1408	8	3	2	2	2	188	52	
1409	3	3	21	1	6	4	4	
1410	8	3	20	19	43	69	22	
1411	120	3	6	9	2	78	28	
1412	30	3	21	100	6	59	26	
1413	8	3	5	2	2	24	19	
1414	2	5	2	2	2	64	5	
1415	2	2	5	2	2	5	20	
1416	2	5	5	2	2	6	28	
1417	13	2	15	6	2	32	15	
1418	25	7	6	3	17	45	151	
1419	33	14	38	2	78	81	15	
1420	105	5	3	3	3	6	3	
1421	107	3	10	3	3	32	3	
1422	103	3	3	3	3	39	94	
1423	60	13	15	1	34	55	15	
1424	4	17	21	19	27	16	22	
1425	106	3	6	3	57	100	165	
1426	2	5	5	2	2	6	21	
1427	2	5	5	31	2	106	25	
1428	2	23	5	102	2	20	20	
1429	3	3	3	3	67	16	95	
1430	8	2	2	2	2	6	5	
1431	4	35	6	4	58	15	200	
1432	4	26	61	4	34	60	202	
1433	8	3	6	4	116	3	22	
1434	13	7	6	4	18	32	12	
1435	8	3	6	4	18	3	22	
1436	44	3	6	4	116	3	22	
1437	3	3	6	14	116	3	22	
1438	13	19	6	4	34	4	22	
1439	24	13	6	4	18	45	22	
1440	14	3	6	4	34	4	22	
1441	13	8	6	4	34	13	36	
1442	13	9	10	19	76	4	62	
1443	4	9	6	4	76	4	156	
1444	13	43	6	19	76	58	156	
1445	8	7	30	4	2	3	22	
1446	13	3	6	19	2	4	12	
1447	4	3	6	19	53	32	22	
1448	4	8	6	19	53	32	12	
1449	29	8	10	14	53	20	12	
1450	3	3	6	14	97	20	12	
1451	14	3	6	4	34	13	12	
1452	44	3	6	4	34	13	12	
1453	8	3	37	4	18	13	12	
1454	13	13	52	4	2	55	12	
1455	13	9	10	4	116	58	12	
1456	13	3	6	14	116	3	12	
1457	4	9	14	14	76	195	22	
1458	3	3	2	14	97	20	12	
1459	13	9	10	4	67	4	82	
1460	4	13	6	4	67	58	12	
1461	4	9	6	4	76	79	12	
1462	13	13	10	4	67	4	82	
1463	5	9	10	4	18	55	12	
1464	13	13	10	4	18	4	82	
1465	13	19	10	4	67	4	12	
1466	42	9	10	4	67	4	82	
1467	13	3	10	4	18	4	12	
1468	13	19	10	4	18	4	194	
1469	8	3	30	4	116	3	22	
1470	13	13	10	4	18	13	82	
1471	42	9	10	4	18	4	20	
1472	42	19	10	4	67	4	12	
1473	13	19	10	19	67	4	12	
1474	13	3	6	4	67	54	12	
1475	13	9	52	4	18	4	82	
1476	77	3	6	14	24	45	22	
1477	13	9	52	4	18	58	20	
1478	13	9	10	19	18	4	20	
1479	13	13	10	4	10	4	12	
1480	13	9	10	19	18	4	12	
1481	13	9	10	4	18	4	12	
1482	13	13	10	4	18	4	20	
1483	13	13	10	4	34	4	20	
1484	13	13	10	4	10	58	20	
1485	4	8	10	19	53	13	12	
1486	28	14	38	2	78	47	201	
1487	2	3	5	4	2	190	20	
1488	9	7	6	1	7	11	203	
1489	4	10	4	28	93	133	160	
1490	70	14	8	4	7	4	8	
1491	3	5	20	2	2	20	5	
1492	4	7	4	4	4	56	123	
1493	8	5	13	2	2	5	5	
1494	96	12	21	1	6	30	4	
1495	36	4	4	4	4	26	22	
1496	35	2	4	4	49	26	4	
1497	123	2	6	2	126	21	96	
1498	124	2	6	40	95	196	96	
1499	112	2	4	2	4	5	12	
1500	33	7	98	2	106	122	15	
1501	35	2	6	4	4	26	205	
1502	21	26	14	18	72	102	55	
1503	35	7	6	1	4	4	204	
1504	122	26	14	18	72	102	84	
1505	36	4	4	4	4	4	31	
1506	35	2	14	4	4	4	87	
1507	35	7	4	4	4	26	52	
1508	36	2	4	4	4	24	4	
1509	21	26	14	18	72	65	84	
1510	33	14	6	2	78	81	15	
1511	2	5	5	12	2	20	65	
1512	55	7	4	9	34	45	208	
1513	5	32	44	34	7	55	207	
1514	77	7	6	14	34	45	12	
1515	42	2	2	4	2	45	82	
1516	33	7	6	48	76	47	22	
1517	13	9	14	4	26	4	22	
1518	42	77	2	48	2	54	82	
1519	4	3	52	4	26	54	60	
1520	4	3	39	48	26	20	60	
1521	42	77	6	48	2	20	82	
1522	3	3	6	87	2	45	12	
1523	4	7	6	4	34	47	136	
1524	42	2	6	48	2	20	11	
1525	77	3	14	14	17	45	22	
1526	42	77	2	9	2	20	82	
1527	42	3	6	4	2	20	82	
1528	42	3	14	14	2	45	156	
1529	13	7	13	6	2	197	15	
1530	13	10	13	6	7	49	15	
1531	13	10	13	6	42	37	15	
1532	13	10	13	6	7	37	15	
1533	5	5	5	9	2	6	56	
1534	2	5	5	9	2	35	56	
1535	2	5	5	9	2	21	56	
1536	80	7	6	107	18	4	15	
1537	25	7	6	34	61	30	5	
1538	126	35	6	78	154	27	3	
1539	100	47	6	4	7	199	8	
1540	126	35	6	78	154	20	3	
1541	25	32	5	2	156	45	22	
1542	47	14	99	50	6	30	12	
1543	126	8	6	78	97	27	3	
1544	4	7	6	2	96	111	12	
1545	33	7	4	3	155	45	15	
1546	21	17	21	19	27	198	22	
1547	128	26	6	4	34	60	119	
1548	80	29	21	106	31	45	6	
1549	80	29	21	106	31	45	152	
1550	47	14	99	50	24	30	12	
1551	4	8	21	19	27	32	211	
1552	129	8	6	78	154	27	3	
1553	107	3	3	3	3	3	95	
1554	28	5	6	28	6	201	209	
1555	125	14	30	9	93	20	13	
1556	125	14	8	2	93	20	13	
1557	54	3	10	36	94	113	197	
1558	14	32	6	103	7	45	206	
1559	127	3	6	2	38	105	12	
1560	59	14	99	50	6	30	12	
1561	80	8	21	106	34	41	6	
1562	1	3	4	3	2	73	112	
1563	1	7	10	6	61	105	112	
1564	1	7	15	4	61	105	112	
1565	2	2	6	2	2	21	5	
1566	2	3	5	2	2	35	5	
1567	2	3	5	4	2	21	5	
1568	2	5	5	2	2	63	20	
1569	4	4	6	2	96	32	15	
1570	4	7	6	2	96	111	15	
1571	4	8	6	4	34	13	119	
1572	4	17	21	19	53	83	22	
1573	4	26	6	4	34	13	119	
1574	4	26	6	4	34	60	119	
1575	100	32	6	105	7	200	206	
1576	13	14	8	6	7	32	12	
1577	43	14	8	4	7	10	22	
1578	23	3	5	2	7	100	6	
1579	5	10	37	4	57	105	5	
1580	25	32	5	2	156	202	8	
1581	78	14	8	4	156	10	22	
1582	39	35	6	4	7	29	201	
1583	13	10	15	6	7	49	212	
1584	13	80	6	108	2	105	12	
1585	21	3	48	32	31	32	15	
1586	21	26	48	18	31	32	15	
1587	21	26	48	32	31	32	15	
1588	29	26	54	3	7	102	12	
1589	13	13	8	4	7	37	8	
1590	2	3	6	2	120	97	5	
1591	4	10	14	28	7	195	160	
1592	39	35	6	4	61	29	15	
1593	5	32	10	6	7	74	5	
1594	5	32	21	6	7	74	5	
1595	5	7	37	4	34	105	22	
1596	5	32	21	14	7	74	49	
1597	5	32	21	19	34	55	5	
1598	5	32	21	34	2	74	5	
1599	5	32	21	34	7	74	25	
1600	5	32	21	34	56	74	5	
1601	5	32	53	34	7	55	5	
1602	5	45	21	19	7	55	5	
1603	8	3	6	4	34	13	119	
1604	9	32	4	28	34	94	15	
1605	11	8	6	4	34	13	119	
1606	11	8	6	4	34	24	119	
1607	11	8	6	4	34	60	35	
1608	11	8	6	4	34	60	119	
1609	11	26	6	4	34	13	119	
1610	11	26	6	4	34	13	130	
1611	11	26	6	4	34	60	35	
1612	11	26	6	4	34	60	130	
1613	11	26	6	4	34	112	119	
1614	13	32	4	28	34	27	15	
1615	21	2	10	19	27	83	22	
1616	21	8	21	19	27	83	22	
1617	21	14	21	4	79	47	12	
1618	21	17	4	19	27	83	22	
1619	21	17	21	19	30	83	22	
1620	24	3	6	4	31	45	13	
1621	55	7	6	3	6	45	22	
1622	55	14	4	3	6	45	22	
1623	55	14	4	3	34	45	15	
1624	55	14	4	9	6	45	15	
1625	55	14	4	14	6	45	15	
1626	55	14	21	3	6	45	15	
1627	60	13	6	1	7	11	15	
1628	62	3	43	3	67	115	95	
1629	70	14	8	4	7	3	15	
1630	70	14	8	4	63	13	8	
1631	74	7	16	7	34	19	14	
1632	77	3	4	3	34	45	15	
1633	80	3	6	34	58	45	13	
1634	80	7	15	6	61	105	22	
1635	80	8	6	6	2	118	66	
1636	14	14	8	4	34	3	8	
1637	55	14	4	82	6	45	15	
1638	13	7	6	4	2	126	161	
1639	62	3	3	3	3	3	95	
1640	2	5	5	2	7	187	162	
1641	10	14	8	4	7	10	22	
1642	58	14	8	4	50	10	8	
1643	13	10	15	6	7	55	15	
1644	58	14	8	4	2	10	8	
1645	14	7	8	4	7	13	8	
1646	21	17	21	19	53	83	22	
1647	44	7	6	4	7	3	8	
1648	8	3	2	4	2	6	5	
1649	8	3	2	2	2	6	5	
1650	3	3	5	3	57	3	6	
1651	2	2	5	2	2	63	20	
1652	32	3	43	3	3	32	94	
1653	5	5	5	2	2	78	5	
1654	4	7	4	4	4	41	4	
1655	3	7	6	4	99	32	12	
1656	28	14	21	4	34	126	15	
1657	13	6	10	6	7	32	15	
1658	33	7	6	2	106	86	15	
1659	2	2	2	2	2	24	5	
1660	3	5	5	2	2	76	5	
1661	40	24	41	21	4	76	27	
1662	3	26	6	4	34	60	55	
1663	4	5	4	4	139	26	4	
1664	4	5	6	2	2	106	5	
1665	5	27	37	4	34	105	12	
1666	4	2	14	4	139	41	67	
1667	8	14	8	4	56	10	8	
1668	14	14	30	4	56	3	8	
1669	36	2	6	4	49	41	4	
1670	8	7	6	4	56	3	118	
1671	4	19	6	4	61	15	201	
1672	4	60	6	4	4	41	4	
1673	2	3	10	2	2	94	2	
1674	13	3	6	34	62	8	47	
1675	8	3	6	4	46	13	22	
1676	4	3	65	4	7	26	20	
1677	4	60	4	4	34	26	4	
1678	14	14	8	4	146	44	89	
1679	4	7	16	9	97	19	14	
1680	28	14	38	102	31	47	15	
1681	13	10	137	6	84	32	15	
1682	4	31	6	4	61	15	201	
1683	62	3	3	3	26	16	95	
1684	28	14	38	2	106	122	15	
1685	67	3	10	1	6	8	20	
1686	11	8	4	3	7	19	4	
1687	55	14	6	109	43	31	15	
1688	15	7	16	7	13	19	213	
1689	34	29	6	4	157	13	22	
1690	14	7	6	28	96	37	3	
1691	54	3	10	36	83	203	10	
1692	13	32	15	18	58	68	214	
1693	13	3	37	2	38	204	12	
1694	34	3	6	3	2	100	215	
1695	34	3	5	3	97	100	216	
1696	59	31	21	2	68	205	159	
1697	1	2	10	2	80	206	15	
1698	54	31	10	36	94	113	111	
1699	74	32	100	28	4	29	214	
1700	34	3	5	3	57	100	6	
1701	13	3	37	2	38	116	12	
1702	53	31	101	36	83	113	111	
1703	58	14	102	6	158	105	217	
1704	2	3	5	2	2	6	12	
1705	60	13	21	1	7	11	15	
1706	74	7	16	110	13	19	14	
1707	62	32	40	7	120	138	15	
1708	62	3	3	9	3	16	95	
1709	24	31	10	36	83	32	111	
1710	24	3	5	3	57	7	6	
1711	6	3	21	50	27	45	13	
1712	11	8	6	4	34	112	119	
1713	11	3	6	4	34	24	130	
1714	34	3	6	3	57	207	218	
1715	60	32	6	1	7	162	15	
1716	5	4	103	111	7	65	6	
1717	92	32	3	3	12	100	95	
1718	122	81	6	3	6	3	3	
1719	54	31	10	36	98	113	111	
1720	11	26	6	4	34	10	119	
1721	23	3	5	3	57	100	219	
1722	23	2	5	3	2	100	6	
1723	54	31	10	36	83	113	10	
1724	54	31	10	36	83	32	111	
1725	11	26	6	4	34	208	119	
1726	10	7	21	28	67	141	108	
1727	54	31	10	36	159	105	111	
1728	11	26	6	4	83	60	119	
1729	23	3	5	3	57	141	6	
1730	21	23	21	19	27	83	22	
1731	5	4	24	3	7	60	119	
1732	11	26	6	4	34	45	119	
1733	13	10	15	6	7	160	119	
1734	8	31	21	34	7	74	5	
1735	11	26	6	4	34	31	119	
1736	59	15	21	2	80	108	15	
1737	4	7	16	110	13	19	14	
1738	59	2	6	2	80	108	15	
1739	54	31	10	112	83	113	111	
1740	5	32	21	34	2	55	5	
1741	2	2	5	2	2	6	16	
1742	24	3	2	3	2	100	6	
1743	54	31	10	36	94	32	111	
1744	131	14	6	6	4	20	15	
1745	4	5	15	6	61	59	112	
1746	54	31	6	28	96	37	3	
1747	62	12	21	4	24	30	4	
1748	11	14	6	4	34	60	119	
1749	24	31	10	36	94	113	111	
1750	3	5	5	4	2	6	30	
1751	60	7	21	1	7	11	15	
1752	21	17	21	19	27	83	5	
1753	23	3	6	9	57	100	6	
1754	55	3	4	3	6	45	15	
1755	55	7	4	3	6	45	15	
1756	10	46	21	28	3	141	108	
1757	54	3	10	36	94	113	111	
1758	34	3	5	3	97	100	6	
1759	53	3	10	36	94	113	111	
1760	5	32	21	34	50	74	5	
1761	1	7	15	6	119	105	112	
1762	53	31	10	36	94	113	111	
1763	6	3	15	2	34	68	47	
1764	8	26	6	4	34	60	119	
1765	36	4	4	1	4	26	4	
1766	8	3	6	4	7	3	35	
1767	3	3	10	3	26	39	95	
1768	13	7	15	60	34	37	12	
1769	13	7	15	60	34	37	15	
1770	4	7	25	41	160	118	6	
1771	43	14	6	4	7	3	8	
1772	35	17	4	61	4	26	4	
1773	131	81	103	112	160	208	219	
1774	2	5	2	9	2	21	5	
1775	11	5	20	9	43	209	15	
1776	35	7	4	113	34	4	221	
1777	21	14	17	2	161	213	117	
1778	2	5	2	2	2	5	2	
1779	4	35	6	4	61	29	201	
1780	2	5	2	2	2	20	2	
1781	39	13	6	4	61	29	201	
1782	2	5	5	28	2	121	5	
1783	8	2	2	2	6	2	19	
1784	2	2	5	2	2	190	5	
1785	8	2	5	2	2	190	5	
1786	3	2	25	18	73	120	6	
1787	3	2	39	18	73	120	6	
1788	21	46	21	4	162	113	12	
1789	21	82	6	14	163	105	12	
1790	1	47	104	5	2	109	22	
1791	55	7	6	3	6	45	15	
1792	5	32	21	34	7	74	12	
1793	3	3	21	50	27	45	13	
1794	21	17	6	19	27	83	22	
1795	25	7	6	3	75	27	37	
1796	1	7	15	6	34	105	112	
1797	21	7	10	4	162	113	12	
1798	60	77	104	100	7	214	202	
1799	61	81	103	112	160	208	219	
1800	21	26	14	18	76	216	222	
1801	2	5	105	2	2	215	20	
1802	60	7	104	100	7	210	202	
1803	2	3	5	2	2	211	25	
1804	21	26	14	18	76	212	220	
1805	2	5	105	2	2	211	20	
1806	35	70	40	113	34	4	221	
1807	24	2	106	9	166	214	14	
1808	11	26	4	3	166	4	222	
1809	4	7	65	114	167	26	223	
1810	96	3	3	3	67	215	224	
1811	122	86	6	115	164	20	45	
1812	101	3	2	116	2	20	16	
1813	74	14	6	116	52	4	225	
1814	101	2	5	116	2	6	5	
1815	4	83	14	114	4	26	4	
1816	132	3	5	9	2	216	31	
1817	3	2	5	117	2	20	5	
1818	2	2	5	61	2	20	2	
1819	2	5	5	118	2	103	2	
1820	13	13	83	6	50	32	15	
1821	13	2	20	119	24	69	22	
1822	24	13	6	61	7	217	226	
1823	8	7	30	61	7	13	8	
1824	133	3	10	120	38	46	12	
1825	62	3	3	52	3	39	107	
1826	36	7	4	61	49	26	4	
1827	60	10	21	1	7	218	15	
1828	58	14	8	61	7	3	8	
1829	14	14	8	61	7	10	8	
1830	13	7	15	6	7	55	15	
1831	59	17	21	2	80	205	15	
1832	4	84	15	2	62	133	58	
1833	80	14	21	4	76	105	15	
1834	5	28	10	34	50	74	27	
1835	80	3	10	4	34	74	19	
1836	80	3	10	121	50	74	227	
1837	71	3	21	4	75	30	4	
1838	1	3	4	34	82	73	112	
1839	111	14	6	27	52	6	4	
1840	80	14	4	3	165	45	15	
1841	134	5	6	6	43	69	22	
1842	82	2	6	6	30	32	22	
1843	13	17	10	19	53	83	22	
1844	4	17	21	19	27	219	22	
1845	13	80	6	3	7	105	12	
1846	11	3	6	3	2	6	5	
1847	5	3	6	9	2	27	149	
1848	80	3	5	9	2	6	5	
1849	5	5	5	9	2	6	5	
1850	5	5	6	9	2	6	5	
1851	15	17	21	4	27	83	22	
1852	8	85	10	122	7	55	59	
1853	13	5	6	27	93	20	15	
1854	13	3	21	12	38	220	12	
1855	13	26	25	9	38	65	12	
1856	13	7	6	27	76	8	112	
1857	9	19	4	14	2	37	18	
1858	2	5	5	9	168	6	5	
1859	2	78	2	9	2	6	5	
1860	13	17	107	3	6	221	6	
1861	13	10	108	6	42	37	15	
1862	3	3	37	27	38	46	12	
1863	8	7	6	4	7	10	8	
1864	28	3	38	2	78	122	15	
1865	13	80	6	108	7	105	12	
1866	135	26	6	4	34	60	35	
1867	2	3	90	9	2	6	5	
1868	2	26	5	9	2	24	5	
1869	2	5	5	9	2	6	65	
1870	2	5	2	9	2	222	5	
1871	55	14	4	3	6	45	12	
1872	2	2	2	9	2	6	5	
1873	1	7	15	4	61	105	148	
1874	5	32	21	34	7	223	5	
1875	33	7	32	26	2	224	48	
1876	4	7	4	2	6	41	15	
1877	2	3	21	9	7	11	5	
1878	60	7	5	4	2	6	15	
1879	24	14	6	34	64	20	8	
1880	33	7	109	26	2	61	48	
1881	2	5	110	9	2	6	5	
1882	2	3	11	9	2	6	5	
1883	53	3	10	36	169	113	111	
1884	4	4	6	2	96	111	12	
1885	59	5	21	28	2	20	15	
1886	2	2	5	2	170	6	5	
1887	2	3	90	9	2	190	5	
1888	11	26	112	4	34	60	119	
1889	4	26	48	18	31	111	15	
1890	53	32	3	9	12	100	95	
1891	13	80	6	108	7	20	12	
1892	4	29	4	7	6	41	15	
1893	114	7	6	5	34	225	22	
1894	4	4	6	2	49	11	15	
1895	1	3	4	3	7	73	112	
1896	60	10	21	1	56	11	139	
1897	100	14	8	4	7	10	8	
1898	14	3	8	4	7	3	228	
1899	5	13	6	34	7	74	5	
1900	4	35	6	4	61	29	229	
1901	55	14	14	3	6	45	15	
1902	59	5	21	2	171	108	15	
1903	14	3	8	4	34	3	22	
1904	10	47	21	28	3	141	108	
1905	92	13	10	3	12	100	95	
1906	3	3	2	3	2	100	152	
1907	13	10	6	2	2	47	22	
1908	55	14	14	9	6	45	15	
1909	8	14	8	4	7	3	22	
1910	14	14	8	4	34	10	22	
1911	59	88	21	27	80	108	15	
1912	8	7	6	4	34	10	22	
1913	55	14	4	3	6	45	47	
1914	13	10	113	6	1	37	15	
1915	136	26	6	4	34	60	119	
1916	136	26	6	4	34	60	230	
1917	60	10	114	4	42	55	15	
1918	5	32	10	34	34	74	5	
1919	107	89	6	28	7	226	14	
1920	11	26	6	4	34	227	119	
1921	13	80	6	19	2	105	12	
1922	3	3	5	3	57	100	12	
1923	5	32	21	34	7	228	5	
1924	4	35	6	4	61	29	231	
1925	2	5	5	9	2	24	232	
1926	13	90	6	108	7	55	233	
1927	87	89	6	28	34	226	14	
1928	50	14	115	3	6	45	15	
1929	4	8	6	14	172	13	5	
1930	5	3	5	9	173	229	5	
1931	29	7	4	3	43	230	12	
1932	29	7	6	3	43	230	12	
1933	3	3	21	50	27	109	13	
1934	80	7	6	3	6	27	37	
1935	50	3	6	3	6	45	15	
1936	13	3	4	34	62	231	47	
1937	13	80	6	108	7	232	12	
1938	5	9	6	123	7	233	234	
1939	13	90	6	108	7	105	12	
1940	28	64	21	4	42	10	15	
1941	53	46	116	2	60	113	235	
1942	13	80	6	108	2	20	12	
1943	28	7	21	4	2	11	15	
1944	28	7	21	4	7	11	15	
1945	1	7	15	6	174	234	3	
1946	59	5	21	4	80	108	15	
1947	8	3	90	9	2	6	5	
1948	33	10	6	35	6	109	12	
1949	2	78	5	9	2	6	16	
1950	137	3	6	28	175	122	112	
1951	55	14	4	54	34	45	15	
1952	13	13	15	6	7	37	15	
1953	13	7	10	6	7	37	139	
1954	1	58	21	1	1	1	90	
1955	6	10	15	6	2	37	15	
1956	13	80	6	108	176	105	12	
1957	4	10	14	28	30	235	160	
1958	5	32	21	6	82	236	5	
1959	6	3	21	4	38	237	13	
1960	138	22	6	21	112	109	22	
1961	13	7	15	6	7	32	12	
1962	8	14	8	4	7	100	22	
1963	3	3	5	3	57	10	6	
1964	33	32	5	2	156	202	8	
1965	13	10	15	6	7	37	212	
1966	4	3	48	18	31	111	15	
1967	4	26	48	18	31	32	15	
1968	13	3	10	4	53	3	162	
1969	6	3	21	4	27	109	13	
1970	2	32	10	6	7	74	5	
1971	5	32	21	6	82	74	5	
1972	6	3	21	65	26	32	12	
1973	14	14	6	4	7	10	8	
1974	2	3	21	50	27	109	5	
1975	6	3	37	2	26	32	12	
1976	8	3	30	4	2	10	8	
1977	11	3	6	4	34	60	119	
1978	8	14	3	4	7	10	8	
1979	43	3	6	4	2	10	8	
1980	2	14	5	2	2	21	5	
1981	110	3	3	14	3	48	107	
1982	139	23	6	124	126	20	4	
1983	4	8	21	19	53	238	22	
1984	43	7	8	4	7	10	8	
1985	8	3	30	4	42	3	8	
1986	8	3	8	4	34	10	8	
1987	62	12	21	1	6	239	4	
1988	44	3	30	4	7	10	8	
1989	24	8	53	125	126	53	22	
1990	117	9	4	4	7	45	13	
1991	13	3	4	4	7	45	13	
1992	21	8	117	2	28	47	22	
1993	8	3	30	4	7	10	8	
1994	8	3	6	4	50	10	8	
1995	44	14	30	4	7	10	8	
1996	6	3	82	2	177	116	12	
1997	5	32	10	34	7	55	5	
1998	4	4	118	2	96	32	15	
1999	11	26	119	4	34	24	119	
2000	20	5	38	2	2	132	49	
2001	140	54	120	1	2	55	33	
2002	141	54	120	86	2	55	5	
2003	5	3	5	126	93	6	14	
2004	5	3	21	127	7	55	5	
2005	5	3	21	128	7	55	5	
2006	1	7	15	6	61	240	112	
2007	25	7	5	3	6	241	236	
2008	3	3	21	129	27	109	13	
2009	2	3	5	9	2	241	5	
2010	58	47	4	5	105	23	109	
2011	60	10	21	86	7	55	15	
2012	5	32	21	34	7	55	33	
2013	47	26	103	35	162	200	8	
2014	117	32	21	34	2	55	5	
2015	126	8	6	78	154	27	3	
2016	4	7	6	2	2	205	15	
2017	4	10	21	19	27	83	22	
2018	13	8	10	106	34	45	6	
2019	13	13	4	28	34	27	15	
2020	13	13	14	6	7	37	22	
2021	24	3	5	3	6	100	6	
2022	13	7	15	124	120	37	15	
2023	31	23	5	2	2	24	30	
2024	5	23	5	2	2	25	97	
2025	5	2	6	2	2	24	30	
2026	4	17	21	19	27	135	22	
2027	2	2	6	9	2	7	5	
2028	5	7	10	34	7	55	5	
2029	5	32	10	34	7	55	20	
2030	2	78	5	2	2	6	5	
2031	35	4	4	4	4	26	84	
2032	4	4	4	4	4	41	84	
2033	35	7	4	4	4	35	87	
2034	112	2	6	2	2	6	12	
2035	142	2	6	6	2	6	12	
2036	36	4	4	4	4	26	87	
2037	28	3	38	4	178	122	15	
2038	2	2	5	2	2	242	5	
2039	60	7	40	1	7	11	15	
2040	60	7	21	1	7	114	15	
2041	36	2	4	4	4	4	144	
2042	8	3	5	2	2	5	5	
2043	8	3	5	2	2	6	5	
2044	28	7	38	65	106	122	15	
2045	28	7	38	2	106	122	15	
2046	2	3	2	65	2	6	5	
2047	2	3	2	31	2	27	5	
2048	77	7	6	9	34	45	161	
2049	77	7	6	9	34	45	12	
2050	14	13	26	9	116	55	35	
2051	24	7	6	9	34	45	35	
2052	13	7	6	4	147	55	60	
2053	24	7	6	9	34	45	60	
2054	33	7	6	14	34	45	60	
2055	3	3	2	4	2	58	20	
2056	24	7	6	9	34	121	60	
2057	4	7	6	14	76	42	12	
2058	13	43	121	4	34	55	161	
2059	13	3	6	9	147	58	60	
2060	4	8	26	19	53	13	22	
2061	13	13	6	4	34	55	12	
2062	13	9	6	114	147	55	68	
2063	2	3	2	2	2	6	20	
2064	60	7	21	1	6	126	15	
2065	8	7	8	4	7	3	35	
2066	36	2	14	4	4	26	98	
2067	36	2	14	4	4	26	4	
2068	36	2	14	4	34	26	4	
2069	36	2	14	4	180	26	4	
2070	13	26	14	18	72	102	84	
2071	13	26	14	18	72	86	84	
2072	36	2	6	63	4	4	4	
2073	36	4	4	4	4	26	18	
2074	36	2	14	4	4	244	4	
2075	92	32	3	14	12	100	95	
2076	35	4	4	4	4	243	87	
2077	14	14	8	4	7	10	159	
2078	55	7	14	3	6	45	15	
2079	43	7	30	4	179	10	159	
2080	54	7	30	4	179	10	159	
2081	58	7	30	4	179	10	159	
2082	8	7	30	4	179	10	8	
2083	70	7	30	4	179	3	8	
2084	96	3	3	3	3	48	95	
2085	3	2	5	9	2	20	5	
2086	21	26	14	18	72	86	55	
2087	35	7	14	4	4	26	4	
2088	13	8	21	106	181	45	6	
2089	29	2	6	9	26	45	20	
2090	8	7	6	9	24	45	12	
2091	5	45	6	123	174	233	44	
2092	14	3	8	4	7	3	8	
2093	2	5	122	2	2	6	5	
2094	62	3	3	9	3	39	95	
2095	70	7	8	4	34	10	35	
2096	70	14	8	4	2	13	8	
2097	60	10	21	1	1	11	15	
2098	6	3	123	2	38	46	12	
2099	137	3	6	28	175	122	8	
2100	14	7	6	4	2	13	35	
2101	23	3	2	3	57	100	6	
2102	13	89	6	108	7	105	12	
2103	70	7	8	4	2	3	8	
2104	39	22	6	130	64	53	15	
2105	6	3	37	2	38	46	237	
2106	13	10	15	4	7	32	15	
2107	4	13	6	4	61	29	201	
2108	35	4	4	4	4	41	4	
2109	4	82	6	4	61	32	201	
2110	35	4	4	4	49	4	4	
2111	2	3	6	2	2	5	5	
2112	2	5	5	2	2	5	12	
2113	60	7	21	1	50	11	15	
2114	35	4	4	4	4	4	26	
2115	4	35	6	4	61	15	5	
2116	60	7	21	1	7	55	15	
2117	5	3	5	2	2	20	5	
2118	2	77	5	31	2	3	5	
2119	13	10	15	6	7	55	12	
2120	4	2	4	4	34	4	204	
2121	2	2	5	2	2	24	12	
2122	31	3	5	2	2	21	5	
2123	71	13	6	1	7	218	15	
2124	55	3	6	3	6	45	15	
2125	4	7	4	4	4	244	4	
2126	120	5	5	4	2	20	5	
2127	107	12	21	5	6	4	22	
2128	2	2	5	4	2	24	12	
2129	4	7	14	4	134	4	4	
2130	14	7	8	4	7	3	8	
2131	31	5	5	2	2	24	12	
2132	13	7	15	6	7	37	22	
2133	122	5	6	6	64	20	4	
2134	8	5	5	2	2	6	19	
2135	36	2	14	4	49	41	4	
2136	2	5	5	4	2	24	16	
2137	2	5	5	2	2	6	65	
2138	2	5	5	31	2	94	63	
2139	2	5	6	31	2	25	65	
2140	2	5	5	31	2	21	5	
2141	13	3	37	55	38	46	12	
2142	4	7	4	4	4	4	18	
2143	8	14	8	4	7	13	22	
2144	107	12	21	1	6	59	4	
2145	8	14	6	4	42	3	8	
2146	35	29	4	4	4	4	72	
2147	62	58	21	5	6	30	4	
2148	4	29	6	18	64	53	15	
2149	6	5	23	9	182	27	5	
2150	4	7	4	4	4	117	4	
2151	8	3	124	4	7	3	8	
2152	8	14	5	131	7	13	8	
2153	13	2	20	132	43	69	22	
2154	35	83	4	4	4	245	239	
2155	35	2	4	4	4	4	239	
2156	35	7	14	4	49	4	239	
2157	4	17	21	19	27	246	22	
2158	62	3	3	3	3	39	240	
2159	13	7	15	6	7	247	15	
2160	2	5	2	2	2	248	5	
2161	13	10	15	60	7	160	40	
2162	5	5	2	12	2	68	12	
2163	5	3	2	9	2	121	12	
2164	31	3	2	2	2	24	12	
2165	52	14	8	4	7	10	8	
2166	31	2	5	2	2	24	25	
2167	8	7	8	4	2	10	22	
2168	70	7	8	4	2	10	22	
2169	70	14	6	4	84	10	8	
2170	14	14	8	4	50	10	8	
2171	14	14	30	4	50	10	8	
2172	14	3	6	4	2	10	8	
2173	70	3	6	4	2	10	8	
2174	8	7	8	4	7	26	4	
2175	63	7	8	4	7	10	8	
2176	31	5	5	12	2	21	5	
2177	31	91	2	2	2	24	12	
2178	143	14	8	4	7	10	8	
2179	143	92	8	4	7	10	8	
2180	13	89	6	108	7	55	233	
2181	145	14	6	4	76	10	8	
2182	31	2	5	2	2	24	241	
2183	8	14	125	4	7	10	8	
2184	8	94	8	4	7	10	8	
2185	35	4	4	4	185	26	4	
2186	8	3	8	4	186	13	8	
2187	8	3	6	4	7	13	8	
2188	54	93	10	36	184	113	242	
2189	70	14	8	4	7	249	8	
2190	31	95	5	12	2	21	5	
2191	33	7	32	135	2	61	48	
2192	13	3	14	6	34	20	18	
2193	4	17	21	19	27	48	22	
2194	13	32	15	6	174	49	15	
2195	74	7	6	7	13	19	14	
2196	5	2	5	2	2	24	25	
2197	146	12	21	1	6	54	4	
2198	13	10	1	6	7	49	15	
2199	33	7	14	54	6	45	15	
2200	25	7	6	136	6	27	37	
2201	60	27	21	1	35	11	29	
2202	37	27	21	1	35	11	15	
2203	60	27	21	1	35	11	15	
2204	47	3	35	136	44	20	6	
2205	25	14	6	3	6	27	37	
2206	59	14	21	2	80	27	15	
2207	33	14	4	54	6	45	40	
2208	37	27	21	1	35	45	15	
2209	62	3	3	3	3	15	95	
2210	33	7	4	54	6	45	15	
2211	33	14	4	54	34	45	15	
2212	60	10	21	1	2	218	15	
2213	60	10	21	1	7	11	13	
2214	25	7	6	3	6	20	37	
2215	25	7	6	3	34	27	37	
2216	60	10	21	1	34	11	15	
2217	2	2	5	28	2	6	5	
2218	59	5	21	2	80	108	47	
2219	59	5	21	2	80	205	47	
2220	53	31	10	36	83	182	111	
2221	55	14	4	54	114	45	15	
2222	25	7	6	9	6	27	37	
2223	25	7	6	14	6	27	37	
2224	25	7	6	14	6	27	243	
2225	9	10	44	1	34	11	15	
2226	87	14	6	7	187	157	94	
2227	4	7	16	7	13	19	140	
2228	13	65	6	2	4	250	27	
2229	13	7	6	9	126	251	29	
2230	33	14	38	2	78	122	71	
2231	8	5	5	31	2	6	5	
2232	53	3	10	36	83	113	197	
2233	13	3	4	19	34	20	18	
2234	114	3	3	3	3	39	94	
2235	4	4	4	63	4	24	4	
2236	13	80	6	108	70	105	100	
2237	13	26	6	34	7	105	12	
2238	13	26	6	108	7	105	12	
2239	13	26	5	3	73	20	12	
2240	13	26	5	3	93	20	12	
2241	21	8	48	19	31	32	15	
2242	21	26	48	18	31	111	15	
2243	21	26	48	18	8	111	15	
2244	23	26	5	3	57	3	110	
2245	24	3	6	4	30	45	1	
2246	25	32	5	2	89	202	8	
2247	25	32	6	2	156	202	8	
2248	25	31	5	2	156	202	8	
2249	50	14	4	3	24	45	15	
2250	50	26	4	14	6	45	15	
2251	50	3	4	3	6	45	15	
2252	50	14	4	2	6	45	15	
2253	59	5	21	2	2	253	15	
2254	59	14	21	2	81	108	90	
2255	59	29	21	2	82	108	90	
2256	59	3	21	2	80	253	15	
2257	59	34	15	4	60	20	70	
2258	59	26	75	2	81	108	90	
2259	59	5	21	2	80	253	15	
2260	60	13	10	100	7	11	15	
2261	80	26	48	41	31	111	15	
2262	102	29	4	28	6	109	12	
2263	70	5	6	2	43	112	12	
2264	137	5	21	2	80	108	15	
2265	4	4	54	9	89	252	105	
2266	147	26	48	41	34	32	15	
2267	5	32	21	2	7	74	5	
2268	6	26	21	50	53	109	13	
2269	13	96	6	19	7	55	12	
2270	13	97	6	108	7	105	12	
2271	13	80	6	108	56	105	12	
2272	13	13	15	6	7	37	22	
2273	2	5	5	2	2	34	20	
2274	7	7	8	4	7	3	12	
2275	4	7	6	7	97	19	20	
2276	60	10	21	1	7	23	15	
2277	4	35	6	21	31	254	12	
2278	8	14	8	4	188	3	8	
2279	9	27	21	1	7	66	15	
2280	13	3	38	137	106	122	15	
2281	107	3	14	4	13	45	244	
2282	8	5	5	2	2	190	5	
2283	60	10	21	5	7	10	15	
2284	70	14	6	4	7	13	8	
2285	2	5	5	9	2	5	19	
2286	60	10	21	5	7	114	15	
2287	58	14	8	4	42	10	8	
2288	70	14	8	4	176	10	8	
2289	28	7	38	1	4	80	12	
2290	70	3	30	4	27	10	8	
2291	60	7	21	1	7	4	15	
2292	70	14	8	4	7	10	22	
2293	8	14	8	4	7	13	35	
2294	3	3	3	9	3	39	95	
2295	70	14	8	4	127	3	8	
2296	62	3	3	3	3	48	12	
2297	14	14	8	4	2	10	22	
2298	70	14	8	4	7	13	8	
2299	80	26	10	78	113	200	12	
2300	2	17	2	2	2	6	5	
2301	28	13	21	1	7	11	15	
2302	14	14	8	4	7	10	22	
2303	92	32	43	3	12	100	95	
2304	3	3	37	2	26	116	12	
2305	60	10	21	1	7	55	15	
2306	2	78	5	9	2	6	19	
2307	43	3	30	4	7	10	8	
2308	8	14	30	4	7	10	8	
2309	8	3	8	4	80	10	8	
2310	47	14	35	28	44	59	5	
2311	70	3	6	4	7	10	5	
2312	102	8	4	28	6	109	12	
2313	60	10	42	4	7	11	15	
2314	60	13	21	1	7	218	15	
2315	148	3	3	3	3	39	95	
2316	149	5	5	9	2	5	5	
2317	21	17	21	138	27	83	22	
2318	23	35	4	28	93	255	12	
2319	28	14	24	139	12	200	92	
2320	59	35	21	28	189	141	148	
2321	74	14	6	2	111	53	245	
2322	4	17	21	19	53	256	22	
2323	150	7	8	4	7	10	8	
2324	21	8	14	41	102	65	246	
2325	2	15	5	2	2	20	247	
2326	2	5	5	2	2	6	248	
2327	28	3	6	2	106	118	249	
2328	107	87	6	28	7	226	14	
2329	55	30	6	30	6	45	15	
2330	5	89	6	118	7	233	234	
2331	28	64	21	4	42	11	15	
2332	54	31	10	36	83	182	250	
2333	60	3	15	4	190	27	15	
2334	13	3	126	50	30	6	13	
2335	11	8	6	4	34	257	119	
2336	4	10	6	28	38	27	136	
2337	54	3	10	36	66	182	111	
2338	54	31	10	36	83	182	111	
2339	13	80	6	108	34	105	12	
2340	4	3	10	4	30	112	8	
2341	13	8	54	3	6	47	6	
2342	4	29	4	7	6	47	15	
2343	31	78	5	9	2	109	5	
2344	21	26	56	32	31	105	15	
2345	4	7	6	2	112	45	15	
2346	9	2	6	3	6	41	165	
2347	13	80	6	19	42	32	12	
2348	55	14	4	3	24	111	15	
2349	87	14	4	27	28	118	12	
2350	14	14	8	4	74	10	8	
2351	60	10	21	1	74	11	15	
2352	70	7	8	4	74	10	8	
2353	60	3	3	3	3	178	95	
2354	70	7	6	4	74	13	8	
2355	5	2	5	2	2	106	5	
2356	70	14	8	4	74	10	8	
2357	70	3	8	4	2	10	8	
2358	5	5	6	2	2	24	19	
2359	4	4	4	4	4	4	239	
2360	60	7	21	1	74	11	15	
2361	13	5	5	2	2	21	20	
2362	70	14	8	4	134	10	8	
2363	8	2	5	2	2	34	5	
2364	2	23	5	2	2	24	19	
2365	74	7	16	1	13	19	14	
2366	74	35	4	6	31	10	15	
2367	5	2	5	2	2	21	5	
2368	5	2	5	2	2	6	19	
2369	5	2	5	2	2	9	33	
2370	128	5	5	2	2	106	5	
2371	5	5	5	2	2	21	5	
2372	21	17	21	19	53	48	22	
2373	5	2	5	2	2	6	5	
2374	13	10	15	4	39	55	15	
2375	87	14	21	28	64	12	95	
2376	8	2	5	2	2	21	20	
2377	21	35	4	9	2	100	15	
2378	5	2	6	4	2	6	16	
2379	5	5	5	2	2	6	12	
2380	10	47	21	14	3	141	108	
2381	33	3	4	3	6	45	15	
2382	33	3	4	3	6	45	22	
2383	23	3	5	3	57	258	6	
2384	8	32	21	34	7	55	5	
2385	59	5	10	2	80	108	15	
2386	59	7	21	2	2	108	90	
2387	5	4	24	3	7	65	6	
2388	151	3	5	14	2	100	6	
2389	152	5	21	2	80	108	15	
2390	13	4	24	3	34	65	6	
2391	113	32	21	2	34	53	66	
2392	59	5	21	2	80	108	12	
2393	55	26	20	2	2	100	251	
2394	55	26	20	2	2	20	251	
2395	54	3	10	36	98	32	111	
2396	54	9	10	36	94	113	111	
2397	1	7	15	6	61	55	112	
2398	54	31	10	36	191	32	197	
2399	54	31	127	36	94	113	111	
2400	24	3	128	36	98	113	111	
2401	54	31	10	36	24	113	197	
2402	28	2	4	4	6	118	22	
2403	53	9	10	36	24	113	111	
2404	1	3	6	3	2	73	112	
2405	13	3	37	2	38	46	112	
2406	21	17	21	19	30	97	22	
2407	4	10	4	3	2	45	15	
2408	3	3	21	50	53	109	13	
2409	4	57	4	3	2	73	15	
2410	1	3	4	3	7	259	112	
2411	3	3	129	4	27	47	13	
2412	3	3	129	4	27	109	13	
2413	59	2	21	12	80	108	15	
2414	4	7	130	142	194	51	254	
2415	21	17	131	19	27	13	22	
2416	74	7	132	7	13	51	12	
2417	5	32	21	143	7	55	5	
2418	23	3	6	3	97	100	136	
2419	58	47	4	5	105	239	109	
2420	2	5	5	9	2	6	12	
2421	5	7	21	19	7	74	5	
2422	13	2	4	4	4	4	255	
2423	11	5	5	4	2	20	5	
2424	31	5	5	2	2	21	12	
2425	40	65	41	2	34	41	27	
2426	2	5	2	2	2	24	20	
2427	80	3	6	3	57	100	6	
2428	21	15	21	19	53	83	22	
2429	23	3	5	9	57	100	6	
2430	4	7	21	2	81	108	90	
2431	5	5	5	29	2	24	20	
2432	23	3	2	3	2	100	6	
2433	1	7	6	6	61	105	112	
2434	59	3	6	12	80	108	15	
2435	80	3	5	3	2	100	6	
2436	80	3	5	3	57	3	110	
2437	1	7	15	6	61	105	22	
2438	60	3	10	3	3	39	95	
2439	54	31	10	144	94	113	111	
2440	11	8	6	4	34	60	130	
2441	54	31	10	36	98	182	111	
2442	59	5	21	4	80	108	40	
2443	54	31	10	36	24	113	111	
2444	1	14	4	3	7	73	112	
2445	5	5	5	4	2	6	5	
2446	13	7	15	19	61	105	112	
2447	54	3	10	36	94	182	111	
2448	12	3	4	9	61	80	12	
2449	80	3	5	3	57	100	12	
2450	80	3	2	3	57	100	256	
2451	1	7	15	6	26	105	112	
2452	50	26	20	12	2	100	251	
2453	10	26	6	4	34	145	119	
2454	5	32	6	123	7	233	58	
2455	11	3	6	4	34	60	257	
2456	59	7	21	2	81	20	90	
2457	54	3	10	36	83	113	111	
2458	13	7	15	6	34	37	15	
2459	59	5	21	2	67	108	15	
2460	74	7	106	9	13	19	70	
2461	80	7	5	12	2	100	6	
2462	11	29	6	4	34	60	8	
2463	5	4	5	12	80	6	5	
2464	80	27	10	36	83	20	111	
2465	1	27	10	36	94	113	111	
2466	80	14	3	3	3	39	95	
2467	117	14	21	50	27	109	13	
2468	80	7	15	6	61	105	10	
2469	4	7	16	5	13	19	14	
2470	8	32	21	121	7	74	5	
2471	21	26	14	18	72	47	84	
2472	1	3	5	3	97	100	6	
2473	59	5	21	27	80	108	15	
2474	9	32	4	4	34	27	15	
2475	54	31	10	36	94	113	197	
2476	74	7	6	9	13	19	14	
2477	47	35	4	21	74	118	105	
2478	59	5	21	145	80	108	15	
2479	13	4	24	3	7	65	6	
2480	59	35	4	21	74	118	13	
2481	1	31	10	36	94	113	119	
2482	13	8	5	3	2	32	12	
2483	54	31	10	36	195	113	197	
2484	1	9	10	36	83	113	111	
2485	11	28	6	4	34	60	258	
2486	21	2	77	19	27	83	22	
2487	21	3	6	34	196	76	3	
2488	11	8	6	28	34	60	259	
2489	5	32	21	121	7	97	5	
2490	11	26	6	146	34	60	119	
2491	4	5	21	2	80	108	15	
2492	102	14	134	3	174	12	15	
2493	80	23	5	3	57	7	6	
2494	80	3	5	3	115	207	165	
2495	60	10	21	1	7	126	15	
2496	24	7	6	4	157	58	22	
2497	39	29	4	23	6	41	40	
2498	10	26	6	4	34	4	130	
2499	74	7	16	110	13	51	33	
2500	4	14	35	14	18	20	165	
2501	8	13	21	34	7	55	5	
2502	24	3	5	14	57	58	165	
2503	74	7	16	7	57	19	33	
2504	60	10	21	1	7	114	15	
2505	59	5	21	12	80	108	15	
2506	111	3	6	4	34	60	119	
2507	59	2	21	2	80	108	15	
2508	24	3	10	36	83	113	111	
2509	59	23	21	40	80	108	15	
2510	21	8	21	19	27	32	22	
2511	60	3	4	4	13	260	10	
2512	5	32	21	121	7	74	20	
2513	5	5	5	9	2	6	25	
2514	60	3	4	4	13	260	244	
2515	15	7	6	14	43	112	12	
2516	5	5	5	9	2	6	22	
2517	13	3	21	5	27	109	13	
2518	53	32	3	3	12	20	95	
2519	5	5	5	9	2	6	9	
2520	24	8	6	4	34	261	260	
2521	80	3	6	3	57	100	165	
2522	80	3	6	3	57	227	6	
2523	5	32	21	34	7	74	20	
2524	80	3	5	1	57	258	6	
2525	13	3	14	18	72	102	84	
2526	114	3	3	3	3	39	95	
2527	24	3	6	3	57	100	6	
2528	80	3	2	3	57	3	136	
2529	1	54	10	1	1	1	90	
2530	89	3	3	3	67	39	95	
2531	4	77	21	2	80	262	15	
2532	5	32	6	123	7	235	58	
2533	55	3	14	3	34	45	15	
2534	33	14	6	2	126	73	58	
2535	60	10	15	1	7	11	15	
2536	53	7	21	6	34	263	112	
2537	62	3	3	3	3	3	12	
2538	11	29	6	4	34	13	119	
2539	76	14	21	147	83	103	111	
2540	11	26	6	4	34	264	119	
2541	5	4	24	3	7	144	165	
2542	74	14	6	4	31	20	15	
2543	71	45	21	1	7	11	15	
2544	13	14	21	50	53	109	13	
2545	80	3	5	3	57	100	6	
2546	80	3	5	3	168	3	136	
2547	60	32	10	18	51	39	15	
2548	12	7	6	28	96	37	3	
2549	114	10	21	1	7	11	15	
2550	54	31	10	36	94	113	35	
2551	2	3	133	9	2	6	5	
2552	2	78	5	9	2	24	5	
2553	4	5	21	27	80	108	15	
2554	11	3	6	4	34	24	119	
2555	47	14	35	28	44	8	6	
2556	2	2	5	2	2	6	25	
2557	5	15	2	114	2	58	12	
2558	5	15	2	9	2	58	5	
2559	27	7	136	26	2	58	48	
2560	13	10	15	6	56	251	15	
2561	4	7	4	4	198	4	45	
2562	24	4	23	4	197	4	7	
2563	5	23	5	149	2	58	20	
2564	5	5	5	137	2	58	261	
2565	5	4	135	148	2	58	261	
2566	105	2	2	2	2	24	5	
2567	39	3	6	9	64	20	15	
2568	39	22	6	18	199	20	47	
2569	5	2	5	9	2	25	5	
2570	113	13	77	2	54	53	66	
2571	4	2	14	4	4	96	20	
2572	13	13	15	6	74	49	15	
2573	21	5	6	19	27	48	22	
2574	4	4	14	4	4	117	50	
2575	105	5	5	2	2	20	5	
2576	4	7	4	4	4	4	20	
2577	5	2	5	9	2	20	263	
2578	70	3	8	4	74	3	8	
2579	70	3	30	4	34	13	22	
2580	36	98	4	4	4	4	20	
2581	5	2	5	137	2	20	5	
2582	4	4	4	4	4	96	4	
2583	21	29	41	2	31	107	15	
2584	13	10	15	4	74	143	15	
2585	154	3	8	4	74	10	8	
2586	5	2	6	2	2	265	5	
2587	105	5	5	9	2	24	5	
2588	87	14	6	35	64	126	94	
2589	8	5	2	9	2	6	12	
2590	21	5	50	2	155	118	262	
2591	4	2	6	4	4	96	4	
2592	13	10	15	6	74	49	15	
2593	5	2	20	6	31	69	22	
2594	70	3	8	4	74	10	8	
2595	60	3	3	3	3	48	95	
2596	21	8	21	19	27	265	22	
2597	4	4	4	4	4	213	20	
2598	5	3	5	2	2	6	5	
2599	21	17	21	19	27	48	22	
2600	107	12	21	1	155	30	4	
2601	54	31	10	4	13	171	111	
2602	13	10	15	19	2	49	40	
2603	2	2	5	2	2	24	25	
2604	13	80	6	6	7	105	12	
2605	5	32	10	34	7	223	5	
2606	8	31	6	2	143	266	144	
2607	4	8	21	19	27	83	22	
2608	4	17	21	19	200	83	22	
2609	118	3	3	3	3	39	95	
2610	33	7	4	2	6	41	15	
2611	5	13	10	3	2	3	136	
2612	4	7	6	14	24	112	12	
2613	5	13	10	121	2	55	5	
2614	13	100	48	18	31	111	22	
2615	5	32	6	123	56	233	58	
2616	59	7	21	2	81	205	90	
2617	4	3	48	18	2	111	181	
2618	60	7	21	1	34	11	15	
2619	5	13	10	34	7	223	5	
2620	21	32	6	34	112	267	3	
2621	2	2	5	2	7	6	5	
2622	55	7	4	14	6	45	163	
2623	55	14	4	9	24	45	22	
2624	13	26	91	18	31	111	12	
2625	4	17	21	19	53	268	22	
2626	55	7	4	3	6	45	22	
2627	59	5	21	2	80	108	22	
2628	33	32	6	3	6	45	37	
2629	4	2	10	19	27	32	22	
2630	53	31	10	36	159	113	111	
2631	33	7	4	7	6	41	15	
2632	80	3	6	4	28	45	13	
2633	35	7	4	4	34	4	4	
2634	14	26	138	70	123	201	170	
2635	119	3	6	1	2	126	13	
2636	70	14	6	4	7	10	8	
2637	8	7	6	4	34	270	8	
2638	5	3	140	4	93	271	15	
2639	5	7	21	2	59	80	3	
2640	87	7	4	107	28	118	15	
2641	13	13	6	4	30	269	15	
2642	58	14	6	4	7	10	8	
2643	62	5	6	2	2	20	5	
2644	4	4	6	2	2	111	15	
2645	87	102	6	28	7	226	14	
2646	4	14	6	2	93	85	33	
2647	40	65	41	2	4	272	65	
2648	3	5	2	2	2	20	5	
2649	39	7	6	7	6	41	15	
2650	21	17	6	19	30	83	22	
2651	3	5	2	2	2	6	5	
2652	60	80	6	108	7	105	12	
2653	80	26	6	4	30	45	202	
2654	60	10	129	1	34	11	15	
2655	29	7	4	9	43	230	12	
2656	21	3	50	2	6	118	262	
2657	60	7	6	4	7	13	22	
2658	87	7	4	9	28	118	15	
2659	55	8	6	2	34	27	15	
2660	55	14	6	54	34	45	15	
2661	13	10	6	6	7	37	15	
2662	55	14	6	14	6	45	15	
2663	4	2	21	19	53	83	22	
2664	5	101	6	123	7	233	58	
2665	4	8	6	19	27	83	22	
2666	60	14	6	4	7	10	8	
2667	25	26	6	2	201	100	184	
2668	1	3	6	3	7	73	112	
2669	8	7	6	4	34	10	8	
2670	5	3	6	4	93	271	15	
2671	14	7	6	4	7	13	22	
2672	60	10	6	83	7	37	15	
2673	55	14	6	3	6	45	47	
2674	21	26	6	18	28	111	15	
2675	70	7	6	4	7	273	35	
2676	5	45	6	123	174	233	58	
2677	60	14	6	54	34	45	15	
2678	14	14	8	4	34	10	8	
2679	5	32	6	123	7	144	58	
2680	87	102	6	28	34	226	14	
2681	4	17	21	19	27	274	22	
2682	60	10	6	4	34	55	15	
2683	21	14	25	9	128	20	6	
2684	4	26	48	18	28	111	15	
2685	21	17	21	19	27	274	22	
2686	100	3	8	4	7	10	8	
2687	14	14	6	4	34	10	8	
2688	14	14	6	4	7	3	22	
2689	130	7	6	4	34	10	8	
2690	92	32	21	3	12	20	95	
2691	9	13	4	14	28	37	18	
2692	11	3	6	2	30	275	15	
2693	55	14	6	54	6	45	15	
2694	44	14	8	4	34	10	8	
2695	3	3	5	14	57	100	6	
2696	102	7	6	3	43	164	148	
2697	12	103	6	7	7	65	6	
2698	4	7	4	7	6	41	13	
2699	60	11	21	1	34	11	13	
2700	9	19	4	14	28	32	18	
2701	4	26	6	18	89	27	112	
2702	4	7	4	7	6	41	15	
2703	13	14	15	18	34	133	13	
2704	13	102	6	108	7	105	12	
2705	55	80	4	54	34	45	15	
2706	4	7	6	3	6	27	8	
2707	13	29	6	4	43	20	8	
2708	8	32	10	34	34	223	5	
2709	3	5	2	9	2	6	5	
2710	80	3	6	4	34	45	13	
2711	4	17	21	19	27	276	22	
2712	8	32	21	34	34	223	5	
2713	55	3	4	3	202	45	15	
2714	11	26	6	4	34	60	15	
2715	13	80	6	94	7	105	12	
2716	55	14	4	3	24	45	15	
2717	3	5	2	9	2	6	35	
2718	4	17	21	19	27	83	35	
2719	1	3	4	3	7	73	8	
2720	13	27	15	6	7	37	40	
2721	13	10	53	6	7	37	22	
2722	2	3	5	2	2	20	12	
2723	5	32	10	85	7	55	5	
2724	8	7	8	4	34	10	8	
2725	13	3	6	108	7	226	12	
2726	3	3	6	4	53	109	13	
2727	55	14	4	3	6	45	119	
2728	59	5	21	2	80	108	119	
2729	8	7	8	4	7	10	35	
2730	8	3	8	4	7	3	35	
2731	80	3	6	34	7	20	3	
2732	122	32	21	7	30	24	58	
2733	4	3	20	2	31	6	4	
2734	25	7	6	9	7	20	15	
2735	8	14	6	4	7	10	35	
2736	8	14	139	4	7	10	8	
2737	13	10	75	1	34	11	15	
2738	6	5	5	2	93	20	15	
2739	3	3	5	14	57	100	12	
2740	13	80	6	108	7	55	12	
2741	126	8	6	78	30	27	3	
2742	13	13	15	6	7	55	15	
2743	13	29	21	104	31	45	6	
2744	4	104	21	19	27	32	22	
2745	8	2	6	2	2	20	5	
2746	55	7	4	9	6	45	15	
2747	117	7	14	3	34	45	22	
2748	70	14	8	4	34	277	8	
2749	5	32	10	34	2	55	5	
2750	5	32	4	34	2	55	5	
2751	60	10	21	4	34	126	15	
2752	4	46	21	4	67	113	12	
2753	55	14	4	54	24	45	15	
2754	13	13	4	14	34	37	18	
2755	21	26	21	6	7	10	22	
2756	25	7	6	3	6	45	8	
2757	77	14	4	3	6	45	15	
2758	8	7	8	4	7	13	22	
2759	33	14	4	150	6	45	12	
2760	55	99	4	3	6	45	15	
2761	4	10	21	1	34	11	15	
2762	13	32	4	28	34	45	22	
2763	80	14	21	4	30	278	244	
2764	13	32	4	151	34	27	15	
2765	11	3	6	4	34	60	210	
2766	59	76	15	1	60	20	70	
2767	5	10	37	4	34	105	22	
2768	8	14	8	4	74	13	8	
2769	9	13	4	14	28	32	18	
2770	102	7	4	28	34	109	12	
2771	4	26	48	19	27	111	12	
2772	1	32	141	1	203	46	90	
2773	131	13	21	1	174	11	15	
2774	3	3	5	3	162	100	6	
2775	13	3	21	50	27	109	202	
2776	8	14	6	4	7	10	22	
2777	13	3	15	18	34	133	15	
2778	1	3	4	3	7	73	264	
2779	5	17	10	34	7	223	12	
2780	77	4	54	3	31	102	12	
2781	60	10	21	1	174	11	15	
2782	4	26	48	18	34	111	15	
2783	80	3	142	4	31	45	12	
2784	60	10	21	1	7	27	15	
2785	13	10	6	4	30	3	15	
2786	4	44	6	2	96	111	15	
2787	131	13	31	1	174	11	15	
2788	25	7	6	3	6	45	15	
2789	60	10	10	1	7	11	37	
2790	3	3	5	3	57	100	15	
2791	14	7	8	4	7	13	6	
2792	80	3	6	4	31	45	8	
2793	3	3	6	50	27	109	13	
2794	5	32	6	34	7	223	5	
2795	80	3	6	4	31	45	265	
2796	5	32	6	123	7	279	58	
2797	60	13	6	4	34	126	15	
2798	14	32	6	105	7	200	10	
2799	4	17	21	19	27	13	13	
2800	87	88	6	4	56	235	123	
2801	1	3	4	3	168	73	112	
2802	53	9	10	36	83	113	197	
2803	14	14	143	4	7	10	8	
2804	21	32	38	4	34	280	22	
2805	13	10	15	6	7	32	13	
2806	5	5	10	34	7	55	15	
2807	59	5	21	2	80	269	15	
2808	13	32	4	28	34	27	5	
2809	60	10	10	1	174	11	15	
2810	25	7	6	9	6	45	37	
2811	4	7	6	7	34	41	15	
2812	80	32	6	4	31	45	35	
2813	80	10	6	4	30	269	15	
2814	60	10	6	1	174	11	15	
2815	5	32	4	34	7	223	5	
2816	114	10	21	1	174	11	15	
2817	29	29	6	2	7	200	22	
2818	13	7	21	1	7	11	15	
2819	4	3	21	19	27	32	22	
2820	55	14	15	3	6	45	8	
2821	11	3	6	4	34	13	119	
2822	13	13	10	6	7	37	15	
2823	8	7	8	4	10	3	8	
2824	13	80	6	101	7	55	12	
2825	1	7	15	24	61	105	12	
2826	155	13	4	14	28	37	18	
2827	25	7	6	3	34	45	37	
2828	8	14	8	4	34	10	35	
2829	7	5	5	4	2	24	5	
2830	9	13	4	14	28	37	19	
2831	4	4	6	2	96	111	193	
2832	4	26	6	4	34	24	119	
2833	8	14	8	4	34	277	12	
2834	33	14	6	3	34	45	15	
2835	102	7	14	3	34	45	22	
2836	13	7	4	9	34	109	22	
2837	60	13	21	1	34	11	15	
2838	21	82	38	4	34	32	12	
2839	13	3	4	108	34	105	119	
2840	11	26	6	4	7	13	119	
2841	4	7	14	7	6	41	40	
2842	92	32	43	14	26	100	95	
2843	8	7	30	4	7	13	22	
2844	4	7	6	4	31	53	139	
2845	13	80	6	4	34	105	12	
2846	13	26	5	3	30	20	12	
2847	102	29	4	28	34	109	12	
2848	87	88	6	28	34	226	14	
2849	55	14	115	3	6	45	15	
2850	2	3	111	9	2	6	5	
2851	4	4	6	2	49	111	15	
2852	59	87	21	27	80	108	15	
2853	2	3	6	2	3	5	5	
2854	156	4	4	4	204	4	4	
2855	35	7	6	4	4	4	239	
2856	13	3	37	2	38	46	12	
2857	60	105	21	1	7	11	15	
2858	114	35	14	141	34	45	3	
2859	3	14	21	12	28	45	15	
2860	21	14	6	14	43	112	12	
2861	4	7	6	14	43	112	12	
2862	4	8	48	18	31	111	15	
2863	3	3	2	3	80	100	6	
2864	4	8	48	32	7	111	15	
2865	59	5	21	12	2	108	15	
2866	5	32	10	34	80	55	5	
2867	59	5	21	2	6	108	15	
2868	21	14	21	4	79	107	12	
2869	59	35	21	28	6	141	12	
2870	107	12	21	1	6	4	4	
2871	55	14	4	3	6	45	252	
2872	6	89	6	140	7	105	12	
2873	5	32	21	34	7	13	5	
2874	10	14	21	2	158	12	253	
2875	60	10	21	4	74	55	15	
2876	59	5	21	2	80	20	15	
2877	2	5	6	2	80	108	15	
2878	5	32	10	34	7	13	5	
2879	102	7	6	3	192	10	148	
2880	2	5	5	9	2	10	5	
2881	1	3	4	3	7	73	22	
2882	13	80	6	108	193	105	12	
2883	62	12	21	1	4	22	22	
2884	2	5	5	4	2	24	97	
2885	58	14	8	4	7	3	35	
2886	62	12	21	5	6	30	4	
2887	2	5	144	2	2	53	5	
2888	157	3	8	4	7	3	8	
2889	2	32	40	34	2	6	5	
2890	2	14	145	152	2	6	5	
2891	13	89	6	19	7	105	12	
2892	2	3	90	9	2	6	49	
2893	158	14	6	3	2	6	5	
2894	2	106	5	3	2	3	5	
2895	153	3	48	153	93	132	58	
2896	2	7	5	3	2	45	162	
2897	2	3	2	9	2	6	5	
2898	109	14	15	18	2	6	5	
2899	3	2	5	4	2	6	5	
2900	27	14	4	54	6	45	15	
2901	47	3	35	28	18	20	6	
2902	25	7	6	3	114	30	37	
2903	36	4	6	4	4	4	72	
2904	59	23	21	2	80	108	15	
2905	23	3	5	3	2	3	6	
2906	131	14	6	6	205	20	15	
2907	13	3	5	3	93	53	12	
2908	24	26	6	2	38	100	184	
2909	24	26	6	2	38	20	184	
2910	3	3	3	14	3	39	95	
2911	2	5	5	154	2	6	5	
2912	23	3	5	9	2	3	6	
2913	24	3	5	3	57	100	12	
2914	159	14	16	155	24	68	92	
2915	21	2	6	19	27	83	22	
2916	74	8	6	34	206	27	13	
2917	54	31	10	36	159	113	10	
2918	59	26	21	2	80	108	15	
2919	59	26	21	2	80	20	15	
2920	2	2	5	2	2	24	16	
2921	21	17	21	19	27	13	22	
2922	21	2	6	19	27	13	22	
2923	59	5	21	2	2	108	15	
2924	24	3	5	3	57	100	6	
2925	60	10	10	1	7	11	15	
2926	153	7	6	14	43	112	12	
2927	1	7	113	6	61	105	112	
2928	54	3	10	36	94	113	158	
2929	152	23	21	2	80	108	15	
2930	5	3	146	34	7	55	5	
2931	3	17	21	19	27	83	22	
2932	4	4	6	6	96	111	15	
2933	5	4	6	3	93	189	22	
2934	5	5	5	27	2	6	146	
2935	5	78	5	9	2	6	5	
2936	8	29	4	4	207	279	266	
2937	59	5	21	21	80	108	15	
2938	8	7	6	4	7	10	267	
2939	8	14	8	4	208	10	71	
2940	13	3	6	4	34	45	13	
2941	8	3	30	4	2	3	8	
2942	93	3	3	3	3	39	95	
2943	107	3	3	9	3	39	95	
2944	8	2	2	2	2	6	12	
2945	2	3	90	9	2	21	5	
2946	2	3	90	9	2	21	13	
2947	2	3	90	18	2	6	5	
2948	2	5	5	9	2	21	247	
2949	2	5	23	14	2	21	5	
2950	2	78	5	9	2	21	30	
2951	5	3	133	9	2	21	5	
2952	13	26	48	18	27	111	15	
2953	38	3	90	9	2	21	5	
2954	55	14	4	3	6	45	249	
2955	59	5	147	2	80	108	15	
2956	74	7	6	4	21	282	139	
2957	102	3	4	3	6	45	15	
2958	161	7	4	3	24	230	12	
2959	13	10	15	6	2	32	15	
2960	5	32	21	34	7	74	247	
2961	28	7	14	14	6	45	15	
2962	2	78	5	9	2	21	5	
2963	23	3	6	3	2	100	6	
2964	55	108	148	50	6	45	15	
2965	2	3	90	18	2	21	5	
2966	2	5	40	9	2	21	5	
2967	5	32	21	18	7	74	5	
2968	39	29	4	7	6	41	15	
2969	153	7	6	18	43	112	12	
2970	116	3	21	50	53	109	13	
2971	6	3	21	18	27	109	13	
2972	2	3	2	2	93	6	5	
2973	2	3	90	9	2	24	5	
2974	5	3	10	34	7	74	5	
2975	5	13	21	34	34	74	5	
2976	5	31	21	34	7	55	5	
2977	5	31	21	34	7	74	5	
2978	6	3	21	3	27	109	13	
2979	6	3	21	50	27	109	5	
2980	6	3	21	50	53	109	13	
2981	6	3	21	59	27	109	13	
2982	6	3	149	50	27	109	13	
2983	9	3	6	18	62	231	47	
2984	9	13	4	14	28	55	18	
2985	13	3	6	108	7	105	12	
2986	13	10	15	6	74	32	15	
2987	13	11	15	4	7	32	15	
2988	13	13	21	34	7	55	5	
2989	13	17	21	19	27	13	22	
2990	21	2	21	19	27	32	22	
2991	21	3	48	9	31	111	15	
2992	21	3	48	18	31	111	15	
2993	21	8	21	19	27	281	22	
2994	25	7	6	14	43	27	37	
2995	25	14	4	9	6	45	29	
2996	28	7	4	9	6	45	15	
2997	28	7	6	3	6	27	37	
2998	28	7	21	1	34	11	15	
2999	28	7	21	1	34	55	15	
3000	28	10	21	1	7	11	15	
3001	28	10	21	1	7	11	22	
3002	28	10	21	1	7	55	15	
3003	28	10	21	18	7	11	15	
3004	28	14	4	3	6	45	15	
3005	28	14	4	14	6	45	15	
3006	28	14	4	18	6	45	15	
3007	28	14	4	18	34	45	15	
3008	34	3	150	50	27	109	13	
3009	39	7	4	3	43	55	12	
3010	39	7	14	7	6	41	15	
3011	39	80	20	2	30	21	140	
3012	55	14	4	18	6	45	15	
3013	55	14	6	3	24	45	247	
3014	59	3	21	18	80	108	15	
3015	59	5	21	2	80	108	249	
3016	59	107	21	2	80	20	15	
3017	74	3	6	4	31	45	13	
3018	74	14	6	4	30	112	8	
3019	74	14	6	4	31	53	15	
3020	96	3	3	3	3	39	95	
3021	96	3	3	14	3	39	95	
3022	102	7	4	3	34	45	15	
3023	153	3	48	153	2	132	58	
3024	153	7	6	14	6	45	12	
3025	153	14	4	3	6	45	15	
3026	116	3	21	50	27	109	13	
3027	116	7	21	2	81	108	90	
3028	116	32	21	34	127	55	5	
3029	5	32	21	34	6	27	5	
3030	9	14	4	3	6	45	15	
3031	25	7	151	3	6	27	37	
3032	74	7	14	34	7	111	12	
3033	102	7	6	14	75	27	37	
3034	25	3	4	54	34	45	15	
3035	55	3	4	54	34	45	15	
3036	2	3	2	9	2	27	5	
3037	25	7	6	3	6	27	22	
3038	31	3	5	4	2	6	5	
3039	2	5	5	4	6	6	5	
3040	162	5	2	2	2	6	5	
3041	25	7	6	3	210	27	37	
3042	33	14	38	12	31	122	15	
3043	47	14	35	28	86	4	6	
3044	163	77	5	2	2	6	5	
3045	1	3	4	3	211	73	112	
3046	21	8	44	19	27	32	22	
3047	33	7	4	9	6	45	15	
3048	21	109	21	19	27	83	22	
3049	21	17	21	19	27	152	22	
3050	13	3	6	4	31	45	13	
3051	80	3	6	4	212	45	13	
3052	80	7	16	7	97	19	14	
3053	6	3	37	2	38	42	12	
3054	62	12	6	1	6	30	20	
3055	70	7	6	4	7	10	67	
3056	80	26	10	78	113	109	12	
3057	33	7	32	133	213	61	48	
3058	33	7	32	134	214	61	48	
3059	4	61	4	4	215	4	22	
3060	35	2	4	4	32	4	4	
3061	1	3	4	3	7	283	112	
3062	1	3	14	3	7	73	112	
3063	2	5	5	9	2	20	5	
3064	2	60	32	158	2	58	48	
3065	4	29	48	18	31	22	22	
3066	24	29	54	9	126	4	15	
3067	4	26	48	18	31	22	22	
3068	2	78	5	9	2	6	20	
3069	80	7	6	4	30	213	56	
3070	11	26	6	4	34	271	119	
3071	24	14	4	14	34	45	22	
3072	2	3	5	9	2	6	16	
3073	4	26	48	19	28	111	22	
3074	2	17	5	9	2	6	5	
3075	13	28	15	6	7	37	15	
3076	1	3	4	3	2	50	112	
3077	5	31	10	34	7	74	5	
3078	3	3	10	50	27	109	12	
3079	59	5	21	2	80	108	5	
3080	2	5	5	9	2	6	146	
3081	106	7	75	1	34	11	15	
3082	35	4	4	4	49	4	20	
3083	160	14	8	4	7	10	22	
3084	62	12	21	1	6	59	72	
3085	62	3	3	3	184	39	114	
3086	87	14	6	35	63	157	95	
3087	3	4	5	2	2	94	5	
3088	2	5	5	4	2	6	16	
3089	2	2	5	4	2	6	16	
3090	8	3	30	4	7	3	8	
3091	62	12	21	1	30	34	72	
3092	62	12	21	1	34	34	72	
3093	8	3	8	4	7	3	17	
3094	62	3	6	1	34	30	4	
3095	3	13	15	6	165	37	15	
3096	3	7	6	1	34	76	15	
3097	6	3	5	3	57	239	12	
3098	2	2	5	2	2	24	27	
3099	96	12	21	1	24	30	4	
3100	36	4	6	4	32	26	4	
3101	13	28	6	2	218	47	22	
3102	4	4	4	4	34	284	4	
3103	3	3	152	2	2	24	5	
3104	21	26	14	44	72	285	84	
3105	35	4	4	4	4	284	4	
3106	36	4	6	4	49	4	268	
3107	165	3	153	1	34	59	4	
3108	164	2	2	31	2	6	5	
3109	166	3	6	4	217	12	12	
3110	166	5	5	159	2	6	5	
3111	167	2	5	159	2	6	16	
3112	4	2	4	4	215	4	270	
3113	4	2	4	4	134	4	269	
3114	29	2	6	157	216	286	20	
3115	2	5	90	9	2	6	5	
3116	4	26	6	18	24	27	112	
3117	109	68	15	34	61	291	209	
3118	24	7	6	9	34	230	15	
3119	55	8	6	2	34	94	15	
3120	4	26	6	18	24	121	112	
3121	109	68	15	34	61	73	209	
3122	1	3	4	3	7	45	8	
3123	1	3	4	3	7	45	112	
3124	28	7	6	1	2	11	15	
3125	33	3	3	3	3	39	95	
3126	21	26	25	9	38	65	12	
3127	28	7	6	1	2	11	40	
3128	2	7	2	4	49	4	4	
3129	28	10	21	1	42	11	15	
3130	59	3	10	2	80	108	15	
3131	6	3	6	4	53	109	13	
3132	59	110	10	2	80	108	47	
3133	14	46	21	2	26	287	272	
3135	80	18	6	2	30	136	271	
3136	3	3	21	160	53	109	13	
3137	21	7	6	2	45	51	47	
3138	13	80	6	108	74	105	12	
3139	21	26	14	18	72	102	12	
3140	14	3	6	4	7	13	8	
3141	60	10	21	1	34	126	15	
3142	33	7	32	26	2	58	48	
3143	2	78	2	9	2	24	5	
3144	2	3	90	9	2	6	19	
3145	60	10	21	1	42	11	15	
3146	80	7	6	2	2	288	112	
3147	2	28	21	2	7	289	15	
3148	21	46	21	28	219	290	5	
3149	35	7	14	4	49	4	4	
3150	35	5	14	9	2	5	5	
3151	8	14	6	4	2	10	8	
3152	60	10	21	1	34	126	12	
3153	33	14	6	4	7	3	8	
3154	8	3	6	9	2	5	5	
3155	13	10	15	4	7	160	15	
3156	2	5	5	9	2	5	5	
3157	3	7	21	2	38	46	12	
3158	3	7	21	2	38	116	12	
3159	3	7	21	2	38	292	12	
3160	4	3	6	4	30	45	22	
3161	4	3	6	4	30	3	159	
3162	24	7	6	14	155	279	22	
3163	4	3	6	4	30	42	22	
3164	4	3	6	4	30	42	89	
3165	13	7	6	95	147	54	12	
3166	4	13	6	4	76	38	192	
3167	4	13	6	4	76	58	192	
3168	152	13	151	4	76	4	161	
3169	23	3	3	3	3	48	95	
3170	8	5	6	12	2	21	5	
3171	13	32	15	19	34	160	15	
3172	2	5	5	9	2	106	5	
3173	8	5	5	12	2	106	5	
3174	2	5	6	157	2	78	5	
3175	13	10	15	6	50	49	15	
3176	2	5	6	12	2	24	30	
3177	2	2	6	12	2	6	5	
3178	31	2	5	9	2	78	5	
3179	2	5	5	12	2	21	5	
3180	4	9	6	4	76	239	12	
3181	4	13	6	4	76	58	60	
3182	4	13	6	4	76	79	161	
3183	4	13	6	4	76	79	32	
3184	24	7	6	14	155	3	22	
3185	133	3	6	95	147	4	12	
3186	4	13	6	4	76	285	60	
3187	4	13	6	4	76	79	12	
3188	4	13	6	4	76	38	161	
3189	24	7	6	14	155	54	22	
3190	4	7	6	4	30	42	22	
3191	7	3	10	3	3	39	95	
3192	3	5	5	2	2	190	25	
3193	35	7	4	4	4	35	4	
3194	4	7	155	5	220	51	14	
3195	4	13	6	4	76	38	42	
3196	33	7	6	9	155	58	22	
3197	4	3	6	4	30	45	89	
3198	13	89	6	95	147	55	12	
3199	4	7	6	4	30	45	22	
3200	4	7	6	4	30	42	89	
3201	77	7	6	14	155	45	12	
3202	53	9	10	36	97	182	35	
3203	4	7	26	114	76	165	82	
3204	53	9	10	36	147	182	35	
3205	53	9	10	36	159	182	10	
3206	4	7	22	56	76	165	35	
3207	4	7	22	114	97	79	82	
3208	33	7	6	14	155	27	37	
3209	4	7	21	2	159	205	90	
3210	54	31	10	36	221	113	111	
3211	74	7	16	162	220	13	9	
3212	70	3	30	4	2	10	8	
3213	3	3	3	117	3	39	273	
3214	5	32	156	164	7	55	274	
3215	2	2	5	9	2	6	20	
3216	2	5	5	137	2	6	5	
3217	35	7	4	4	223	4	123	
3218	29	2	38	163	51	132	20	
3219	2	5	5	163	2	6	5	
3220	168	3	21	106	13	100	15	
3221	4	13	6	4	76	38	12	
3222	4	7	6	4	30	45	89	
3223	24	7	6	14	155	20	22	
3224	4	13	6	4	76	38	81	
3225	4	13	6	4	76	38	195	
3226	24	7	6	14	155	58	22	
3227	24	7	6	9	155	58	22	
3228	13	3	6	132	116	20	12	
3229	24	7	6	14	155	45	22	
3230	4	7	26	114	97	51	82	
3231	13	10	137	6	7	37	15	
3232	24	7	6	3	6	45	37	
3233	5	32	10	121	7	74	5	
3234	24	26	6	3	89	45	15	
3235	6	17	25	18	120	73	6	
3236	5	13	21	34	7	74	5	
3237	5	32	6	34	7	74	5	
3238	3	3	6	4	53	109	12	
3239	55	7	14	3	34	45	15	
3240	33	29	4	7	34	41	15	
3241	27	7	6	3	43	164	148	
3242	3	5	21	4	27	109	13	
3243	9	13	4	14	34	32	18	
3244	25	7	6	3	6	78	37	
3245	161	7	4	3	43	230	12	
3246	8	32	10	34	7	74	5	
3247	3	3	6	4	27	109	226	
3248	5	32	10	34	2	74	5	
3249	4	29	157	7	6	45	137	
3250	169	14	4	3	6	45	15	
3251	5	32	21	34	7	74	19	
3252	60	10	21	165	2	11	15	
3253	5	105	10	34	40	55	5	
3254	13	10	15	6	7	143	15	
3255	53	31	10	36	83	137	111	
3256	5	13	10	34	7	55	5	
3257	4	3	6	4	30	13	89	
3258	4	13	6	4	76	47	195	
3259	4	3	6	4	30	45	35	
3260	4	3	6	4	30	42	35	
3261	4	3	6	4	30	3	89	
3262	3	3	21	50	27	109	35	
3263	13	26	5	3	218	53	12	
3264	74	7	16	7	13	19	52	
3265	13	26	5	3	156	53	12	
3266	13	7	16	2	13	19	52	
3267	74	26	5	3	2	53	12	
3268	13	26	5	3	2	53	12	
3269	2	5	5	9	7	64	5	
3270	2	2	158	9	217	6	5	
3271	4	8	21	19	27	32	22	
3272	70	7	8	4	7	13	8	
3273	80	3	159	4	31	45	1	
3274	55	5	5	2	2	6	261	
3275	2	13	21	1	7	11	249	
3276	74	3	6	2	224	4	275	
3277	170	85	10	34	50	74	5	
3278	24	8	6	166	31	112	20	
3279	134	31	146	164	76	55	216	
