ST	asd	dnaE	gmd	gyrB2	lap	pgm	recA
2	2	9	2	15	2	2	2	
3	2	9	2	9	2	2	4	
4	2	9	2	10	2	30	2	
5	2	9	2	11	2	30	4	
6	2	9	2	2	2	2	2	
7	2	9	2	17	2	6	4	
8	2	9	2	18	2	9	2	
9	2	9	2	19	2	12	4	
10	2	2	2	20	2	14	2	
11	2	9	2	29	2	15	4	
12	2	2	2	29	2	16	2	
13	2	9	2	23	2	17	4	
14	2	9	2	24	2	2	2	
15	2	9	2	29	2	2	4	
16	2	9	2	26	2	2	2	
17	2	9	2	27	2	2	4	
18	33	9	59	2	16	69	35	
19	33	9	37	2	15	70	36	
20	33	9	138	2	15	11	2	
21	33	9	138	2	15	19	4	
22	33	9	43	2	20	82	19	
23	33	9	59	2	21	2	35	
24	33	9	37	2	22	69	36	
25	33	9	138	2	26	70	2	
26	33	9	138	2	28	19	19	
27	33	9	138	2	27	11	4	
28	33	9	2	2	29	82	2	
29	33	9	2	2	30	19	2	
30	33	9	2	2	20	2	2	
31	33	9	2	2	21	2	2	
32	2	9	77	2	2	2	2	
33	2	9	2	2	2	2	4	
34	2	9	2	2	2	2	41	
35	2	9	2	2	29	2	2	
36	2	9	2	2	30	2	4	
37	2	9	2	2	31	2	41	
38	2	9	2	32	32	2	2	
39	2	9	2	2	32	2	2	
40	2	9	77	2	2	2	27	
41	2	9	2	3	2	69	36	
42	2	9	2	29	2	11	2	
43	2	9	2	24	2	19	4	
44	2	9	59	2	15	2	2	
45	2	9	61	2	15	2	4	
46	2	9	70	2	20	2	2	
47	2	9	77	2	21	2	2	
48	2	9	78	2	2	2	2	
49	2	9	79	2	2	2	2	
50	2	9	80	2	2	2	2	
51	2	9	81	2	2	2	2	
52	2	9	83	2	2	2	2	
53	2	9	25	2	2	2	2	
54	2	9	26	2	2	2	2	
55	2	9	27	2	2	2	2	
56	2	10	2	2	2	2	2	
57	2	11	2	2	2	2	2	
58	2	12	2	2	2	2	2	
59	2	9	58	2	16	69	2	
60	2	10	77	2	2	11	4	
61	2	11	58	2	2	19	19	
62	2	12	77	2	21	98	2	
63	2	9	58	2	15	2	2	
64	2	10	73	2	20	10	4	
65	2	11	77	2	20	19	19	
66	2	12	58	2	21	26	9	
67	2	9	73	2	15	90	2	
68	2	2	77	2	15	2	4	
69	2	10	59	2	20	10	19	
70	2	11	73	2	21	19	9	
71	2	12	77	2	2	26	2	
72	2	9	2	2	2	90	2	
73	2	10	11	2	2	2	4	
74	2	11	12	2	3	2	4	
75	2	12	14	2	5	2	2	
76	2	10	16	2	3	2	2	
77	2	11	17	2	5	2	4	
78	2	12	18	2	2	2	2	
79	2	9	19	2	3	2	4	
80	2	10	20	2	5	2	2	
81	2	11	21	2	2	2	4	
82	2	12	22	2	3	2	2	
83	2	9	23	2	5	2	4	
84	2	10	24	2	2	2	2	
85	2	11	25	2	3	2	4	
86	2	12	26	2	5	2	2	
87	2	9	27	2	2	2	4	
88	2	10	28	2	3	2	2	
89	2	11	29	2	5	2	4	
90	2	12	30	2	2	2	2	
91	2	9	31	2	3	2	4	
92	2	10	32	2	5	2	2	
93	2	11	33	2	2	2	4	
94	2	12	32	2	3	2	2	
95	2	9	35	2	5	2	4	
96	8	10	2	2	2	19	2	
97	28	11	2	15	2	19	4	
98	55	12	2	3	2	19	2	
99	28	9	2	9	2	19	4	
100	8	10	2	9	2	19	2	
101	28	11	2	2	2	19	4	
102	55	12	2	2	2	19	2	
103	28	9	2	17	2	19	4	
104	8	10	2	17	2	19	2	
105	28	11	2	18	2	19	4	
106	55	12	2	33	2	19	2	
107	28	9	2	34	2	19	4	
108	8	10	2	35	2	19	2	
109	28	11	2	36	2	19	4	
110	55	12	2	23	2	19	2	
111	28	9	2	24	2	19	4	
112	8	10	2	29	2	19	2	
113	28	11	2	26	2	19	4	
114	55	2	31	27	2	19	2	
115	28	9	2	40	2	19	4	
116	2	10	2	42	2	19	2	
117	2	11	3	2	5	2	2	
118	2	12	3	2	2	2	4	
119	2	9	3	2	38	2	2	
120	2	2	3	2	39	2	4	
121	2	2	3	2	39	2	2	
122	2	2	2	2	2	11	2	
123	2	2	2	2	3	19	4	
124	2	2	2	2	39	19	2	
125	2	10	2	2	5	11	4	
126	2	11	2	2	2	2	4	
127	55	12	2	2	2	2	2	
128	6	9	2	2	2	2	4	
129	7	5	2	2	2	2	2	
130	2	5	2	2	2	2	2	
131	55	5	2	2	2	2	4	
132	6	5	2	2	2	2	2	
133	2	5	2	66	3	2	4	
134	2	5	2	7	2	2	2	
135	2	5	89	2	2	2	2	
136	2	5	127	2	3	2	4	
137	2	5	61	2	2	2	2	
138	2	5	70	2	3	2	4	
139	2	5	9	2	2	2	2	
140	2	5	131	2	3	2	4	
141	2	15	132	2	3	2	4	
142	2	5	81	2	2	2	2	
143	48	5	2	2	22	7	36	
144	49	5	2	2	26	2	2	
145	50	5	2	54	29	23	4	
146	51	2	2	55	15	77	19	
147	52	3	2	55	32	98	38	
148	53	4	2	43	31	28	2	
149	54	2	2	56	20	29	36	
150	55	3	2	57	22	2	2	
151	60	4	2	47	26	7	4	
152	48	2	2	12	29	2	19	
153	49	3	2	59	30	23	9	
154	50	4	2	60	32	77	36	
155	51	2	2	61	31	98	2	
156	52	3	2	62	20	28	4	
157	53	4	2	63	2	29	19	
158	24	2	2	64	2	2	9	
159	55	3	2	65	2	2	2	
160	33	4	2	2	2	2	2	
161	33	2	2	66	2	2	4	
162	2	3	2	7	2	2	2	
163	33	3	2	7	2	2	2	
164	33	4	2	2	2	2	4	
165	33	2	2	2	2	2	2	
166	33	3	2	2	2	2	4	
167	26	4	22	2	2	2	2	
168	26	3	22	2	2	108	2	
169	26	4	22	2	2	98	4	
170	26	2	22	2	2	104	2	
171	26	4	22	2	2	90	2	
172	26	4	22	2	2	2	4	
173	26	3	22	2	2	2	2	
174	26	4	22	2	2	49	4	
175	26	2	22	2	2	108	2	
176	26	3	22	2	2	106	4	
177	26	4	22	2	2	25	2	
178	26	6	22	2	2	110	2	
179	26	42	22	2	2	2	4	
180	26	51	22	2	2	2	2	
181	26	6	22	2	2	111	4	
182	2	42	2	2	39	2	2	
183	2	51	3	2	15	2	4	
184	2	6	2	2	39	2	2	
185	2	42	11	2	15	2	4	
186	2	51	12	2	39	2	2	
187	2	2	73	2	15	2	4	
188	55	3	2	2	2	2	36	
189	55	4	86	2	2	2	2	
190	55	2	54	2	2	2	4	
191	55	3	88	2	2	2	19	
192	55	4	2	2	2	2	36	
193	55	2	86	2	2	2	2	
194	55	3	54	2	2	2	4	
195	55	4	88	2	2	2	19	
196	55	2	2	2	2	2	2	
197	2	2	86	2	2	7	2	
198	2	3	86	2	2	2	4	
199	2	4	89	2	2	2	26	
200	2	2	92	2	2	7	2	
201	2	2	21	2	2	7	4	
202	2	2	92	2	2	7	41	
203	2	2	71	2	2	7	2	
204	2	2	95	2	2	7	4	
205	2	5	96	2	2	7	41	
206	2	5	96	2	2	7	2	
207	2	2	2	2	2	2	2	
208	2	39	2	2	2	2	2	
209	2	40	2	2	2	2	2	
210	2	41	2	2	2	2	2	
211	2	42	2	2	2	2	2	
212	2	43	2	2	2	2	2	
213	2	44	2	2	2	2	2	
214	2	45	2	2	2	68	2	
215	2	46	2	53	2	7	4	
216	2	47	2	67	2	98	2	
217	2	46	2	18	2	104	4	
218	2	50	2	55	2	90	4	
219	2	39	2	43	2	2	2	
220	2	49	2	102	2	23	2	
221	2	40	2	2	2	68	4	
222	2	41	2	45	2	7	2	
223	2	42	2	56	2	98	4	
224	2	43	2	57	2	104	2	
225	2	43	2	47	2	31	4	
226	2	44	2	104	2	90	2	
227	2	45	2	105	2	2	4	
228	2	46	2	106	2	68	2	
229	2	47	2	107	2	7	4	
230	2	46	2	108	2	98	2	
231	2	49	2	109	2	104	4	
232	2	2	2	111	2	90	4	
233	2	2	2	110	2	31	2	
234	2	2	2	112	2	2	2	
235	2	4	2	113	2	68	4	
236	2	14	2	76	2	7	2	
237	2	16	2	77	2	98	4	
238	2	33	2	85	2	104	2	
239	2	35	2	64	2	31	4	
240	2	38	2	35	2	90	2	
241	2	14	2	81	2	68	2	
242	2	4	2	80	2	2	4	
243	2	16	2	119	2	7	4	
244	2	4	2	120	2	98	2	
245	2	14	2	1	2	104	4	
246	2	16	2	129	2	2	2	
247	2	33	2	123	2	90	4	
248	2	35	2	124	2	2	2	
249	2	36	2	129	2	98	4	
250	2	35	2	126	2	7	2	
251	2	4	2	127	2	98	4	
252	2	14	2	128	2	104	2	
253	2	16	2	129	2	31	4	
254	2	33	2	130	2	90	2	
255	2	35	2	131	2	2	4	
256	2	36	2	2	3	2	2	
257	2	35	2	2	3	2	38	
258	2	35	2	2	3	2	19	
259	2	36	2	2	3	2	4	
260	2	35	2	2	8	26	36	
261	2	4	2	2	2	98	2	
262	2	4	2	2	8	82	4	
263	2	14	2	2	8	18	27	
264	2	15	2	2	2	64	38	
265	2	16	2	2	8	63	19	
266	2	15	2	2	8	64	9	
267	2	17	2	2	2	2	4	
268	2	4	138	2	2	94	9	
269	2	14	132	2	2	7	2	
270	2	15	2	2	2	11	4	
271	2	16	2	2	2	30	9	
272	2	15	2	2	2	2	2	
273	2	16	96	2	2	2	2	
274	2	17	36	2	2	2	36	
275	2	4	58	2	2	2	2	
276	2	14	54	2	2	2	4	
277	2	22	2	2	2	2	35	
278	2	35	2	2	2	2	9	
279	40	24	36	2	2	2	35	
280	55	25	37	4	2	2	2	
281	9	4	38	9	2	2	4	
282	10	14	39	10	2	2	9	
283	11	22	93	11	2	2	35	
284	13	35	40	44	2	2	2	
285	13	24	41	51	2	2	4	
286	14	25	42	12	2	2	35	
287	15	42	43	52	2	2	35	
288	16	51	45	56	2	2	2	
289	17	53	46	2	2	2	4	
290	18	54	46	4	2	2	19	
291	19	54	47	9	2	2	35	
292	20	54	48	10	2	2	2	
293	21	54	49	11	2	2	4	
294	22	54	50	44	2	2	19	
295	23	54	54	51	2	2	35	
296	24	54	54	12	2	2	2	
297	2	42	54	52	2	2	4	
298	2	51	54	56	2	2	19	
299	2	53	54	2	2	2	35	
300	2	54	56	4	2	2	2	
301	2	54	58	9	2	2	4	
302	2	54	58	10	2	2	19	
303	2	54	59	11	2	2	35	
304	2	54	60	44	2	2	2	
305	2	54	61	51	2	2	4	
306	2	54	62	12	2	2	19	
307	2	1	37	84	16	8	4	
308	2	42	37	84	16	8	4	
309	2	51	37	85	2	10	19	
310	2	53	37	86	3	11	38	
311	2	54	37	87	39	19	2	
312	2	54	37	88	15	7	4	
313	2	54	37	89	2	8	19	
314	2	54	37	90	16	10	38	
315	2	54	37	91	2	11	2	
316	2	54	37	92	3	19	4	
317	2	54	2	93	39	7	19	
318	2	42	2	94	15	8	38	
319	2	51	2	95	2	10	2	
320	2	53	2	96	16	11	4	
321	2	54	2	97	2	19	19	
322	2	54	2	98	3	2	38	
323	2	54	2	99	39	2	2	
324	2	54	2	100	15	2	2	
325	2	54	37	2	2	2	2	
326	2	54	8	84	2	2	4	
327	2	54	9	85	16	2	19	
328	2	2	2	86	2	2	2	
329	2	42	14	87	3	2	4	
330	2	51	67	88	15	2	19	
331	2	53	68	89	2	2	2	
332	2	54	37	90	2	2	4	
333	40	54	8	91	16	2	19	
334	2	54	2	93	3	2	4	
335	2	54	9	92	2	2	2	
336	2	54	14	94	15	2	19	
337	2	54	67	95	2	2	2	
338	2	54	68	96	2	2	4	
339	2	42	37	97	16	2	19	
340	2	51	8	98	2	2	2	
341	2	53	9	99	3	2	4	
342	2	54	2	100	15	2	19	
343	2	54	14	2	2	2	2	
344	2	54	2	2	2	20	36	
345	2	54	2	15	2	2	2	
346	2	54	2	53	2	98	35	
347	2	54	2	9	2	104	27	
348	2	54	2	100	2	2	38	
349	2	2	2	11	2	2	19	
350	2	6	2	17	2	2	9	
351	2	42	2	34	2	2	2	
352	2	51	2	43	2	2	2	
353	2	6	2	44	2	2	2	
354	2	42	2	47	2	2	2	
355	2	51	2	56	2	2	2	
356	2	42	2	56	2	2	2	
357	2	2	2	2	5	19	2	
358	2	2	2	2	39	2	4	
359	2	2	59	2	39	2	2	
360	2	6	37	2	29	2	4	
361	2	42	138	2	15	2	19	
362	2	51	138	2	15	2	2	
363	2	6	138	2	20	2	2	
364	31	42	59	2	16	2	2	
365	8	51	60	2	2	2	4	
366	32	6	59	2	3	2	19	
367	33	42	60	2	2	2	2	
368	55	51	59	2	2	2	4	
369	34	6	60	2	2	2	19	
370	30	51	60	2	2	2	4	
371	36	6	59	2	16	2	19	
372	2	42	60	2	2	2	2	
373	38	51	59	2	3	2	4	
374	39	2	60	2	2	2	19	
375	40	2	59	2	2	2	2	
376	41	2	60	2	2	2	4	
377	42	2	59	2	2	2	19	
378	44	2	60	2	2	2	2	
379	45	2	59	2	2	2	4	
380	46	2	60	2	2	2	19	
381	47	2	1	2	2	2	2	
382	2	2	59	2	2	2	2	
383	2	2	60	2	2	2	4	
384	2	2	1	2	2	2	19	
385	2	2	59	2	2	20	2	
386	2	2	60	2	2	112	4	
387	2	2	59	2	2	68	2	
388	2	2	59	2	2	112	2	
389	2	2	59	2	2	98	2	
390	2	2	60	2	2	104	4	
391	2	2	59	2	2	30	2	
392	2	2	60	2	2	2	2	
393	2	2	59	2	2	2	4	
394	2	6	59	2	2	52	4	
395	2	7	60	2	2	2	2	
396	2	6	59	2	2	109	4	
397	2	7	60	2	2	1	13	
398	2	6	59	2	2	110	4	
399	2	7	60	2	2	112	2	
400	2	6	2	2	2	112	2	
401	2	7	58	2	2	8	36	
402	2	6	127	2	2	77	2	
403	2	7	11	2	2	74	4	
404	2	6	43	2	3	75	19	
405	2	7	61	2	9	76	10	
406	2	6	62	2	2	78	35	
407	2	7	62	2	2	79	2	
408	2	6	64	2	3	80	4	
409	2	7	65	2	2	81	19	
410	2	6	84	2	22	82	10	
411	2	7	85	2	2	83	35	
412	2	6	86	2	3	77	1	
413	2	7	58	2	9	78	4	
414	2	6	127	2	1	79	19	
415	2	7	11	2	2	80	10	
416	2	2	43	2	3	81	35	
417	2	2	41	2	9	82	1	
418	2	2	42	2	1	83	4	
419	2	2	43	2	2	84	19	
420	2	2	44	2	3	84	10	
421	2	2	45	2	9	83	35	
422	2	2	84	2	1	84	1	
423	2	2	85	2	2	1	4	
424	2	2	86	2	3	85	19	
425	2	2	84	2	9	86	10	
426	2	2	127	2	1	87	19	
427	2	2	11	2	2	88	1	
428	2	2	43	2	3	89	4	
429	2	2	61	2	9	90	19	
430	2	2	131	2	1	91	10	
431	2	2	132	2	2	92	35	
432	2	2	133	2	3	93	2	
433	2	2	132	2	9	94	4	
434	2	2	84	2	2	95	19	
435	2	2	85	2	2	96	10	
436	2	2	86	2	3	97	2	
437	2	2	1	2	1	98	2	
438	2	2	37	2	2	2	2	
439	2	2	127	2	3	2	4	
440	2	2	96	2	2	2	1	
441	2	2	127	2	2	2	4	
442	2	2	61	2	3	2	1	
443	2	2	37	2	2	2	4	
444	2	2	127	2	2	2	1	
445	2	2	2	2	3	2	1	
446	2	2	11	2	2	2	4	
447	2	2	37	2	3	2	2	
448	2	2	61	2	2	2	2	
449	2	6	37	2	3	2	4	
450	2	6	127	2	2	2	2	
451	2	6	127	2	3	2	4	
452	2	6	2	2	2	2	2	
453	2	6	61	2	3	2	4	
454	2	6	2	2	3	2	4	
455	33	6	37	2	2	2	2	
456	33	6	38	2	3	2	4	
457	33	6	12	2	2	2	2	
458	33	6	13	2	3	2	4	
459	33	6	90	2	2	2	2	
460	33	6	16	2	3	2	4	
461	33	6	18	2	3	2	2	
462	33	6	19	2	2	2	4	
463	33	6	11	2	3	2	1	
464	33	6	111	2	2	2	2	
465	33	6	112	2	3	2	4	
466	33	6	113	2	2	2	2	
467	33	6	112	2	3	2	2	
468	33	6	115	2	2	2	4	
469	33	6	116	2	3	2	2	
470	33	6	117	2	2	2	2	
471	33	6	118	2	3	2	4	
472	33	6	119	2	2	2	2	
473	33	2	120	2	3	2	2	
474	33	2	121	2	2	2	4	
475	33	2	122	2	3	2	2	
476	33	6	124	2	3	2	2	
477	33	6	123	2	2	2	4	
478	2	6	2	2	2	20	2	
479	2	6	2	18	2	112	4	
480	2	6	2	43	2	112	2	
481	2	6	2	47	2	98	4	
482	2	6	2	18	2	104	4	
483	2	4	2	43	2	30	2	
484	2	36	2	47	2	31	4	
485	2	35	2	2	2	2	2	
486	2	4	2	18	2	2	4	
487	2	36	2	43	2	2	2	
488	2	35	2	47	2	52	4	
489	2	4	2	2	2	19	2	
490	2	36	2	18	2	106	4	
491	2	35	2	43	2	2	2	
492	2	4	2	47	2	2	4	
493	2	36	2	2	2	2	2	
494	2	35	2	18	2	110	4	
495	2	4	2	43	2	112	2	
496	2	36	2	47	2	111	4	
497	2	35	2	2	2	112	2	
498	2	4	89	2	2	2	2	
499	2	36	15	2	2	2	4	
500	2	35	2	2	2	98	2	
501	2	4	90	2	2	104	4	
502	2	6	2	2	2	52	2	
503	2	6	90	2	2	19	4	
504	2	6	2	2	2	106	2	
505	2	6	90	2	2	2	4	
506	2	2	90	2	2	98	4	
507	2	2	2	2	2	104	2	
508	2	2	90	2	2	52	4	
509	2	2	85	2	30	2	2	
510	2	2	86	10	29	2	4	
511	2	2	85	2	15	2	2	
512	2	2	86	10	31	2	4	
513	2	2	85	2	31	2	2	
514	2	2	86	10	20	2	4	
515	2	2	85	2	21	2	2	
516	2	2	86	10	30	2	4	
517	2	2	85	2	29	2	2	
518	2	2	86	10	15	2	4	
519	2	2	85	2	20	2	2	
520	2	2	86	10	21	2	4	
521	2	2	85	2	2	2	2	
522	2	6	86	10	2	2	4	
523	2	6	85	2	2	70	2	
524	2	6	85	2	2	71	4	
525	2	2	85	2	2	25	2	
526	2	2	85	2	2	82	4	
527	2	2	85	2	2	19	2	
528	2	2	85	2	2	11	2	
529	2	2	59	2	2	19	4	
530	2	2	58	2	2	11	41	
531	2	2	59	2	2	19	9	
532	2	2	2	2	2	7	35	
533	2	2	2	2	2	68	2	
534	2	2	2	2	2	69	4	
535	2	2	2	2	2	70	19	
536	2	2	2	2	2	10	35	
537	2	2	2	2	2	71	2	
538	2	2	2	2	2	11	4	
539	2	2	2	2	2	19	19	
540	2	2	2	2	2	98	2	
541	2	2	2	2	2	90	2	
542	2	2	2	2	38	2	2	
543	2	2	2	2	39	94	4	
544	2	2	2	2	16	2	36	
545	2	2	2	2	2	2	4	
546	2	2	2	2	15	2	35	
547	2	2	2	2	15	2	19	
548	2	2	2	2	21	2	2	
549	2	2	59	2	16	2	2	
550	2	2	60	4	15	2	4	
551	2	2	67	9	15	2	9	
552	2	2	61	10	9	2	2	
553	2	2	11	11	2	2	4	
554	2	2	62	12	2	2	9	
555	2	2	2	2	15	2	2	
556	2	2	2	2	20	2	4	
557	2	2	2	2	21	2	9	
558	2	2	61	2	78	2	2	
559	2	2	62	2	2	2	4	
560	2	2	62	2	2	2	2	
561	2	2	64	2	2	2	4	
562	2	2	2	2	5	2	2	
563	2	2	2	2	39	2	2	
564	2	2	11	2	2	2	36	
565	2	2	43	4	2	2	2	
566	2	2	2	14	2	2	4	
567	1	1	1	1	1	1	1	
