ST	glpF	ilvD	pta	purH	pycA	rpoD	tpiA
1	1	1	1	1	1	1	1
2	2	1	5	2	1	1	1
3	3	3	2	3	2	1	1
4	3	2	2	6	4	3	4
5	1	2	2	6	4	1	4
6	3	2	2	5	4	1	3
7	9	4	6	7	5	4	5
8	5	5	8	8	6	5	7
9	4	1	4	4	3	1	2
10	4	1	20	23	3	1	2
11	3	18	2	24	20	1	1
12	6	6	9	9	7	6	8
13	7	7	10	10	8	7	9
14	9	4	21	7	5	4	5
15	19	19	8	25	21	5	21
16	13	11	12	15	13	12	13
17	13	11	12	15	14	12	13
18	13	11	13	16	13	11	12
19	11	10	12	14	11	10	12
20	12	12	14	17	12	10	12
21	8	8	7	11	9	8	6
22	20	20	7	26	22	8	23
23	21	21	7	27	22	8	24
24	10	9	11	12	10	9	10
25	23	23	23	29	24	9	10
26	22	22	22	28	23	21	22
27	15	14	16	18	16	15	14
28	16	14	17	19	16	16	14
29	17	16	18	20	17	14	16
30	18	17	19	21	18	17	17
31	18	17	19	21	19	17	18
32	14	13	15	13	15	13	11
33	18	17	34	21	19	17	17
34	18	30	19	21	19	24	17
35	1	1	1	1	1	4	1
36	26	24	32	37	25	23	25
37	17	16	31	20	27	14	16
38	18	17	19	21	19	24	17
39	14	25	27	34	15	13	27
40	27	28	30	36	30	2	28
41	28	27	29	34	28	2	26
42	29	26	28	33	29	2	29
43	9	1	1	1	1	1	1
44	1	1	5	38	26	1	1
45	30	15	3	22	32	18	30
46	31	29	33	35	31	22	15
47	36	1	36	43	33	1	33
48	1	1	38	4	1	1	1
49	37	35	39	44	34	1	34
50	38	36	40	45	35	25	35
51	39	37	41	10	36	26	36
52	40	38	42	46	37	27	37
53	17	16	18	20	38	14	16
54	33	14	16	47	16	28	16
55	41	39	43	48	39	29	38
56	1	1	44	49	40	1	1
57	50	53	57	60	53	37	46
58	28	27	29	30	28	2	26
59	24	40	26	32	41	19	19
60	29	41	45	50	42	30	39
61	34	42	46	51	43	31	28
62	43	43	47	52	15	32	28
63	14	13	29	53	44	33	40
64	14	13	48	13	45	13	28
65	44	44	49	13	46	34	28
66	45	45	46	51	47	31	32
67	46	46	50	54	48	20	41
68	47	49	52	57	49	19	43
69	48	50	53	58	50	31	44
70	14	13	47	33	15	35	28
71	29	51	54	50	51	30	45
72	1	48	55	56	34	1	1
73	42	47	51	55	4	1	42
74	49	52	56	59	52	36	3
75	51	54	58	61	54	38	47
76	17	16	18	20	27	14	16
77	17	55	18	20	17	39	16
78	17	16	18	20	38	39	16
79	4	56	59	62	55	40	3
80	52	57	1	63	56	1	33
81	3	48	60	64	2	41	1
82	3	48	2	65	34	41	3
83	53	58	55	38	57	1	48
84	1	1	55	66	1	1	1
85	1	1	1	1	58	1	1
86	1	31	35	40	56	3	49
87	1	1	55	66	26	1	1
88	54	57	61	67	56	1	1
89	55	6	9	9	7	6	8
90	9	59	6	68	5	42	50
91	34	33	62	39	60	31	32
92	56	60	29	53	44	43	29
93	35	44	63	13	15	13	51
94	29	61	54	50	61	30	52
95	29	62	54	50	59	30	53
96	57	42	64	69	50	44	44
97	18	63	19	21	18	17	17
98	58	22	65	70	23	45	54
99	29	62	45	50	59	30	52
100	3	1	36	43	26	1	1
101	62	66	67	74	63	46	55
102	59	64	66	71	34	1	1
103	1	57	43	72	40	1	1
104	36	1	5	1	62	1	56
105	3	64	44	66	2	3	3
106	63	24	68	76	68	49	59
107	3	48	2	66	34	1	3
108	61	65	55	73	4	1	63
109	60	68	65	75	66	53	58
110	68	33	74	80	49	54	32
111	64	13	70	34	64	50	60
112	14	13	69	33	15	51	62
113	17	16	18	20	27	39	16
114	17	16	18	77	27	14	16
115	14	69	71	33	29	13	28
116	33	16	18	20	17	14	16
117	24	40	24	30	41	19	19
118	65	70	67	78	65	52	61
119	66	14	16	19	16	16	14
120	67	67	72	79	69	47	57
121	67	67	73	79	70	48	57
122	25	46	25	31	67	20	20
123	3	31	35	40	56	3	4
124	54	71	75	81	71	1	1
125	61	72	76	82	34	55	64
126	33	83	17	47	16	16	14
127	69	83	16	47	72	16	14
128	75	64	35	83	79	56	1
130	1	1	35	85	56	3	4
131	1	1	35	86	56	1	49
132	35	44	63	13	15	34	26
133	29	77	80	34	44	2	28
134	72	78	81	87	76	58	67
135	29	79	54	88	42	30	53
136	14	80	29	90	44	43	29
137	14	13	48	13	45	19	28
138	43	40	47	52	15	32	28
139	29	41	54	89	51	31	68
140	34	33	82	51	77	31	32
141	29	44	29	34	44	59	28
142	3	48	83	91	34	60	3
143	73	81	84	92	78	36	3
144	74	82	85	93	78	36	3
145	59	48	55	56	34	1	1
146	9	73	6	68	5	61	5
147	9	59	6	7	5	61	5
148	35	44	29	94	45	13	28
149	14	84	47	13	80	13	28
150	9	85	6	7	5	61	5
151	77	87	87	96	81	62	44
152	78	88	88	97	82	46	65
153	33	75	16	47	74	16	14
154	78	88	88	97	82	63	65
155	15	74	102	47	73	16	14
156	85	92	92	39	87	31	32
157	81	93	93	101	88	19	69
158	68	94	70	102	89	70	73
159	86	60	70	103	90	71	74
160	68	91	94	104	91	72	75
161	87	95	47	105	30	2	28
162	43	96	95	34	15	73	27
163	88	13	27	33	92	35	26
164	68	60	70	106	93	74	76
165	14	26	29	107	94	75	28
166	43	13	96	34	15	73	27
167	29	51	97	108	51	30	68
168	34	97	98	109	77	31	28
169	34	33	82	51	77	31	28
170	29	41	54	50	59	30	77
171	89	98	99	110	95	76	19
172	34	42	100	57	77	31	32
173	29	79	54	88	42	30	78
174	29	99	54	88	61	30	77
175	35	34	15	13	80	13	31
176	91	3	103	112	96	1	63
177	92	101	104	113	97	78	41
178	24	102	104	114	98	79	66
179	93	98	99	115	95	76	19
180	33	14	17	47	16	15	14
181	33	83	102	116	74	80	14
182	94	75	17	42	72	16	79
183	15	83	17	47	16	16	80
184	95	103	105	117	99	81	81
185	17	16	106	20	17	14	16
186	33	16	18	20	38	14	16
187	33	16	18	118	38	14	16
188	2	104	20	4	1	1	1
189	3	57	1	1	1	1	1
190	3	57	1	56	1	1	1
191	1	1	36	1	26	1	1
192	3	2	4	4	34	1	3
193	2	106	5	1	26	1	1
194	1	89	4	4	1	1	2
195	2	89	4	4	1	1	1
196	61	104	55	66	1	1	1
197	52	57	1	63	1	1	33
198	2	1	5	49	26	1	1
199	1	57	44	38	26	1	1
200	2	1	5	1	1	1	1
201	36	1	36	1	33	1	33
202	2	1	5	1	26	1	1
203	4	1	5	38	3	1	2
204	2	1	4	1	26	1	1
205	2	1	6	1	26	1	1
206	36	48	5	56	34	41	1
207	1	111	2	6	4	3	1
208	1	1	2	6	4	3	1
209	3	113	2	86	34	1	1
210	1	2	2	6	4	3	1
211	1	65	35	86	56	3	49
212	3	2	35	6	4	1	4
213	3	111	4	6	4	1	4
214	3	31	35	38	4	3	1
215	1	1	108	119	26	1	1
216	61	105	5	120	56	1	82
217	102	1	1	1	25	1	64
218	102	1	1	1	26	1	64
219	101	64	5	121	84	1	56
220	61	105	20	122	100	1	56
221	1	65	107	1	102	1	64
222	99	65	109	123	26	1	64
223	59	57	55	124	34	1	1
224	61	105	20	122	4	1	56
225	59	18	110	125	101	1	1
226	3	2	20	122	34	1	3
227	98	65	111	128	34	82	1
228	49	1	36	49	105	1	22
229	1	109	43	1	2	83	83
230	1	57	20	129	104	1	1
231	3	37	2	122	34	1	3
232	100	3	2	66	103	1	1
233	101	108	43	127	101	3	86
234	98	3	61	126	101	82	84
235	99	56	59	128	101	40	85
236	3	107	112	4	4	3	4
237	3	110	20	132	34	84	1
238	32	65	43	133	55	41	87
239	1	65	35	86	4	3	49
240	36	1	112	6	4	1	1
241	54	112	113	130	107	1	88
242	3	48	83	131	34	1	89
243	3	111	36	130	2	60	91
244	97	39	43	48	106	1	3
245	103	1	35	40	56	3	4
246	97	39	43	48	106	1	90
247	29	77	80	34	29	2	28
248	29	61	114	134	42	30	52
249	3	89	35	4	108	3	4
250	3	57	61	1	4	1	1
251	2	89	4	4	1	1	87
252	3	114	36	135	2	60	91
